Id,Elevation,Aspect,Slope,Horizontal_Distance_To_Hydrology,Vertical_Distance_To_Hydrology,Horizontal_Distance_To_Roadways,Hillshade_9am,Hillshade_Noon,Hillshade_3pm,Horizontal_Distance_To_Fire_Points,Cover_Type,soil_type,wilderness_area
1,2596,51,3,258,0,510,221,232,148,6279,Aspen,Legault,Rawah
2,2590,56,2,212,-6,390,220,235,151,6225,Aspen,Legault,Rawah
3,2804,139,9,268,65,3180,234,238,135,6121,Lodgepole Pine,Legault,Rawah
4,2785,155,18,242,118,3090,238,238,122,6211,Lodgepole Pine,Legault,Rawah
5,2595,45,2,153,-1,391,220,234,150,6172,Aspen,Legault,Rawah
6,2579,132,6,300,-15,67,230,237,140,6031,Lodgepole Pine,Legault,Rawah
7,2606,45,7,270,5,633,222,225,138,6256,Aspen,Legault,Rawah
8,2605,49,4,234,7,573,222,230,144,6228,Aspen,Legault,Rawah
9,2617,45,9,240,56,666,223,221,133,6244,Aspen,Legault,Rawah
10,2612,59,10,247,11,636,228,219,124,6230,Aspen,Legault,Rawah
11,2612,201,4,180,51,735,218,243,161,6222,Aspen,Rogert,Rawah
12,2886,151,11,371,26,5253,234,240,136,4051,Lodgepole Pine,Legault,Rawah
13,2742,134,22,150,69,3215,248,224,92,6091,Lodgepole Pine,Legault,Rawah
14,2609,214,7,150,46,771,213,247,170,6211,Aspen,Rogert,Rawah
15,2503,157,4,67,4,674,224,240,151,5600,Aspen,Rogert,Rawah
16,2495,51,7,42,2,752,224,225,137,5576,Aspen,Cryaquolis,Rawah
17,2610,259,1,120,-1,607,216,239,161,6096,Aspen,Legault,Rawah
18,2517,72,7,85,6,595,228,227,133,5607,Aspen,Rogert,Rawah
19,2504,0,4,95,5,691,214,232,156,5572,Aspen,Rogert,Rawah
20,2503,38,5,85,10,741,220,228,144,5555,Aspen,Rogert,Rawah
21,2501,71,9,60,8,767,230,223,126,5547,Aspen,Rogert,Rawah
22,2880,209,17,216,30,4986,206,253,179,4323,Lodgepole Pine,Legault,Rawah
23,2768,114,23,192,82,3339,252,209,71,5972,Aspen,Legault,Rawah
24,2511,54,8,124,0,638,225,222,130,5569,Aspen,Rogert,Rawah
25,2507,22,9,120,14,732,215,221,143,5534,Aspen,Rogert,Rawah
26,2492,135,6,0,0,860,229,237,142,5494,Aspen,Rogert,Rawah
27,2489,163,10,30,-4,849,230,243,145,5486,Aspen,Rogert,Rawah
28,2962,148,16,323,23,5916,240,236,120,3395,Lodgepole Pine,Legault,Rawah
29,2811,135,1,212,30,3670,220,238,154,5643,Lodgepole Pine,Legault,Rawah
30,2739,117,24,127,53,3281,253,210,71,6033,Aspen,Legault,Rawah
31,2703,122,30,67,27,3191,254,201,52,6123,Aspen,Legault,Rawah
32,2522,105,7,120,1,595,233,231,130,5569,Aspen,Rogert,Rawah
33,2519,102,6,124,4,616,230,233,137,5559,Aspen,Rogert,Rawah
34,2516,23,6,150,4,658,216,227,147,5541,Aspen,Rogert,Rawah
35,2515,41,9,162,4,680,221,220,133,5532,Aspen,Rogert,Rawah
36,2900,45,19,242,20,5199,221,195,100,4115,Lodgepole Pine,Legault,Rawah
37,2709,125,28,67,23,3224,253,207,61,6094,Aspen,Legault,Rawah
38,2511,92,7,182,18,722,231,229,131,5494,Aspen,Rogert,Rawah
39,2749,98,30,124,53,3316,252,183,36,6005,Aspen,Legault,Rawah
40,2686,354,12,0,0,3167,200,219,157,6155,Aspen,Legault,Rawah
41,2699,347,3,0,0,2096,213,234,159,6853,Spruce_Fir,Cryaquolis,Rawah
42,2570,346,2,0,0,331,215,235,158,5745,Lodgepole Pine,Legault,Rawah
43,2533,71,9,150,-3,577,230,223,126,5552,Aspen,Rogert,Rawah
44,2703,330,27,30,17,3141,146,197,184,6186,Aspen,Cryaquolis,Rawah
45,2678,128,5,95,23,1660,229,236,141,6546,Lodgepole Pine,Legault,Rawah
46,2529,68,8,210,-5,666,228,225,130,5484,Aspen,Rogert,Rawah
47,2524,94,7,212,-4,684,232,229,130,5474,Aspen,Rogert,Rawah
48,2536,99,6,234,0,659,230,232,136,5475,Aspen,Rogert,Rawah
49,2498,66,6,95,7,900,227,227,135,5357,Aspen,Rogert,Rawah
50,2489,100,7,85,13,810,232,231,131,5334,Aspen,Rogert,Rawah
51,2713,117,30,60,17,3297,254,198,48,6039,Aspen,Legault,Rawah
52,2739,323,25,85,43,3118,149,205,192,6219,Spruce_Fir,Legault,Rawah
53,2696,72,2,30,0,3271,222,234,149,6071,Spruce_Fir,Legault,Rawah
54,2510,79,14,192,19,891,237,215,106,5325,Aspen,Rogert,Rawah
55,2502,81,7,175,11,912,230,227,129,5316,Aspen,Rogert,Rawah
56,2722,315,24,30,19,3216,148,212,200,6132,Spruce_Fir,Cryaquolis,Rawah
57,2500,74,11,190,9,930,233,219,116,5279,Aspen,Rogert,Rawah
58,2486,68,5,180,-4,870,225,230,139,5262,Aspen,Rogert,Rawah
59,2489,11,4,175,13,840,216,232,153,5254,Aspen,Rogert,Rawah
60,2489,42,6,162,13,810,221,227,141,5247,Aspen,Rogert,Rawah
61,2490,75,5,134,17,810,227,230,137,5218,Aspen,Rogert,Rawah
62,2952,107,11,42,7,5845,239,226,116,3509,Lodgepole Pine,Legault,Rawah
63,2705,90,8,134,22,2023,232,228,129,6615,Lodgepole Pine,Legault,Rawah
64,2507,40,7,153,10,930,221,224,138,5221,Aspen,Rogert,Rawah
65,2500,49,14,150,27,870,225,210,116,5205,Aspen,Rogert,Rawah
66,2493,63,10,127,20,840,229,221,124,5197,Aspen,Rogert,Rawah
67,2509,59,7,134,10,900,226,226,134,5184,Aspen,Rogert,Rawah
68,2919,13,13,90,6,5321,207,214,142,4060,Spruce_Fir,Legault,Rawah
69,2740,54,6,218,42,2287,224,227,138,6686,Lodgepole Pine,Legault,Rawah
70,2640,80,8,180,-2,1092,231,225,127,5866,Lodgepole Pine,Legault,Rawah
71,2843,166,12,242,53,4434,230,244,144,4956,Lodgepole Pine,Legault,Rawah
72,3008,45,14,277,10,6371,223,208,116,3036,Lodgepole Pine,Legault,Rawah
73,2893,114,16,108,30,5066,245,223,102,4340,Lodgepole Pine,Legault,Rawah
74,2850,6,9,0,0,4858,210,223,151,4548,Lodgepole Pine,Cryaquolis,Rawah
75,2628,30,10,240,19,960,217,218,136,5645,Lodgepole Pine,Legault,Rawah
76,2864,118,18,201,74,4567,248,221,93,4849,Lodgepole Pine,Legault,Rawah
77,2827,160,28,134,65,3948,235,233,108,5474,Lodgepole Pine,Legault,Rawah
78,2529,326,5,30,14,1062,207,234,166,5047,Lodgepole Pine,Cryaquolis,Rawah
79,2808,99,7,382,95,3107,233,230,130,6341,Spruce_Fir,Legault,Rawah
80,2840,153,26,134,42,4613,241,231,102,4833,Lodgepole Pine,Legault,Rawah
81,2795,79,10,531,96,2980,233,223,121,6497,Spruce_Fir,Cryaquolis,Rawah
82,2746,143,16,67,22,2440,241,235,119,6597,Lodgepole Pine,Legault,Rawah
83,2847,352,26,150,82,3697,166,187,152,5796,Spruce_Fir,Legault,Rawah
84,2840,14,14,216,88,3552,206,210,140,5944,Spruce_Fir,Legault,Rawah
85,2537,42,7,210,17,1132,222,224,137,4919,Lodgepole Pine,Rogert,Rawah
86,2860,358,17,175,98,3705,191,206,151,5800,Spruce_Fir,Legault,Rawah
87,2818,332,26,30,17,4526,151,197,181,4978,Lodgepole Pine,Legault,Rawah
88,2801,18,7,560,58,3084,215,226,148,6457,Lodgepole Pine,Legault,Rawah
89,2791,63,10,418,48,2942,229,221,124,6606,Lodgepole Pine,Legault,Rawah
90,2745,306,11,67,24,2416,190,234,184,6428,Lodgepole Pine,Legault,Rawah
91,2514,102,6,272,-5,1082,230,233,137,4811,Lodgepole Pine,Rogert,Rawah
92,2788,13,16,30,8,4126,203,206,137,5396,Lodgepole Pine,Legault,Rawah
93,2562,354,12,67,9,1057,200,218,156,5031,Lodgepole Pine,Legault,Rawah
94,3073,173,12,108,-3,6836,227,246,149,2735,Lodgepole Pine,Legault,Rawah
95,2978,71,10,426,85,5742,231,221,121,3792,Lodgepole Pine,Legault,Rawah
96,2860,31,10,295,98,3644,218,218,135,5904,Spruce_Fir,Legault,Rawah
97,3067,164,11,85,7,6811,230,243,144,2774,Lodgepole Pine,Legault,Rawah
98,2804,72,5,543,61,3115,225,231,141,6471,Lodgepole Pine,Legault,Rawah
99,2562,59,3,0,0,1116,221,233,148,5091,Lodgepole Pine,Cryaquolis,Rawah
100,2567,34,9,190,16,1136,219,221,138,4924,Lodgepole Pine,Rogert,Rawah
101,2998,45,8,351,16,5842,223,222,134,3721,Lodgepole Pine,Legault,Rawah
102,2684,84,12,150,2,1677,237,220,113,5693,Lodgepole Pine,Legault,Rawah
103,2676,42,11,150,-5,1634,222,216,128,5655,Lodgepole Pine,Legault,Rawah
104,2863,102,15,190,71,4389,244,219,100,5184,Spruce_Fir,Legault,Rawah
105,2574,170,5,170,23,1180,224,242,153,4910,Lodgepole Pine,Rogert,Rawah
106,2511,211,6,162,30,1071,216,245,166,4660,Lodgepole Pine,Rogert,Rawah
107,3067,32,4,30,-2,6679,219,230,147,2947,Lodgepole Pine,Cryaquolis,Rawah
108,2909,57,16,134,23,5502,229,203,102,4084,Lodgepole Pine,Legault,Rawah
109,2863,348,14,309,89,3918,193,216,161,5695,Spruce_Fir,Legault,Rawah
110,2567,333,1,0,0,1266,216,237,158,5079,Lodgepole Pine,Cryaquolis,Rawah
111,3182,105,11,408,33,6000,240,226,115,1184,Spruce_Fir,Legault,Rawah
112,2818,324,12,242,26,4156,189,227,177,5467,Spruce_Fir,Cryaquolis,Rawah
113,2752,332,6,342,24,2372,207,233,165,6131,Lodgepole Pine,Legault,Rawah
114,2751,88,5,400,30,2322,228,231,137,6088,Lodgepole Pine,Legault,Rawah
115,2569,102,7,228,18,1266,232,231,132,4844,Lodgepole Pine,Rogert,Rawah
116,3195,111,15,469,46,5941,245,222,101,1206,Spruce_Fir,Legault,Rawah
117,2982,53,14,240,63,5756,227,209,112,3880,Lodgepole Pine,Legault,Rawah
118,2850,58,6,295,58,4394,225,227,137,5239,Spruce_Fir,Legault,Rawah
119,2586,76,4,190,30,1290,225,232,143,4875,Lodgepole Pine,Rogert,Rawah
120,2837,17,13,330,45,4241,208,211,138,5428,Spruce_Fir,Legault,Rawah
121,2723,99,6,301,34,2109,230,232,136,5793,Lodgepole Pine,Legault,Rawah
122,3070,0,11,30,-6,6890,204,220,153,2858,Lodgepole Pine,Legault,Rawah
123,3057,124,12,150,53,6508,240,231,118,3211,Lodgepole Pine,Legault,Rawah
124,2818,119,19,30,10,5213,248,220,92,4497,Lodgepole Pine,Legault,Rawah
125,2847,320,33,85,39,4983,120,190,199,4727,Lodgepole Pine,Legault,Rawah
126,2606,112,11,30,4,1584,239,228,119,5106,Lodgepole Pine,Cryaquolis,Rawah
127,2893,83,6,551,101,4011,229,230,135,5755,Lodgepole Pine,Legault,Rawah
128,2716,1,10,234,27,2100,206,222,153,5581,Lodgepole Pine,Legault,Rawah
129,2644,125,20,67,25,1719,249,221,90,5168,Lodgepole Pine,Legault,Rawah
130,2613,37,5,216,34,1519,220,229,146,4818,Lodgepole Pine,Legault,Rawah
131,2929,356,12,0,0,5757,201,219,155,4017,Lodgepole Pine,Leighcan,Rawah
132,2767,307,12,30,8,2796,187,233,186,6192,Lodgepole Pine,Legault,Rawah
133,2991,49,13,85,0,6199,225,211,117,3613,Spruce_Fir,Leighcan,Rawah
134,2939,56,18,95,20,5563,229,200,98,4224,Lodgepole Pine,Leighcan,Rawah
135,2537,7,12,0,0,1583,205,216,148,4509,Lodgepole Pine,Cryaquolis,Rawah
136,3119,119,7,162,10,6660,233,234,133,2556,Lodgepole Pine,Legault,Rawah
137,2942,346,12,30,3,5918,197,221,162,3900,Spruce_Fir,Leighcan,Rawah
138,2886,12,7,570,94,4295,213,226,150,5518,Spruce_Fir,Legault,Rawah
139,2775,344,13,42,7,2854,194,219,164,6177,Lodgepole Pine,Legault,Rawah
140,2490,79,9,240,13,878,232,224,124,4184,Lodgepole Pine,Rogert,Rawah
141,3106,228,18,658,108,5984,191,254,196,1655,Spruce_Fir,Legault,Rawah
142,2831,284,24,60,23,5208,145,232,222,4611,Lodgepole Pine,Leighcan,Rawah
143,2837,112,8,272,16,3649,235,231,128,6221,Lodgepole Pine,Legault,Rawah
144,2890,299,23,180,79,5104,150,224,212,4734,Lodgepole Pine,Leighcan,Rawah
145,2824,135,5,218,6,3583,227,238,144,6316,Lodgepole Pine,Cryaquolis,Rawah
146,2728,135,3,242,32,2250,224,238,150,5515,Lodgepole Pine,Legault,Rawah
147,2962,88,16,190,23,6095,242,212,95,3811,Spruce_Fir,Leighcan,Rawah
148,3142,220,11,424,69,6216,207,251,179,1989,Lodgepole Pine,Legault,Rawah
149,2847,2,6,175,10,3757,212,229,154,6194,Lodgepole Pine,Cryaquolis,Rawah
150,2536,34,5,242,16,1242,219,228,146,4201,Lodgepole Pine,Rogert,Rawah
151,3168,95,6,30,0,4884,229,231,136,1239,Spruce_Fir,Legault,Rawah
152,2926,289,24,210,99,5126,145,228,220,4814,Spruce_Fir,Leighcan,Rawah
153,2893,21,6,295,36,4106,216,227,148,5865,Lodgepole Pine,Legault,Rawah
154,2687,20,11,150,39,1986,212,217,140,4936,Lodgepole Pine,Legault,Rawah
155,3109,211,17,424,55,6089,204,254,181,2017,Lodgepole Pine,Legault,Rawah
156,3119,200,20,60,0,6297,208,253,172,2377,Lodgepole Pine,Legault,Rawah
157,2916,349,10,488,36,4472,202,223,160,5502,Spruce_Fir,Legault,Rawah
158,2795,18,3,218,17,3042,217,233,153,6073,Lodgepole Pine,Legault,Rawah
159,2555,58,14,285,19,1231,230,209,109,4159,Lodgepole Pine,Rogert,Rawah
160,2499,42,13,497,-7,953,222,212,123,3950,Lodgepole Pine,Rogert,Rawah
161,3027,173,11,335,42,5678,227,245,149,1900,Spruce_Fir,Legault,Rawah
162,3096,160,15,85,16,6156,234,242,135,2310,Spruce_Fir,Legault,Rawah
163,2916,105,13,268,89,5618,242,223,108,4417,Lodgepole Pine,Legault,Rawah
164,2591,42,12,350,22,1398,222,213,125,4224,Lodgepole Pine,Legault,Rawah
165,3185,328,16,127,13,4763,178,219,180,1392,Spruce_Fir,Legault,Rawah
166,3021,221,10,324,39,5675,208,250,177,1937,Spruce_Fir,Legault,Rawah
167,3083,257,4,510,-25,6363,209,242,171,2873,Lodgepole Pine,Legault,Rawah
168,2860,276,33,60,33,5292,115,226,240,4759,Lodgepole Pine,Leighcan,Rawah
169,3008,196,15,228,20,5535,215,251,166,1924,Lodgepole Pine,Cryaquolis,Rawah
170,3034,189,14,384,66,5754,220,250,160,2012,Spruce_Fir,Legault,Rawah
171,2873,130,16,67,16,4030,244,230,110,6091,Lodgepole Pine,Legault,Rawah
172,3182,49,13,319,7,4767,225,211,118,1513,Spruce_Fir,Legault,Rawah
173,2998,102,12,384,158,6026,239,225,114,4121,Lodgepole Pine,Legault,Rawah
174,2658,357,20,300,54,1597,184,199,149,4286,Lodgepole Pine,Legault,Rawah
175,3175,15,7,366,92,4816,214,226,149,1584,Spruce_Fir,Legault,Rawah
176,2952,8,7,488,125,4953,212,227,152,5192,Spruce_Fir,Cryaquolis,Rawah
177,2622,95,12,484,39,1329,239,222,112,4086,Lodgepole Pine,Legault,Rawah
178,2955,288,21,247,128,5224,156,233,215,4968,Lodgepole Pine,Leighcan,Rawah
179,2837,66,9,201,23,3655,229,221,124,6341,Lodgepole Pine,Cryaquolis,Rawah
180,3182,45,3,458,109,4723,220,232,149,1661,Spruce_Fir,Legault,Rawah
181,3077,129,3,618,43,6296,225,237,147,3261,Lodgepole Pine,Legault,Rawah
182,2755,320,4,30,-1,2890,209,236,165,5468,Lodgepole Pine,Legault,Rawah
183,3047,28,11,600,13,6414,216,215,134,3540,Spruce_Fir,Legault,Rawah
184,2880,86,12,30,3,4369,237,221,113,5906,Lodgepole Pine,Legault,Rawah
185,3221,292,3,424,49,4401,212,238,165,1710,Spruce_Fir,Legault,Rawah
186,3182,115,10,553,10,4605,237,231,124,1768,Spruce_Fir,Legault,Rawah
187,3064,29,24,150,46,5051,204,182,104,2148,Spruce_Fir,Legault,Rawah
188,2827,332,15,42,9,3599,185,221,174,6067,Lodgepole Pine,Legault,Rawah
189,2518,107,5,360,39,553,229,234,139,3522,Lodgepole Pine,Rogert,Rawah
190,3050,180,4,277,-3,5782,221,242,156,2721,Spruce_Fir,Legault,Rawah
191,3107,356,12,283,89,4855,201,219,155,2069,Spruce_Fir,Legault,Rawah
192,2995,173,15,268,135,6312,228,246,146,4135,Lodgepole Pine,Legault,Rawah
193,2721,164,4,67,-2,1747,224,241,152,4191,Lodgepole Pine,Legault,Rawah
194,3182,116,7,579,10,4425,233,233,133,1854,Spruce_Fir,Legault,Rawah
195,2724,132,11,60,-2,2720,238,234,124,4875,Lodgepole Pine,Legault,Rawah
196,2515,90,9,313,39,511,233,227,125,3451,Lodgepole Pine,Rogert,Rawah
197,3017,46,22,212,52,5118,221,188,92,2352,Spruce_Fir,Legault,Rawah
198,3077,256,4,618,210,6230,210,242,170,3734,Lodgepole Pine,Legault,Rawah
199,2929,338,8,190,39,4393,202,228,165,6106,Lodgepole Pine,Legault,Rawah
200,2735,127,12,67,6,2806,240,232,120,4924,Lodgepole Pine,Legault,Rawah
201,2893,319,20,150,43,5825,164,217,192,4667,Lodgepole Pine,Leighcan,Rawah
202,3231,45,4,648,59,4173,221,231,147,1921,Spruce_Fir,Legault,Rawah
203,2560,89,10,218,34,731,235,224,120,3505,Lodgepole Pine,Legault,Rawah
204,3162,43,15,484,144,4657,221,205,115,2188,Spruce_Fir,Legault,Rawah
205,2982,188,14,120,-2,5501,220,250,160,2750,Spruce_Fir,Legault,Rawah
206,2731,66,5,0,0,2826,225,230,141,4873,Lodgepole Pine,Cryaquolis,Rawah
207,3172,50,11,759,0,4287,225,215,123,2037,Spruce_Fir,Cryaquolis,Rawah
208,2916,138,21,127,49,6349,247,227,98,4206,Lodgepole Pine,Legault,Rawah
209,2890,63,17,153,35,3670,233,202,96,5757,Lodgepole Pine,Legault,Rawah
210,2704,45,10,323,22,1323,223,219,130,3734,Lodgepole Pine,Legault,Rawah
211,3198,23,18,604,180,4545,207,200,124,2285,Spruce_Fir,Legault,Rawah
212,2985,214,5,342,63,5495,215,245,166,3195,Lodgepole Pine,Legault,Rawah
213,3011,323,21,443,161,5838,164,214,188,4910,Lodgepole Pine,Leighcan,Rawah
214,3024,312,18,474,177,5785,169,224,194,4961,Lodgepole Pine,Leighcan,Rawah
215,2763,7,12,85,17,2850,205,216,148,4788,Lodgepole Pine,Leighcan,Rawah
216,3244,56,16,618,76,3865,229,204,104,2225,Spruce_Fir,Cryorthents,Rawah
217,2955,9,10,85,10,5167,209,221,149,2819,Spruce_Fir,Cryaquolis,Rawah
218,3201,10,13,984,180,4136,205,213,143,2289,Spruce_Fir,Cryaquolis,Rawah
219,2972,36,25,30,0,5113,209,176,90,2816,Spruce_Fir,Legault,Rawah
220,2985,167,13,458,66,5571,230,244,144,3519,Lodgepole Pine,Legault,Rawah
221,2539,23,17,90,15,488,207,201,125,3115,Lodgepole Pine,Legault,Rawah
222,3001,260,8,720,134,5790,200,245,183,3903,Lodgepole Pine,Legault,Rawah
223,2952,51,10,150,16,5123,225,218,126,2960,Spruce_Fir,Cryaquolis,Rawah
224,2962,211,13,255,43,5365,209,252,177,3337,Lodgepole Pine,Legault,Rawah
225,3004,0,12,484,85,5068,202,217,152,5840,Spruce_Fir,Legault,Rawah
226,2727,45,4,124,21,2285,221,231,147,4245,Lodgepole Pine,Legault,Rawah
227,3004,167,17,603,137,5798,232,244,137,4031,Lodgepole Pine,Legault,Rawah
228,2886,22,8,285,31,3849,215,222,144,5557,Lodgepole Pine,Legault,Rawah
229,3024,344,8,600,105,5201,203,227,163,5764,Spruce_Fir,Legault,Rawah
230,3034,187,14,335,148,6084,221,249,158,4921,Lodgepole Pine,Legault,Rawah
231,2903,279,13,190,26,4179,184,241,197,5904,Lodgepole Pine,Legault,Rawah
232,2926,245,4,30,7,5180,212,243,169,3331,Spruce_Fir,Cryaquolis,Rawah
233,2942,200,16,180,23,5276,212,252,170,3470,Lodgepole Pine,Legault,Rawah
234,2991,54,13,495,65,4849,227,211,115,6214,Lodgepole Pine,Legault,Rawah
235,2742,116,9,150,21,2475,236,231,126,4314,Lodgepole Pine,Legault,Rawah
236,2606,356,18,67,26,911,188,205,152,3174,Lodgepole Pine,Legault,Rawah
237,3244,326,5,750,53,3730,207,234,166,2460,Spruce_Fir,Cryaquolis,Rawah
238,3237,27,14,997,36,4002,213,210,130,2506,Spruce_Fir,Cryaquolis,Rawah
239,2616,359,24,42,15,977,176,187,142,3186,Lodgepole Pine,Legault,Rawah
240,2913,16,11,457,58,3974,211,217,142,5568,Lodgepole Pine,Legault,Rawah
241,2813,48,7,201,35,3018,223,225,137,4729,Lodgepole Pine,Leighcan,Rawah
242,2530,149,1,319,51,234,221,238,154,2726,Lodgepole Pine,Legault,Rawah
243,3260,45,7,503,69,3558,222,225,138,2531,Spruce_Fir,Cryorthents,Rawah
244,3047,90,3,870,128,5484,224,234,146,5635,Lodgepole Pine,Legault,Rawah
245,2955,60,20,201,33,4934,231,195,88,3248,Spruce_Fir,Legault,Rawah
246,2893,77,13,85,7,6012,236,215,107,4682,Lodgepole Pine,Legault,Rawah
247,2965,38,24,247,49,4883,212,181,92,3315,Spruce_Fir,Legault,Rawah
248,3037,230,15,570,151,5985,196,252,191,5238,Lodgepole Pine,Legault,Rawah
249,3027,152,10,792,108,5316,233,240,138,5912,Lodgepole Pine,Legault,Rawah
250,2756,70,16,120,35,2501,235,208,100,4210,Lodgepole Pine,Legault,Rawah
251,2939,325,6,510,62,4078,206,234,167,5584,Lodgepole Pine,Cryaquolis,Rawah
252,3198,126,9,418,23,4200,235,234,130,2858,Spruce_Fir,Cryaquolis,Rawah
253,3195,90,7,362,20,4243,231,229,132,2880,Spruce_Fir,Cryaquolis,Rawah
254,2975,222,6,360,89,5719,213,245,169,4519,Lodgepole Pine,Legault,Rawah
255,2890,84,13,30,4,5918,238,218,108,4761,Lodgepole Pine,Legault,Rawah
256,3018,109,10,815,132,5833,238,229,121,5486,Lodgepole Pine,Legault,Rawah
257,3011,85,5,842,85,5389,228,231,137,5975,Lodgepole Pine,Legault,Rawah
258,3221,79,16,618,20,3968,239,210,96,2868,Spruce_Fir,Cryaquolis,Rawah
259,3004,135,7,811,78,5383,231,237,138,6017,Lodgepole Pine,Legault,Rawah
260,2572,49,20,384,53,391,224,192,94,2509,Lodgepole Pine,Legault,Rawah
261,3260,128,11,743,46,3824,238,233,124,2854,Spruce_Fir,Cryaquolis,Rawah
262,3168,25,4,30,0,4426,218,231,150,3180,Spruce_Fir,Cryaquolis,Rawah
263,2878,349,12,67,0,3489,198,220,161,4924,Lodgepole Pine,Legault,Rawah
264,3198,9,8,301,23,4099,211,224,150,3076,Spruce_Fir,Cryaquolis,Rawah
265,2975,260,8,391,66,6071,200,245,183,5262,Lodgepole Pine,Legault,Rawah
266,3178,38,10,0,0,4286,220,217,131,3248,Spruce_Fir,Legault,Rawah
267,2995,176,10,690,86,6068,226,246,152,5533,Lodgepole Pine,Legault,Rawah
268,2913,144,8,210,20,5478,232,239,139,4733,Lodgepole Pine,Legault,Rawah
269,2982,175,9,424,56,5267,225,245,153,6500,Spruce_Fir,Legault,Rawah
270,2945,209,12,362,36,5877,211,251,173,5354,Lodgepole Pine,Legault,Rawah
271,2995,143,2,631,23,5459,223,238,151,6349,Spruce_Fir,Legault,Rawah
272,2942,0,3,0,0,4830,215,233,156,6062,Lodgepole Pine,Cryaquolis,Rawah
273,2945,288,5,0,0,4801,205,239,173,6034,Lodgepole Pine,Cryaquolis,Rawah
274,2959,288,8,120,14,4683,199,240,180,5920,Lodgepole Pine,Legault,Rawah
275,2796,114,13,60,8,2599,242,226,111,3934,Lodgepole Pine,Legault,Rawah
276,2785,315,2,60,-2,2486,214,237,161,3829,Lodgepole Pine,Cryaquolis,Rawah
277,2784,325,17,153,33,1798,177,220,182,3198,Lodgepole Pine,Legault,Rawah
278,2789,320,15,182,50,1771,181,225,183,3174,Lodgepole Pine,Legault,Rawah
279,2922,162,19,240,22,5076,235,241,129,4536,Lodgepole Pine,Legault,Rawah
280,3008,135,3,931,36,5727,224,238,150,6096,Lodgepole Pine,Legault,Rawah
281,2978,73,10,323,49,5160,232,221,121,6368,Lodgepole Pine,Legault,Rawah
282,2892,54,11,134,12,3178,226,217,123,4457,Lodgepole Pine,Legault,Rawah
283,2521,45,10,42,2,408,223,218,129,2066,Lodgepole Pine,Cryaquolis,Rawah
284,2985,72,7,497,13,5372,228,227,133,6482,Spruce_Fir,Legault,Rawah
285,3057,39,19,626,144,4435,217,196,107,3955,Spruce_Fir,Legault,Rawah
286,2829,78,9,60,8,2941,232,223,123,4187,Lodgepole Pine,Cryaquolis,Rawah
287,3201,331,5,0,0,4002,208,234,164,3460,Spruce_Fir,Cryaquolis,Rawah
288,3136,329,13,789,-13,4228,187,223,175,3798,Spruce_Fir,Legault,Rawah
289,2548,355,14,60,7,551,197,215,155,2058,Lodgepole Pine,Cryaquolis,Rawah
290,2962,89,9,42,3,4891,234,225,122,6046,Lodgepole Pine,Legault,Rawah
291,2808,15,13,201,20,2431,208,213,141,3651,Lodgepole Pine,Legault,Rawah
292,2749,87,12,516,43,1499,238,220,111,2797,Lodgepole Pine,Legault,Rawah
293,3155,328,14,849,-19,4184,185,222,177,3871,Spruce_Fir,Legault,Rawah
294,2991,285,11,849,98,5939,189,240,191,6068,Lodgepole Pine,Cryaquolis,Rawah
295,2968,108,5,306,49,4113,229,234,138,5265,Lodgepole Pine,Legault,Rawah
296,2932,77,13,108,21,3911,236,216,108,5067,Lodgepole Pine,Legault,Rawah
297,2808,356,7,153,3,2592,209,227,157,3757,Lodgepole Pine,Cryaquolis,Rawah
298,2794,106,4,210,37,1888,227,234,142,3079,Spruce_Fir,Legault,Rawah
299,3080,24,17,659,167,4377,208,201,125,4176,Spruce_Fir,Legault,Rawah
300,2936,52,16,180,27,4656,227,203,105,4456,Spruce_Fir,Cryaquolis,Rawah
301,2913,261,10,313,10,5706,197,245,187,5517,Lodgepole Pine,Legault,Rawah
302,2919,232,8,323,19,5728,207,248,178,5539,Lodgepole Pine,Legault,Rawah
303,2978,257,6,85,13,4795,205,244,177,5905,Lodgepole Pine,Legault,Rawah
304,2574,312,14,134,32,636,183,229,187,1924,Lodgepole Pine,Legault,Rawah
305,3142,59,21,730,-32,4155,231,192,85,4070,Spruce_Fir,Legault,Rawah
306,2804,15,10,212,47,1917,211,219,144,3031,Spruce_Fir,Legault,Rawah
307,2595,9,14,42,19,799,204,212,144,2010,Lodgepole Pine,Legault,Rawah
308,2929,232,8,366,33,5835,208,247,177,5776,Lodgepole Pine,Legault,Rawah
309,3001,246,9,764,101,5961,201,247,184,6227,Lodgepole Pine,Legault,Rawah
310,2813,94,7,371,56,1800,231,230,132,2872,Lodgepole Pine,Legault,Rawah
311,2988,342,6,192,26,4805,208,231,162,5836,Lodgepole Pine,Legault,Rawah
312,3175,59,18,612,0,4042,231,200,96,4184,Spruce_Fir,Cryaquolis,Rawah
313,2861,0,6,134,10,2980,211,228,155,3972,Lodgepole Pine,Legault,Rawah
314,2804,61,7,362,10,1838,226,225,133,2825,Lodgepole Pine,Legault,Rawah
315,3001,78,10,335,29,5320,234,221,118,6310,Spruce_Fir,Legault,Rawah
316,2914,141,9,277,18,3471,234,238,135,4430,Lodgepole Pine,Legault,Rawah
317,2668,41,17,283,68,1276,219,200,110,2240,Lodgepole Pine,Legault,Rawah
318,3185,129,12,481,10,3899,240,233,121,4273,Spruce_Fir,Legault,Rawah
319,2913,216,9,268,20,5715,211,249,173,5983,Spruce_Fir,Cryaquolis,Rawah
320,3168,72,5,418,-6,3855,226,230,138,4394,Spruce_Fir,Cryaquolis,Rawah
321,2955,30,9,30,3,4478,218,220,137,5370,Lodgepole Pine,Cryaquolis,Rawah
322,2932,100,7,30,-6,4280,232,231,131,5166,Lodgepole Pine,Cryaquolis,Rawah
323,3234,0,11,658,26,3589,204,220,153,4109,Spruce_Fir,Cryaquolis,Rawah
324,3201,53,7,488,26,3667,224,225,135,4255,Spruce_Fir,Legault,Rawah
325,2903,236,5,212,10,5656,211,244,171,6046,Spruce_Fir,Cryaquolis,Rawah
326,2874,352,2,400,19,2869,216,236,157,3653,Lodgepole Pine,Legault,Rawah
327,2903,254,6,212,3,5689,206,244,176,6195,Spruce_Fir,Cryaquolis,Rawah
328,2800,45,12,0,0,2244,223,214,124,2958,Spruce_Fir,Cryaquolis,Rawah
329,3257,336,9,693,52,3443,199,227,167,4246,Spruce_Fir,Cryaquolis,Rawah
330,3188,278,5,210,13,3634,206,241,173,4526,Spruce_Fir,Legault,Rawah
331,2952,62,8,192,30,4487,227,223,130,5251,Lodgepole Pine,Legault,Rawah
332,2932,237,16,342,36,5797,189,252,198,6409,Spruce_Fir,Legault,Rawah
333,3050,281,4,630,85,5540,209,240,169,6162,Lodgepole Pine,Legault,Rawah
334,2955,285,11,212,19,4302,188,240,192,5057,Lodgepole Pine,Legault,Rawah
335,2791,41,17,458,-18,1740,220,201,111,2294,Lodgepole Pine,Legault,Rawah
336,3172,162,3,180,7,3632,222,240,153,4624,Spruce_Fir,Legault,Rawah
337,3116,69,14,297,-6,3870,234,212,107,4802,Spruce_Fir,Legault,Rawah
338,2895,51,10,162,0,3326,225,219,127,4002,Lodgepole Pine,Legault,Rawah
339,3182,122,6,134,7,3510,230,235,138,4585,Spruce_Fir,Legault,Rawah
340,3024,81,9,218,49,4152,233,224,123,5114,Lodgepole Pine,Legault,Rawah
341,2962,251,9,480,66,5863,201,246,183,6356,Lodgepole Pine,Legault,Rawah
342,2978,27,4,192,13,4780,218,230,149,5502,Lodgepole Pine,Legault,Rawah
343,2952,40,12,323,0,4558,221,213,124,5268,Lodgepole Pine,Legault,Rawah
344,2945,348,13,255,32,3768,194,217,161,4425,Lodgepole Pine,Legault,Rawah
345,3149,188,7,134,17,3718,221,245,159,4831,Spruce_Fir,Legault,Rawah
346,2833,150,15,242,23,1953,238,238,126,2407,Spruce_Fir,Legault,Rawah
347,3136,185,10,42,4,3623,222,248,158,4858,Spruce_Fir,Legault,Rawah
348,2851,49,13,268,46,2538,225,211,118,3037,Lodgepole Pine,Legault,Rawah
349,2933,111,8,300,20,3644,234,231,129,4221,Lodgepole Pine,Legault,Rawah
350,2810,110,6,421,0,1871,230,234,138,2178,Spruce_Fir,Legault,Rawah
351,3267,85,10,484,62,3194,235,223,119,4518,Spruce_Fir,Cryorthents,Rawah
352,3188,30,16,85,13,3340,213,203,121,4753,Spruce_Fir,Legault,Rawah
353,2955,37,5,426,42,3905,220,229,145,4475,Lodgepole Pine,Legault,Rawah
354,3001,276,9,752,103,5893,197,242,184,6012,Lodgepole Pine,Legault,Rawah
355,3008,281,10,780,110,5864,194,241,187,5998,Lodgepole Pine,Legault,Rawah
356,2942,28,5,391,29,3707,218,230,148,4228,Lodgepole Pine,Legault,Rawah
357,2921,331,9,395,8,3516,200,230,169,4024,Lodgepole Pine,Legault,Rawah
358,2985,315,5,361,20,5023,206,235,169,5570,Lodgepole Pine,Legault,Rawah
359,2978,289,14,570,42,4480,179,238,198,5007,Lodgepole Pine,Legault,Rawah
360,2889,51,20,362,66,2689,225,193,94,3049,Lodgepole Pine,Legault,Rawah
361,2814,103,3,210,4,2145,225,235,145,2316,Lodgepole Pine,Legault,Rawah
362,2938,127,9,408,107,2896,236,234,128,3239,Lodgepole Pine,Legault,Rawah
363,2828,95,11,127,15,2467,238,224,116,2714,Lodgepole Pine,Legault,Rawah
364,3146,95,12,240,-28,3287,239,222,112,5052,Spruce_Fir,Legault,Rawah
365,2977,94,8,466,12,4283,232,229,129,4676,Lodgepole Pine,Legault,Rawah
366,3034,45,2,680,46,5544,220,234,151,5490,Lodgepole Pine,Legault,Rawah
367,3083,61,19,192,-9,3320,232,197,90,5380,Spruce_Fir,Legault,Rawah
368,3044,23,5,210,-25,3481,217,228,148,5476,Spruce_Fir,Cryaquolis,Rawah
369,2982,90,8,242,-35,3695,232,228,129,5609,Spruce_Fir,Cryaquolis,Rawah
370,2901,176,15,256,49,3181,226,247,149,3360,Lodgepole Pine,Legault,Rawah
371,2995,66,6,247,13,4770,227,227,135,5126,Lodgepole Pine,Legault,Rawah
372,2528,151,6,108,4,598,228,240,145,390,Lodgepole Pine,Cryaquolis,Rawah
373,3188,112,8,60,3,2880,235,231,128,5166,Spruce_Fir,Legault,Rawah
374,2939,243,24,400,41,5619,164,250,217,5753,Lodgepole Pine,Legault,Rawah
375,3008,215,11,696,112,5880,209,251,176,5600,Lodgepole Pine,Legault,Rawah
376,3021,238,9,815,125,5855,204,248,181,5543,Lodgepole Pine,Legault,Rawah
377,2937,80,11,330,15,4094,234,221,118,4354,Lodgepole Pine,Legault,Rawah
378,2844,317,10,67,20,2758,194,231,178,2724,Lodgepole Pine,Legault,Rawah
379,2781,13,3,351,25,2148,216,233,154,1707,Lodgepole Pine,Legault,Rawah
380,2945,252,18,421,47,5615,176,249,209,5686,Lodgepole Pine,Legault,Rawah
381,2857,143,12,85,8,3111,238,237,127,3161,Lodgepole Pine,Legault,Rawah
382,3021,53,7,258,-12,3544,224,224,134,5720,Spruce_Fir,Legault,Rawah
383,2919,141,3,192,3,3992,225,238,149,6047,Spruce_Fir,Legault,Rawah
384,2800,185,9,170,22,2382,222,246,158,2001,Lodgepole Pine,Legault,Rawah
385,2773,151,18,350,119,1680,240,237,119,983,Aspen,Legault,Rawah
386,2759,144,17,300,105,1590,242,234,115,895,Aspen,Legault,Rawah
387,2714,117,20,242,93,1470,250,217,85,779,Aspen,Legault,Rawah
388,2671,109,26,175,55,1350,253,200,58,664,Aspen,Legault,Rawah
389,2975,126,9,120,3,4763,235,234,130,4928,Lodgepole Pine,Legault,Rawah
390,2775,148,19,335,101,1770,242,234,113,1061,Aspen,Legault,Rawah
391,2746,149,18,268,92,1620,240,236,119,912,Aspen,Legault,Rawah
392,2743,148,19,255,89,1590,242,235,114,883,Aspen,Legault,Rawah
393,2717,108,16,201,79,1500,246,220,98,794,Aspen,Legault,Rawah
394,2751,136,14,277,77,1680,241,234,119,967,Aspen,Legault,Rawah
395,2739,131,14,242,75,1620,242,232,116,908,Aspen,Legault,Rawah
396,2733,133,16,228,79,1590,244,231,111,878,Aspen,Legault,Rawah
397,2716,117,15,175,62,1500,245,225,105,789,Aspen,Legault,Rawah
398,2611,99,14,30,2,1200,243,220,103,495,Aspen,Legault,Rawah
399,3073,123,11,0,0,3060,239,231,121,5654,Spruce_Fir,Legault,Rawah
400,3060,167,18,95,16,3251,232,244,136,5755,Lodgepole Pine,Legault,Rawah
401,2899,120,8,162,19,3944,234,234,132,4034,Lodgepole Pine,Legault,Rawah
402,2861,107,8,30,0,3434,234,231,129,3406,Lodgepole Pine,Cryaquolis,Rawah
403,2853,351,3,0,0,3342,214,234,158,3287,Lodgepole Pine,Cryaquolis,Rawah
404,2785,202,8,134,18,2429,217,247,165,1860,Lodgepole Pine,Legault,Rawah
405,2723,127,16,190,69,1560,245,228,108,845,Aspen,Legault,Rawah
406,2656,110,23,85,35,1350,252,208,72,636,Aspen,Legault,Rawah
407,3064,194,10,30,4,3111,218,249,164,5721,Spruce_Fir,Cryaquolis,Rawah
408,3050,167,16,67,6,3229,231,244,140,5783,Lodgepole Pine,Legault,Rawah
409,3004,141,13,124,3,3500,239,236,124,5934,Lodgepole Pine,Legault,Rawah
410,2952,58,10,201,16,3736,228,218,123,6078,Lodgepole Pine,Legault,Rawah
411,3034,68,12,362,43,5550,232,216,114,5100,Spruce_Fir,Legault,Rawah
412,2703,130,20,127,49,1500,248,225,97,780,Aspen,Legault,Rawah
413,2685,128,23,95,31,1440,251,218,81,722,Aspen,Legault,Rawah
414,2661,119,25,67,23,1380,253,210,70,663,Aspen,Legault,Rawah
415,3057,101,4,0,0,3069,226,234,144,5740,Spruce_Fir,Cryaquolis,Rawah
416,3050,139,13,30,-3,3127,240,235,123,5770,Spruce_Fir,Cryaquolis,Rawah
417,3060,342,5,495,69,5700,209,232,161,5139,Spruce_Fir,Legault,Rawah
418,2945,49,14,0,0,4671,225,208,114,4737,Spruce_Fir,Cryaquolis,Rawah
419,2704,123,18,124,40,1530,247,224,99,797,Aspen,Legault,Rawah
420,2676,129,24,67,22,1440,251,217,79,713,Aspen,Legault,Rawah
421,2621,81,14,0,0,1290,238,214,103,571,Aspen,Legault,Rawah
422,3060,45,13,30,3,3046,223,211,120,5768,Spruce_Fir,Legault,Rawah
423,2975,136,15,124,7,3543,243,232,114,6039,Lodgepole Pine,Legault,Rawah
424,3067,21,4,518,76,5739,217,231,151,5125,Spruce_Fir,Legault,Rawah
425,2719,128,16,150,45,1621,244,229,109,874,Aspen,Legault,Rawah
426,2638,86,15,0,0,1351,241,213,98,618,Aspen,Legault,Rawah
427,2700,115,19,67,26,1533,249,218,90,779,Aspen,Legault,Rawah
428,2673,108,22,42,9,1473,251,208,72,721,Aspen,Legault,Rawah
429,2654,71,11,0,0,1413,233,218,115,664,Aspen,Legault,Rawah
430,2664,50,12,0,0,1445,225,214,122,684,Aspen,Legault,Rawah
431,3050,80,8,360,59,5638,231,225,127,4978,Spruce_Fir,Legault,Rawah
432,2858,125,8,268,7,3288,233,235,134,3034,Lodgepole Pine,Legault,Rawah
433,2854,163,9,285,5,3246,229,243,146,2974,Lodgepole Pine,Legault,Rawah
434,3047,56,11,95,29,3182,227,218,123,5994,Spruce_Fir,Legault,Rawah
435,2873,351,6,201,11,3459,210,230,159,3242,Lodgepole Pine,Legault,Rawah
436,2680,23,12,0,0,1511,213,214,136,730,Aspen,Legault,Rawah
437,2676,9,14,30,2,1481,204,212,144,700,Aspen,Legault,Rawah
438,2678,9,15,42,7,1421,202,209,142,641,Aspen,Legault,Rawah
439,2839,120,9,190,23,3055,236,233,128,2612,Lodgepole Pine,Legault,Rawah
440,2792,86,7,228,4,2862,230,229,132,2282,Lodgepole Pine,Legault,Rawah
441,3103,74,11,201,49,2870,233,219,116,5920,Spruce_Fir,Legault,Rawah
442,2995,6,14,201,13,5167,202,213,146,4670,Lodgepole Pine,Legault,Rawah
443,2702,90,1,0,0,1727,221,236,151,932,Lodgepole Pine,Cryaquolis,Rawah
444,2991,282,8,268,32,5024,198,241,182,4582,Spruce_Fir,Legault,Rawah
445,3004,31,6,180,13,5222,219,228,145,4624,Lodgepole Pine,Legault,Rawah
446,2919,117,6,150,0,3903,231,234,136,6349,Lodgepole Pine,Cryaquolis,Rawah
447,2945,258,14,376,45,5535,186,247,199,5134,Lodgepole Pine,Legault,Rawah
448,3054,270,1,390,63,5742,215,239,161,4830,Lodgepole Pine,Legault,Rawah
449,2978,75,5,295,50,4847,227,230,137,4455,Spruce_Fir,Legault,Rawah
450,2915,81,8,0,0,4345,231,226,128,4260,Lodgepole Pine,Cryaquolis,Rawah
451,2756,30,4,150,2,2571,218,231,149,1770,Lodgepole Pine,Legault,Rawah
452,2717,155,4,0,0,2037,224,240,150,1230,Lodgepole Pine,Cryaquolis,Rawah
453,2928,315,1,150,23,4194,215,237,160,4050,Lodgepole Pine,Legault,Rawah
454,2770,95,3,258,7,2813,224,235,147,2011,Lodgepole Pine,Legault,Rawah
455,2656,77,23,283,-23,1320,242,190,66,518,Lodgepole Pine,Legault,Rawah
456,2750,124,5,150,9,2370,229,236,140,1565,Lodgepole Pine,Legault,Rawah
457,2907,45,7,350,13,4041,222,225,138,3783,Lodgepole Pine,Legault,Rawah
458,2781,65,13,42,6,3162,232,214,112,2465,Lodgepole Pine,Cryaquolis,Rawah
459,2715,203,5,124,-1,1920,217,245,164,1120,Lodgepole Pine,Legault,Rawah
460,2968,338,11,216,23,3426,196,225,167,6508,Spruce_Fir,Cryaquolis,Rawah
461,2739,130,8,134,26,2160,234,236,133,1366,Lodgepole Pine,Legault,Rawah
462,2922,129,3,218,18,4283,225,237,147,4027,Lodgepole Pine,Legault,Rawah
463,2792,101,6,108,29,3180,230,232,135,2442,Lodgepole Pine,Legault,Rawah
464,3064,90,8,371,23,2822,232,228,129,6357,Spruce_Fir,Legault,Rawah
465,3041,243,14,513,50,5911,192,250,195,4636,Lodgepole Pine,Legault,Rawah
466,2888,32,8,470,72,3700,219,224,141,3164,Lodgepole Pine,Legault,Rawah
467,3080,180,1,247,39,2715,219,239,157,6347,Spruce_Fir,Legault,Rawah
468,2613,132,27,170,55,1260,251,215,73,558,Lodgepole Pine,Legault,Rawah
469,2978,135,4,108,13,3247,226,238,146,6576,Spruce_Fir,Legault,Rawah
470,2952,353,12,0,0,4928,200,219,157,4105,Spruce_Fir,Cryaquolis,Rawah
471,2773,81,14,108,24,3019,238,215,106,2338,Lodgepole Pine,Legault,Rawah
472,3057,90,8,390,16,2783,232,228,129,6452,Spruce_Fir,Legault,Rawah
473,3064,45,16,228,60,5623,223,203,110,4361,Lodgepole Pine,Legault,Rawah
474,2742,174,9,268,23,2455,226,245,152,1725,Lodgepole Pine,Legault,Rawah
475,2677,167,16,85,9,1680,231,244,140,953,Lodgepole Pine,Legault,Rawah
476,2567,140,18,60,9,1110,244,232,110,492,Lodgepole Pine,Legault,Rawah
477,2739,142,6,228,20,2465,229,239,143,1761,Lodgepole Pine,Legault,Rawah
478,3001,267,14,641,101,5749,182,245,201,4570,Lodgepole Pine,Legault,Rawah
479,3014,5,31,95,54,4950,165,164,123,3973,Spruce_Fir,Legault,Rawah
480,2584,343,13,150,39,812,192,219,165,480,Lodgepole Pine,Legault,Rawah
481,2902,104,6,558,89,3643,230,233,136,3107,Lodgepole Pine,Legault,Rawah
482,3047,155,9,424,85,2760,231,241,142,6661,Spruce_Fir,Legault,Rawah
483,2909,212,6,212,50,4092,215,246,168,3586,Lodgepole Pine,Legault,Rawah
484,2910,198,5,234,51,4063,218,244,161,3556,Lodgepole Pine,Legault,Rawah
485,3011,108,10,212,36,2912,237,229,122,6632,Spruce_Fir,Legault,Rawah
486,2998,68,8,124,23,2987,228,225,130,6557,Spruce_Fir,Legault,Rawah
487,3011,263,12,674,111,5753,189,246,196,4386,Lodgepole Pine,Legault,Rawah
488,3008,24,12,309,36,5353,213,214,135,3950,Spruce_Fir,Cryaquolis,Rawah
489,3004,18,10,192,29,5232,212,219,143,3899,Spruce_Fir,Legault,Rawah
490,3031,81,6,513,27,5542,228,230,136,4002,Spruce_Fir,Legault,Rawah
491,2939,288,5,379,39,5448,207,239,171,4506,Lodgepole Pine,Legault,Rawah
492,2949,277,12,437,49,5506,186,242,195,4471,Lodgepole Pine,Legault,Rawah
493,3028,323,9,242,53,5079,196,230,174,3771,Spruce_Fir,Legault,Rawah
494,2900,315,1,90,0,5152,216,237,159,4667,Lodgepole Pine,Cryaquolis,Rawah
495,2932,96,7,247,17,3861,232,229,129,5585,Lodgepole Pine,Legault,Rawah
496,2909,72,5,324,5,4554,226,230,138,5006,Lodgepole Pine,Cryaquolis,Rawah
497,2909,0,3,350,5,4582,215,233,156,4985,Lodgepole Pine,Cryaquolis,Rawah
498,2900,180,3,300,-2,4725,220,241,156,4880,Lodgepole Pine,Limber,Rawah
499,2867,143,12,437,114,3363,237,237,129,2963,Lodgepole Pine,Legault,Rawah
500,3047,356,10,618,75,5664,204,222,156,3811,Spruce_Fir,Legault,Rawah
501,2617,15,14,30,0,1652,207,211,139,1383,Lodgepole Pine,Legault,Rawah
502,2998,340,7,108,16,2978,205,230,163,6224,Lodgepole Pine,Legault,Rawah
503,2962,276,7,497,47,3610,201,242,179,5658,Lodgepole Pine,Cryaquolis,Rawah
504,2759,160,12,120,35,2782,233,242,139,2462,Lodgepole Pine,Legault,Rawah
505,2646,9,33,60,9,1771,165,156,112,1518,Lodgepole Pine,Legault,Rawah
506,3027,217,17,700,127,5844,201,254,185,4011,Lodgepole Pine,Legault,Rawah
507,2963,121,13,175,0,4557,241,229,116,3360,Lodgepole Pine,Legault,Rawah
508,2919,117,15,175,33,4375,244,225,106,3311,Spruce_Fir,Legault,Rawah
509,2690,343,24,120,34,1816,163,195,165,1645,Lodgepole Pine,Legault,Rawah
510,2660,3,9,297,60,1307,207,222,152,1249,Lodgepole Pine,Legault,Rawah
511,2955,235,21,451,55,5590,180,253,205,4074,Lodgepole Pine,Legault,Rawah
512,2953,120,13,134,3,4518,241,229,115,3297,Lodgepole Pine,Legault,Rawah
513,2887,124,17,95,13,4252,246,226,102,3273,Spruce_Fir,Legault,Rawah
514,3014,338,8,150,23,2888,202,228,165,6169,Lodgepole Pine,Legault,Rawah
515,2995,62,11,484,17,3209,230,216,118,5849,Spruce_Fir,Legault,Rawah
516,2965,142,6,0,0,4778,229,239,143,3283,Spruce_Fir,Legault,Rawah
517,2982,47,9,437,-7,3387,223,220,131,5641,Lodgepole Pine,Cryaquolis,Rawah
518,2739,311,10,270,80,1765,193,233,180,1742,Lodgepole Pine,Legault,Rawah
519,2983,5,5,400,-6,3406,213,230,154,5600,Lodgepole Pine,Cryaquolis,Rawah
520,2916,243,3,335,16,5442,213,242,166,4030,Lodgepole Pine,Cryaquolis,Rawah
521,3047,135,3,932,141,5900,224,238,149,3591,Spruce_Fir,Legault,Rawah
522,2751,270,2,0,0,3068,214,239,163,2912,Spruce_Fir,Cryaquolis,Rawah
523,2690,318,7,514,78,967,202,234,171,1310,Lodgepole Pine,Legault,Rawah
524,2599,89,10,30,-1,558,235,224,120,1233,Lodgepole Pine,Cryaquolis,Rawah
525,2919,264,7,408,19,5490,202,244,181,3945,Lodgepole Pine,Legault,Rawah
526,2975,253,12,616,59,5780,193,248,193,3739,Lodgepole Pine,Legault,Rawah
527,2617,83,9,127,16,573,233,224,122,1290,Lodgepole Pine,Legault,Rawah
528,2574,92,7,0,0,408,232,229,129,1318,Lodgepole Pine,Cryaquolis,Rawah
529,2939,19,11,60,7,3980,212,217,141,5016,Lodgepole Pine,Cryaquolis,Rawah
530,2915,45,10,60,0,4397,223,218,129,3018,Spruce_Fir,Legault,Rawah
531,2765,41,5,0,0,3263,221,229,144,3107,Spruce_Fir,Cryaquolis,Rawah
532,2784,348,13,170,37,2758,194,217,161,2687,Lodgepole Pine,Legault,Rawah
533,2850,108,22,42,14,3976,251,210,76,2971,Spruce_Fir,Legault,Rawah
534,2919,236,7,350,16,5470,208,246,176,3853,Lodgepole Pine,Cryaquolis,Rawah
535,2995,233,14,638,89,5932,196,252,191,3487,Lodgepole Pine,Legault,Rawah
536,2817,32,15,390,74,2561,216,207,124,2613,Lodgepole Pine,Legault,Rawah
537,2932,18,2,485,13,4326,217,234,154,4597,Lodgepole Pine,Cryaquolis,Rawah
538,2826,11,7,366,73,2648,213,225,150,2704,Lodgepole Pine,Legault,Rawah
539,2795,47,10,451,95,2260,224,219,129,2389,Lodgepole Pine,Legault,Rawah
540,2760,62,5,547,66,1842,224,230,142,2079,Lodgepole Pine,Legault,Rawah
541,2700,76,9,433,-15,1124,231,224,126,1691,Lodgepole Pine,Legault,Rawah
542,3001,238,9,592,92,5966,204,248,181,3379,Lodgepole Pine,Legault,Rawah
543,2699,165,3,390,2,908,222,240,154,1670,Lodgepole Pine,Legault,Rawah
544,2730,79,6,270,14,1353,228,229,135,1883,Lodgepole Pine,Legault,Rawah
545,2655,82,8,384,104,607,232,225,126,1634,Lodgepole Pine,Legault,Rawah
546,2644,46,14,319,93,518,224,209,116,1624,Lodgepole Pine,Legault,Rawah
547,2998,252,12,553,89,5940,193,248,193,3271,Lodgepole Pine,Legault,Rawah
548,2854,28,8,446,99,2791,217,223,141,2912,Lodgepole Pine,Legault,Rawah
549,2809,63,8,458,36,2251,228,223,128,2486,Lodgepole Pine,Legault,Rawah
550,2633,94,19,258,82,454,246,208,84,1651,Lodgepole Pine,Legault,Rawah
551,2588,152,10,182,47,277,233,240,138,1654,Lodgepole Pine,Legault,Rawah
552,2811,84,10,433,38,2250,234,224,121,2506,Lodgepole Pine,Legault,Rawah
553,2926,208,15,300,20,5633,208,253,176,3446,Lodgepole Pine,Cryaquolis,Rawah
554,2839,71,14,488,66,2370,235,213,107,2616,Lodgepole Pine,Legault,Rawah
555,2689,179,11,210,2,932,225,247,153,1851,Lodgepole Pine,Legault,Rawah
556,3015,66,19,335,22,3777,235,199,88,4847,Lodgepole Pine,Legault,Rawah
557,2995,62,14,362,5,3836,231,211,109,4795,Lodgepole Pine,Legault,Rawah
558,2938,159,7,285,22,4891,228,242,146,2656,Lodgepole Pine,Legault,Rawah
559,2929,130,8,150,17,4651,233,236,135,2590,Lodgepole Pine,Leighcan,Rawah
560,2851,107,11,458,78,2402,238,227,119,2698,Lodgepole Pine,Legault,Rawah
561,2949,122,14,379,28,5131,242,229,113,2714,Lodgepole Pine,Leighcan,Rawah
562,2596,33,14,335,66,150,216,209,125,1321,Lodgepole Pine,Legault,Rawah
563,2939,45,8,306,26,4602,223,222,134,4080,Lodgepole Pine,Legault,Rawah
564,2805,44,17,170,32,1902,222,200,108,2436,Lodgepole Pine,Legault,Rawah
565,3074,52,9,42,4,3105,225,221,130,5353,Spruce_Fir,Legault,Rawah
566,2932,54,16,283,119,3578,228,203,104,2418,Lodgepole Pine,Legault,Rawah
567,2868,29,20,95,33,3369,209,192,112,2468,Spruce_Fir,Cryaquolis,Rawah
568,2864,128,8,451,63,2741,234,235,133,2713,Lodgepole Pine,Legault,Rawah
569,2946,352,14,170,35,4298,195,216,158,2352,Lodgepole Pine,Legault,Rawah
570,3021,25,12,564,21,3847,213,213,134,4662,Spruce_Fir,Legault,Rawah
571,3018,49,14,631,22,3936,225,208,114,4569,Lodgepole Pine,Legault,Rawah
572,2863,193,6,390,62,2869,220,245,161,2577,Lodgepole Pine,Legault,Rawah
573,2978,156,6,524,61,5532,228,241,147,2688,Lodgepole Pine,Legault,Rawah
574,2945,63,12,324,110,3561,230,215,116,2278,Lodgepole Pine,Legault,Rawah
575,2618,7,18,170,47,458,196,202,140,1866,Lodgepole Pine,Legault,Rawah
576,2968,120,9,365,51,5386,236,232,127,2557,Lodgepole Pine,Legault,Rawah
577,2734,93,5,277,16,1645,228,232,138,2445,Lodgepole Pine,Legault,Rawah
578,2728,83,11,277,19,1587,236,220,114,2416,Lodgepole Pine,Legault,Rawah
579,2762,190,5,30,-3,1972,220,244,159,2647,Lodgepole Pine,Legault,Rawah
580,2922,270,5,120,9,4843,207,241,173,3582,Lodgepole Pine,Cryaquolis,Rawah
581,2926,61,11,90,9,5123,229,218,121,2375,Lodgepole Pine,Cryaquolis,Rawah
582,2962,346,6,518,45,5549,209,231,160,2514,Lodgepole Pine,Legault,Rawah
583,2624,183,27,60,22,1195,215,245,145,2374,Lodgepole Pine,Legault,Rawah
584,2917,107,5,210,33,3413,229,234,139,2125,Lodgepole Pine,Legault,Rawah
585,2644,345,3,85,-4,509,214,235,159,1426,Lodgepole Pine,Legault,Rawah
586,2645,45,4,134,-3,467,221,230,145,1368,Lodgepole Pine,Legault,Rawah
587,3024,24,16,297,26,4116,210,204,127,4161,Spruce_Fir,Legault,Rawah
588,2651,40,14,242,4,641,220,208,119,1783,Lodgepole Pine,Legault,Rawah
589,2936,231,7,285,30,5773,210,246,174,2571,Lodgepole Pine,Legault,Rawah
590,2813,127,14,60,12,2845,243,230,112,2313,Aspen,Legault,Rawah
591,2617,344,19,30,6,1307,178,206,165,2506,Lodgepole Pine,Legault,Rawah
592,2952,281,5,212,33,4824,206,240,173,2022,Lodgepole Pine,Legault,Rawah
593,2968,286,17,283,41,4735,171,237,206,1992,Lodgepole Pine,Legault,Rawah
594,2992,228,6,458,79,4439,211,246,172,1919,Lodgepole Pine,Legault,Rawah
595,2976,124,9,277,39,4173,235,234,129,1891,Lodgepole Pine,Legault,Rawah
596,2796,131,9,0,0,2794,235,235,132,2323,Aspen,Legault,Rawah
597,2955,311,9,421,49,5660,196,234,177,2428,Lodgepole Pine,Legault,Rawah
598,2917,175,13,30,0,3707,227,247,149,1907,Spruce_Fir,Legault,Rawah
599,2821,72,20,90,20,2889,238,198,82,2247,Aspen,Legault,Rawah
600,2794,179,20,124,29,2629,224,247,147,2408,Lodgepole Pine,Legault,Rawah
601,2661,266,4,67,4,631,210,241,169,1499,Lodgepole Pine,Cryaquolis,Rawah
602,2793,119,17,30,-2,2810,247,222,97,2274,Aspen,Legault,Rawah
603,2976,315,19,319,58,4779,165,220,194,1917,Lodgepole Pine,Legault,Rawah
604,2807,115,21,85,11,2876,251,214,81,2215,Aspen,Legault,Rawah
605,3109,87,13,446,16,3469,239,218,108,4669,Lodgepole Pine,Legault,Rawah
606,3109,53,7,362,42,3774,224,224,134,4310,Spruce_Fir,Legault,Rawah
607,2792,109,19,67,8,2856,249,214,85,2208,Aspen,Legault,Rawah
608,2775,121,16,30,-3,2799,246,225,103,2244,Aspen,Legault,Rawah
609,3113,14,13,376,23,3684,207,213,141,4380,Spruce_Fir,Legault,Rawah
610,2919,341,9,467,3,4830,202,228,164,3187,Spruce_Fir,Cryaquolis,Rawah
611,2757,129,12,0,0,2751,240,232,120,2259,Aspen,Legault,Rawah
612,2952,41,14,335,13,4604,221,208,119,3375,Spruce_Fir,Cryaquolis,Rawah
613,2764,91,15,42,7,2789,242,216,100,2216,Aspen,Legault,Rawah
614,2753,109,19,60,-3,2771,248,216,88,2213,Aspen,Legault,Rawah
615,2744,122,19,30,1,2742,248,222,94,2232,Aspen,Legault,Rawah
616,2736,138,18,0,0,2714,244,231,109,2252,Aspen,Legault,Rawah
617,2954,156,10,301,79,4308,232,242,141,1657,Lodgepole Pine,Legault,Rawah
618,2662,138,23,30,8,2173,248,225,93,2588,Lodgepole Pine,Cryaquolis,Rawah
619,2988,69,14,228,3,4298,234,211,106,3596,Lodgepole Pine,Cryaquolis,Rawah
620,2965,72,14,361,6,4509,235,212,105,3383,Lodgepole Pine,Legault,Rawah
621,2663,118,21,30,11,2214,250,217,84,2546,Lodgepole Pine,Cryaquolis,Rawah
622,2600,64,10,247,33,277,230,219,122,1195,Lodgepole Pine,Legault,Rawah
623,2942,71,16,499,3,4656,236,208,99,3211,Spruce_Fir,Cryaquolis,Rawah
624,2718,90,18,30,-2,2719,244,209,87,2207,Aspen,Legault,Rawah
625,2695,168,19,30,-1,2608,231,244,135,2291,Aspen,Legault,Rawah
626,2669,31,3,342,17,696,219,233,151,1559,Lodgepole Pine,Legault,Rawah
627,2753,103,20,108,24,2813,249,210,80,2123,Aspen,Legault,Rawah
628,2721,101,18,42,13,2730,247,213,88,2185,Aspen,Legault,Rawah
629,2686,142,10,0,0,2592,235,238,132,2293,Aspen,Legault,Rawah
630,2676,119,5,0,0,2483,228,235,141,2352,Aspen,Cryaquolis,Rawah
631,2610,135,6,272,13,323,230,237,141,1256,Lodgepole Pine,Legault,Rawah
632,2706,137,18,60,-1,2714,245,230,106,2185,Aspen,Legault,Rawah
633,2709,323,24,127,59,2125,153,208,191,2563,Lodgepole Pine,Legault,Rawah
634,2676,66,3,391,24,883,222,233,147,1745,Lodgepole Pine,Legault,Rawah
635,3201,70,8,331,59,2908,229,225,129,5058,Spruce_Fir,Legault,Rawah
636,2688,120,7,30,3,2644,232,235,136,2227,Aspen,Cryaquolis,Rawah
637,2685,11,2,30,4,2617,217,234,155,2241,Aspen,Cryaquolis,Rawah
638,2684,347,6,0,0,2630,208,230,160,2215,Aspen,Cryaquolis,Rawah
639,2714,329,25,127,45,2207,153,202,184,2479,Lodgepole Pine,Legault,Rawah
640,2766,38,5,85,-3,1813,220,228,144,2800,Aspen,Legault,Rawah
641,2695,101,10,0,0,2778,237,227,120,2101,Aspen,Cryaquolis,Rawah
642,2690,35,6,0,0,2751,219,227,144,2123,Aspen,Cryaquolis,Rawah
643,2769,7,9,67,0,1832,209,222,150,2780,Aspen,Legault,Rawah
644,2795,126,24,153,23,3259,252,215,76,1740,Lodgepole Pine,Legault,Rawah
645,2740,332,27,175,70,2239,146,194,181,2432,Lodgepole Pine,Legault,Rawah
646,3009,238,7,446,42,5071,207,246,177,1631,Lodgepole Pine,Legault,Rawah
647,2964,84,19,124,32,4607,243,204,83,1434,Lodgepole Pine,Legault,Rawah
648,2783,332,30,255,114,2180,138,188,181,2467,Lodgepole Pine,Legault,Rawah
649,2781,56,9,190,5,1987,226,222,130,2630,Aspen,Legault,Rawah
650,2775,40,8,134,0,1940,221,223,137,2673,Aspen,Legault,Rawah
651,2781,39,3,60,11,1871,220,232,149,2739,Aspen,Legault,Rawah
652,2593,7,8,85,-5,335,211,225,151,1279,Lodgepole Pine,Legault,Rawah
653,3149,120,13,150,33,3438,242,229,114,4269,Spruce_Fir,Legault,Rawah
654,3044,345,5,342,20,4119,209,231,160,3538,Spruce_Fir,Legault,Rawah
655,2919,76,4,228,6,4914,225,232,143,2754,Spruce_Fir,Cryaquolis,Rawah
656,2786,52,11,182,10,2005,226,216,123,2609,Aspen,Legault,Rawah
657,2780,13,8,124,4,1959,212,223,148,2652,Aspen,Cryaquolis,Rawah
658,2780,350,9,95,4,1936,203,224,160,2674,Aspen,Cryaquolis,Rawah
659,2872,79,9,0,0,4336,232,224,124,1323,Lodgepole Pine,Cryaquolis,Rawah
660,2796,27,2,240,20,2071,218,234,153,2546,Aspen,Legault,Rawah
661,2790,54,10,180,14,2024,226,218,125,2588,Aspen,Cryaquolis,Rawah
662,2769,107,11,95,12,1663,238,227,119,2869,Lodgepole Pine,Legault,Rawah
663,2719,48,7,361,33,1290,223,224,136,2177,Lodgepole Pine,Legault,Rawah
664,2763,357,23,201,66,2728,177,192,147,2032,Lodgepole Pine,Legault,Rawah
665,3011,73,9,659,7,4341,231,223,124,3215,Lodgepole Pine,Legault,Rawah
666,2955,65,13,481,42,4590,232,214,112,2967,Spruce_Fir,Legault,Rawah
667,3149,135,7,67,7,3282,231,237,138,4310,Spruce_Fir,Legault,Rawah
668,2808,112,9,0,0,4034,235,231,127,1230,Lodgepole Pine,Cryaquolis,Rawah
669,2811,352,13,228,35,2145,198,218,158,2464,Lodgepole Pine,Legault,Rawah
670,3205,60,5,570,63,2797,224,229,140,4817,Spruce_Fir,Leighcan,Rawah
671,2892,48,23,150,51,4337,222,183,85,1140,Lodgepole Pine,Legault,Rawah
672,2922,293,14,283,6,5205,179,236,197,2218,Lodgepole Pine,Legault,Rawah
673,2828,352,23,424,143,2556,174,194,154,2086,Lodgepole Pine,Legault,Rawah
674,2598,327,7,30,0,582,204,233,168,1482,Lodgepole Pine,Cryaquolis,Rawah
675,2972,348,10,402,7,4565,201,223,161,2880,Spruce_Fir,Cryaquolis,Rawah
676,2834,348,26,430,139,2647,163,188,157,2005,Lodgepole Pine,Legault,Rawah
677,2810,42,14,300,64,1666,222,209,120,2620,Lodgepole Pine,Legault,Rawah
678,2684,141,17,30,-1,1107,243,233,113,2047,Aspen,Legault,Rawah
679,2613,39,9,42,4,685,221,219,133,1626,Lodgepole Pine,Cryaquolis,Rawah
680,2647,234,2,323,18,726,216,241,162,1299,Lodgepole Pine,Legault,Rawah
681,2667,95,9,541,13,691,234,227,124,1293,Lodgepole Pine,Legault,Rawah
682,2942,305,8,379,13,5232,198,236,177,2110,Lodgepole Pine,Legault,Rawah
683,2971,340,15,85,18,4734,187,217,168,1131,Lodgepole Pine,Legault,Rawah
684,2822,308,5,234,66,1758,205,237,171,2765,Lodgepole Pine,Legault,Rawah
685,2661,60,11,30,-6,1045,229,216,119,1996,Aspen,Legault,Rawah
686,2687,338,10,437,34,792,198,226,167,1350,Lodgepole Pine,Legault,Rawah
687,3103,85,8,524,-5,3805,232,227,128,3589,Spruce_Fir,Legault,Rawah
688,3034,50,22,531,16,4252,224,186,86,3131,Lodgepole Pine,Legault,Rawah
689,2682,28,19,60,6,1110,209,194,115,2060,Aspen,Legault,Rawah
690,2876,343,22,532,181,2742,171,201,165,1894,Lodgepole Pine,Legault,Rawah
691,2802,358,6,433,50,1718,210,228,156,2630,Lodgepole Pine,Legault,Rawah
692,2958,39,25,351,134,4440,211,176,87,932,Lodgepole Pine,Legault,Rawah
693,2890,20,16,430,182,2954,208,205,131,1723,Lodgepole Pine,Legault,Rawah
694,2707,5,18,42,6,1242,195,203,143,2190,Aspen,Cryaquolis,Rawah
695,2706,9,21,108,14,1172,192,194,134,2123,Aspen,Legault,Rawah
696,2702,27,22,120,21,1149,205,188,111,2101,Aspen,Legault,Rawah
697,2686,29,23,95,36,1082,205,184,106,2036,Lodgepole Pine,Legault,Rawah
698,2727,52,17,0,0,1332,226,202,103,2278,Aspen,Cryaquolis,Rawah
699,2720,36,17,30,0,1308,217,201,114,2255,Aspen,Cryaquolis,Rawah
700,2733,44,13,30,-1,1350,222,210,120,2297,Aspen,Cryaquolis,Rawah
701,2724,349,15,67,4,1302,191,213,160,2252,Aspen,Legault,Rawah
702,2619,13,4,42,3,819,215,231,152,1691,Lodgepole Pine,Legault,Rawah
703,3195,83,11,366,53,2952,235,221,116,4401,Spruce_Fir,Cryaquolis,Rawah
704,3139,106,6,531,13,3599,231,232,135,3690,Spruce_Fir,Legault,Rawah
705,2929,44,16,591,65,2698,222,204,112,1911,Lodgepole Pine,Legault,Rawah
706,2849,293,22,120,44,2115,154,229,213,2646,Lodgepole Pine,Legault,Rawah
707,2733,90,5,60,-1,1364,227,232,139,2315,Aspen,Cryaquolis,Rawah
708,2803,333,20,182,56,3721,170,210,177,1124,Lodgepole Pine,Legault,Rawah
709,2931,4,12,579,215,3018,204,218,150,1621,Lodgepole Pine,Legault,Rawah
710,2871,82,14,228,47,2385,238,215,105,2271,Lodgepole Pine,Legault,Rawah
711,2737,99,13,30,-5,1406,241,221,108,2357,Aspen,Cryaquolis,Rawah
712,2730,135,1,60,-9,1383,220,238,155,2335,Aspen,Cryaquolis,Rawah
713,2653,332,13,190,43,900,190,224,173,1722,Lodgepole Pine,Legault,Rawah
714,2655,21,13,741,45,630,211,212,135,1652,Lodgepole Pine,Legault,Rawah
715,2659,332,13,201,43,930,190,224,173,1749,Lodgepole Pine,Legault,Rawah
716,2665,0,10,190,32,930,206,222,154,1728,Lodgepole Pine,Legault,Rawah
717,2871,92,32,218,97,4173,249,174,28,792,Lodgepole Pine,Legault,Rawah
718,2988,217,7,446,72,5467,212,247,171,1437,Lodgepole Pine,Legault,Rawah
719,2920,316,29,433,186,3511,133,202,203,1265,Lodgepole Pine,Legault,Rawah
720,2718,63,17,242,78,1142,233,204,98,2082,Lodgepole Pine,Legault,Rawah
721,2682,66,8,547,15,812,228,225,131,1702,Lodgepole Pine,Legault,Rawah
722,2662,324,6,616,52,543,205,233,168,1765,Lodgepole Pine,Legault,Rawah
723,3096,49,14,242,26,4180,225,208,114,2984,Lodgepole Pine,Legault,Rawah
724,2975,38,11,633,245,3282,220,216,129,1381,Lodgepole Pine,Legault,Rawah
725,2653,93,12,511,43,424,239,222,111,1833,Lodgepole Pine,Legault,Rawah
726,2876,314,26,295,121,3746,142,210,203,1074,Lodgepole Pine,Legault,Rawah
727,2969,35,4,531,99,2930,219,231,148,1679,Lodgepole Pine,Legault,Rawah
728,2662,119,10,531,52,481,237,232,125,1841,Lodgepole Pine,Legault,Rawah
729,2919,108,7,85,3,5022,232,232,133,1841,Lodgepole Pine,Cryaquolis,Rawah
730,2738,270,12,30,7,1506,188,244,195,2461,Aspen,Legault,Rawah
731,2673,27,23,30,11,1113,204,183,106,1800,Lodgepole Pine,Cryaquolis,Rawah
732,2696,276,11,120,29,1167,190,242,192,1776,Lodgepole Pine,Legault,Rawah
733,2694,56,14,480,27,866,228,211,113,1782,Lodgepole Pine,Legault,Rawah
734,3024,56,17,67,6,4397,229,203,101,2584,Lodgepole Pine,Legault,Rawah
735,2986,174,18,234,17,4805,228,246,142,644,Lodgepole Pine,Legault,Rawah
736,2860,332,5,485,105,1964,209,234,163,2905,Lodgepole Pine,Legault,Rawah
737,2690,40,11,495,-20,800,221,215,127,1820,Lodgepole Pine,Legault,Rawah
738,2987,169,17,390,43,4629,230,245,139,547,Lodgepole Pine,Legault,Rawah
739,2787,96,17,218,32,1767,245,214,93,2718,Lodgepole Pine,Legault,Rawah
740,2934,299,25,418,171,3736,141,221,216,1044,Lodgepole Pine,Legault,Rawah
741,2712,304,7,190,45,1146,201,237,175,1862,Lodgepole Pine,Legault,Rawah
742,2954,160,13,390,51,3012,233,242,137,1608,Lodgepole Pine,Legault,Rawah
743,2750,68,7,30,1,1676,227,226,133,2631,Aspen,Cryaquolis,Rawah
744,3044,57,16,108,-5,4295,229,206,105,2589,Lodgepole Pine,Legault,Rawah
745,2719,52,10,371,8,812,226,218,125,1935,Spruce_Fir,Legault,Rawah
746,2764,76,7,323,32,1437,229,227,131,2372,Lodgepole Pine,Legault,Rawah
747,3034,61,17,212,-9,4325,231,202,98,2491,Lodgepole Pine,Legault,Rawah
748,2753,230,14,175,40,1398,197,252,190,2315,Lodgepole Pine,Legault,Rawah
749,3109,26,7,30,-3,3947,217,225,144,2962,Spruce_Fir,Legault,Rawah
750,2936,100,13,300,20,4687,242,221,107,2012,Lodgepole Pine,Legault,Rawah
751,2875,331,15,277,43,2506,184,221,176,2402,Lodgepole Pine,Legault,Rawah
752,2878,273,20,134,61,4085,164,241,215,738,Lodgepole Pine,Legault,Rawah
753,2856,66,14,371,36,2086,233,211,108,2905,Lodgepole Pine,Legault,Rawah
754,2976,211,7,509,45,3599,215,247,168,1022,Lodgepole Pine,Legault,Rawah
755,2747,9,6,150,22,1380,214,228,152,2182,Lodgepole Pine,Legault,Rawah
756,2703,47,8,319,1,666,223,223,134,1813,Spruce_Fir,Legault,Rawah
757,3073,99,20,216,-12,4133,248,209,80,2624,Lodgepole Pine,Legault,Rawah
758,2932,93,9,124,16,4860,235,226,123,342,Lodgepole Pine,Legault,Rawah
759,2889,323,24,277,43,2605,152,208,191,2315,Lodgepole Pine,Legault,Rawah
760,3146,85,9,192,33,3755,233,225,124,3099,Spruce_Fir,Legault,Rawah
761,2651,64,9,127,3,335,229,221,125,1559,Lodgepole Pine,Legault,Rawah
762,2942,170,12,323,-45,4552,229,245,147,2051,Lodgepole Pine,Legault,Rawah
763,2534,108,2,247,13,234,221,237,151,1395,Lodgepole Pine,Troutville,Rawah
764,2774,10,7,306,39,1691,213,227,151,2621,Lodgepole Pine,Legault,Rawah
765,2732,43,9,0,0,1566,222,220,132,2455,Lodgepole Pine,Cryaquolis,Rawah
766,2916,228,12,67,7,4975,202,251,185,1507,Lodgepole Pine,Legault,Rawah
767,2744,118,18,42,13,1531,248,221,95,2334,Lodgepole Pine,Legault,Rawah
768,2711,171,6,108,9,845,224,243,153,1803,Spruce_Fir,Legault,Rawah
769,3021,68,8,201,26,4134,228,225,130,2493,Spruce_Fir,Legault,Rawah
770,3032,87,12,277,71,5328,238,219,109,671,Lodgepole Pine,Legault,Rawah
771,2904,53,26,30,9,4975,224,176,71,256,Lodgepole Pine,Legault,Rawah
772,2866,122,6,242,46,2335,230,235,138,2730,Lodgepole Pine,Legault,Rawah
773,2539,24,6,120,-3,446,217,226,146,1208,Lodgepole Pine,Troutville,Rawah
774,2895,357,13,60,10,4236,198,215,154,514,Spruce_Fir,Legault,Rawah
775,2903,146,10,443,42,2766,234,239,135,2219,Lodgepole Pine,Legault,Rawah
776,3086,123,10,319,36,3684,237,233,127,2970,Spruce_Fir,Legault,Rawah
777,3083,45,5,256,49,3776,221,229,143,2850,Spruce_Fir,Legault,Rawah
778,2924,9,6,255,50,3095,213,227,152,1855,Lodgepole Pine,Legault,Rawah
779,2740,56,15,162,10,1442,229,207,107,2151,Lodgepole Pine,Legault,Rawah
780,3109,60,16,319,55,3599,231,206,103,3031,Spruce_Fir,Legault,Rawah
781,2935,7,16,67,22,4198,199,207,143,457,Lodgepole Pine,Legault,Rawah
782,2914,104,4,391,41,2989,226,234,143,1995,Lodgepole Pine,Legault,Rawah
783,2686,45,2,0,0,616,220,234,150,1383,Spruce_Fir,Legault,Rawah
784,2564,44,18,67,21,680,221,199,106,1052,Lodgepole Pine,Troutville,Rawah
785,3010,203,16,484,159,5519,211,253,173,760,Lodgepole Pine,Legault,Rawah
786,2753,111,6,90,-3,1897,230,234,137,2791,Lodgepole Pine,Legault,Rawah
787,2719,6,5,67,-3,1194,214,230,154,1848,Spruce_Fir,Legault,Rawah
788,2699,45,1,60,4,834,219,236,154,1510,Spruce_Fir,Legault,Rawah
789,2925,82,5,424,51,3066,227,231,138,1948,Lodgepole Pine,Legault,Rawah
790,2821,102,13,242,60,2134,241,223,110,3013,Spruce_Fir,Legault,Rawah
791,2754,101,11,85,19,1588,239,225,115,2148,Lodgepole Pine,Legault,Rawah
792,2693,5,12,120,0,828,205,217,149,1383,Lodgepole Pine,Legault,Rawah
793,2674,344,7,234,-2,626,206,229,162,1116,Lodgepole Pine,Legault,Rawah
794,3178,83,6,306,46,3209,228,230,137,3398,Spruce_Fir,Legault,Rawah
795,2826,76,13,234,55,2174,236,216,109,2970,Spruce_Fir,Legault,Rawah
796,2725,95,8,0,0,1490,233,229,128,2026,Spruce_Fir,Cryaquolis,Rawah
797,2961,97,20,150,47,3636,248,206,77,1218,Lodgepole Pine,Legault,Rawah
798,2939,88,7,342,57,3234,231,228,129,1812,Lodgepole Pine,Legault,Rawah
799,2761,181,10,42,4,2117,223,247,156,3019,Lodgepole Pine,Legault,Rawah
800,2764,148,6,175,20,1816,229,239,144,2307,Lodgepole Pine,Legault,Rawah
801,2971,322,22,361,158,4671,160,213,190,258,Lodgepole Pine,Legault,Rawah
802,2992,355,8,67,0,4095,207,226,157,589,Spruce_Fir,Legault,Rawah
803,2525,80,7,67,-8,706,229,228,133,916,Spruce_Fir,Cryaquolis,Rawah
804,2750,60,4,0,0,2154,223,231,144,2976,Lodgepole Pine,Cryaquolis,Rawah
805,2742,345,7,30,2,1597,206,229,161,2033,Spruce_Fir,Cryaquolis,Rawah
806,2695,15,7,285,1,819,214,225,148,1104,Lodgepole Pine,Legault,Rawah
807,2993,346,10,300,16,4663,201,225,162,175,Lodgepole Pine,Legault,Rawah
808,2972,0,16,210,20,4200,195,209,150,2112,Lodgepole Pine,Leighcan,Rawah
809,2931,30,14,391,50,3078,215,209,128,2093,Lodgepole Pine,Legault,Rawah
810,2868,188,2,108,14,2616,219,240,157,2470,Lodgepole Pine,Legault,Rawah
811,2976,252,3,212,95,5365,213,241,166,900,Lodgepole Pine,Legault,Rawah
812,2926,67,12,324,45,3055,232,217,116,2093,Lodgepole Pine,Legault,Rawah
813,2853,293,9,42,9,2755,195,238,183,2329,Spruce_Fir,Legault,Rawah
814,2719,126,11,277,-10,1092,239,233,123,1302,Lodgepole Pine,Cryaquolis,Rawah
815,2624,109,14,127,14,911,244,223,105,655,Lodgepole Pine,Troutville,Rawah
816,2985,90,9,295,53,4375,234,226,123,1900,Lodgepole Pine,Legault,Rawah
817,2909,77,10,120,6,4759,233,221,119,1499,Lodgepole Pine,Legault,Rawah
818,2911,130,30,108,52,5485,252,207,60,811,Lodgepole Pine,Legault,Rawah
819,2780,357,14,85,13,2335,197,213,153,2952,Lodgepole Pine,Cryaquolis,Rawah
820,2854,338,7,0,0,5493,205,230,164,703,Lodgepole Pine,Cryaquolis,Rawah
821,2856,2,14,0,0,5468,200,214,150,684,Lodgepole Pine,Cryaquolis,Rawah
822,2997,315,5,30,1,4248,206,236,168,573,Spruce_Fir,Cryaquolis,Rawah
823,3152,65,9,120,13,2928,229,222,126,3526,Spruce_Fir,Leighcan,Rawah
824,2945,76,10,175,42,4542,233,220,118,1717,Lodgepole Pine,Legault,Rawah
825,2821,63,14,30,-4,2496,232,211,108,2704,Spruce_Fir,Cryaquolis,Rawah
826,3002,166,4,258,22,4690,223,241,153,120,Lodgepole Pine,Cryaquolis,Rawah
827,3030,81,14,85,22,4414,238,215,106,408,Spruce_Fir,Legault,Rawah
828,3041,125,13,323,76,3971,242,230,115,2308,Lodgepole Pine,Legault,Rawah
829,2878,339,20,30,15,5493,175,208,170,872,Lodgepole Pine,Legault,Rawah
830,2770,51,12,120,7,1528,226,214,120,1652,Lodgepole Pine,Legault,Rawah
831,2733,89,15,582,20,1092,242,214,98,900,Lodgepole Pine,Legault,Rawah
832,3159,62,15,150,20,2881,231,209,106,3518,Spruce_Fir,Legault,Rawah
833,3123,94,12,342,33,3544,238,222,113,2758,Spruce_Fir,Legault,Rawah
834,2673,69,14,240,56,1084,234,211,106,553,Lodgepole Pine,Legault,Rawah
835,2787,99,9,30,2,1964,235,228,125,2136,Spruce_Fir,Legault,Rawah
836,2544,86,7,247,-16,1020,230,229,132,531,Lodgepole Pine,Troutville,Rawah
837,3162,55,10,190,23,2871,226,219,126,3501,Lodgepole Pine,Legault,Rawah
838,2998,151,24,124,39,4140,242,231,105,2117,Lodgepole Pine,Legault,Rawah
839,2972,37,7,90,16,4242,220,224,139,920,Lodgepole Pine,Cryaquolis,Rawah
840,2859,113,5,42,-1,2881,230,234,138,2250,Spruce_Fir,Legault,Rawah
841,2851,43,17,255,37,2599,221,201,110,2771,Lodgepole Pine,Legault,Rawah
842,2601,48,11,162,-18,1243,224,216,124,342,Lodgepole Pine,Leighcan,Rawah
843,2814,5,9,201,48,1829,209,223,152,1884,Lodgepole Pine,Legault,Rawah
844,3025,96,7,234,17,4437,232,229,129,726,Lodgepole Pine,Legault,Rawah
845,2955,3,13,42,3,4224,201,214,149,2039,Lodgepole Pine,Legault,Rawah
846,2869,325,15,120,13,2898,181,222,180,2310,Spruce_Fir,Legault,Rawah
847,3067,133,11,242,43,3491,237,235,127,2771,Spruce_Fir,Legault,Rawah
848,2905,248,3,95,11,4859,214,241,165,1490,Lodgepole Pine,Legault,Rawah
849,3001,17,6,323,43,3929,215,228,150,1371,Lodgepole Pine,Legault,Rawah
850,2712,72,12,391,88,1351,233,217,115,560,Lodgepole Pine,Cryaquolis,Rawah
851,3050,72,10,124,26,3538,231,221,122,2719,Spruce_Fir,Legault,Rawah
852,2882,37,10,0,0,5639,220,219,133,1040,Lodgepole Pine,Cryaquolis,Rawah
853,2962,108,9,150,4,3840,236,230,125,1320,Lodgepole Pine,Legault,Rawah
854,2762,357,9,658,1,1529,207,225,156,900,Lodgepole Pine,Cryaquolis,Rawah
855,3041,144,12,60,4,3476,237,238,129,2781,Spruce_Fir,Legault,Rawah
856,2984,132,11,153,26,3967,238,234,124,1245,Lodgepole Pine,Legault,Rawah
857,3090,131,14,124,46,3270,242,231,115,2986,Spruce_Fir,Legault,Rawah
858,3008,356,16,42,7,3719,192,209,153,2549,Spruce_Fir,Legault,Rawah
859,2900,66,17,42,6,5655,234,205,97,1116,Lodgepole Pine,Legault,Rawah
860,3014,234,21,285,115,5432,180,253,205,834,Lodgepole Pine,Legault,Rawah
861,2898,254,7,30,6,4919,204,245,179,1552,Aspen,Cryaquolis,Rawah
862,2898,114,3,60,4,4948,224,236,147,1533,Aspen,Cryaquolis,Rawah
863,2834,32,15,247,36,1897,216,207,124,1561,Lodgepole Pine,Cryaquolis,Rawah
864,2780,96,5,582,21,1616,228,233,139,902,Lodgepole Pine,Legault,Rawah
865,2896,276,7,30,5,4911,201,242,179,1575,Aspen,Cryaquolis,Rawah
866,2898,352,3,60,6,4941,214,233,158,1556,Aspen,Cryaquolis,Rawah
867,2838,322,14,85,22,2379,183,225,182,2252,Spruce_Fir,Legault,Rawah
868,2802,91,11,540,18,1699,237,223,115,1084,Lodgepole Pine,Legault,Rawah
869,2891,292,8,0,0,4875,197,239,182,1617,Aspen,Cryaquolis,Rawah
870,2902,342,3,67,4,4963,213,235,159,1560,Aspen,Cryaquolis,Rawah
871,2853,39,10,350,55,2109,221,219,132,1834,Lodgepole Pine,Legault,Rawah
872,3025,194,15,342,112,5307,217,251,164,1396,Lodgepole Pine,Legault,Rawah
873,2960,104,20,150,41,3479,249,211,82,1663,Lodgepole Pine,Legault,Rawah
874,2932,113,15,85,19,3432,245,223,104,1734,Lodgepole Pine,Legault,Rawah
875,2896,351,8,30,3,4803,206,227,159,1702,Aspen,Cryaquolis,Rawah
876,2905,353,8,42,-3,4979,206,226,158,1590,Aspen,Cryaquolis,Rawah
877,2921,258,20,108,8,5066,168,247,215,1539,Aspen,Legault,Rawah
878,3046,335,15,134,31,4530,185,218,172,1055,Spruce_Fir,Legault,Rawah
879,2752,68,11,418,65,1684,232,218,118,626,Lodgepole Pine,Legault,Rawah
880,2904,9,13,30,5,4855,205,213,144,1687,Aspen,Cryaquolis,Rawah
881,2906,87,10,212,42,3070,236,223,118,2513,Lodgepole Pine,Legault,Rawah
882,2756,81,10,420,5,1717,234,222,118,664,Lodgepole Pine,Legault,Rawah
883,2666,63,14,212,19,1176,232,211,109,228,Lodgepole Pine,Cryaquolis,Rawah
884,2654,78,11,272,7,1116,234,220,116,258,Lodgepole Pine,Cryaquolis,Rawah
885,2975,354,40,474,0,4118,126,141,132,2250,Lodgepole Pine,Legault,Rawah
886,3131,318,13,618,85,5272,185,228,183,872,Lodgepole Pine,Legault,Rawah
887,2913,321,16,95,14,4784,178,223,184,1771,Aspen,Cryaquolis,Rawah
888,2908,198,2,30,1,4954,218,240,158,1689,Aspen,Cryaquolis,Rawah
889,2910,266,4,42,2,4983,210,241,169,1673,Aspen,Cryaquolis,Rawah
890,2770,68,3,330,11,1820,222,234,148,808,Lodgepole Pine,Legault,Rawah
891,2914,113,11,0,0,4889,239,229,119,1747,Aspen,Cryaquolis,Rawah
892,2905,329,1,30,-3,4948,215,237,159,1714,Aspen,Cryaquolis,Rawah
893,2917,280,11,108,4,5037,191,241,190,1667,Aspen,Cryaquolis,Rawah
894,2924,270,10,134,11,5066,194,244,189,1652,Aspen,Legault,Rawah
895,2987,236,21,365,74,5302,178,253,207,1537,Lodgepole Pine,Legault,Rawah
896,2999,347,13,150,21,4146,195,218,162,966,Lodgepole Pine,Legault,Rawah
897,2878,290,12,218,55,2525,187,238,191,2244,Spruce_Fir,Legault,Rawah
898,2915,297,5,108,1,4736,205,238,172,1860,Aspen,Legault,Rawah
899,2918,310,11,124,10,5031,191,233,182,1693,Aspen,Cryaquolis,Rawah
900,2925,205,5,175,12,5090,217,244,164,1664,Aspen,Legault,Rawah
901,2942,5,11,60,3,3542,206,219,150,1745,Lodgepole Pine,Legault,Rawah
902,2918,8,7,85,3,4731,212,226,152,1884,Aspen,Legault,Rawah
903,2931,267,16,242,18,5144,178,245,205,1664,Aspen,Legault,Rawah
904,2997,351,6,42,-2,3827,210,230,159,1302,Lodgepole Pine,Legault,Rawah
905,3037,346,13,418,0,3667,195,219,162,2696,Lodgepole Pine,Legault,Rawah
906,2929,75,15,95,14,4696,237,212,103,1926,Aspen,Legault,Rawah
907,3174,350,13,700,66,5370,195,217,160,1050,Lodgepole Pine,Legault,Rawah
908,3082,79,2,212,32,4669,222,234,148,816,Lodgepole Pine,Legault,Rawah
909,2841,96,5,295,57,2174,228,233,139,1558,Lodgepole Pine,Legault,Rawah
910,2928,294,6,216,21,5075,204,239,174,1744,Aspen,Cryaquolis,Rawah
911,2939,288,10,268,26,5134,193,239,186,1718,Aspen,Legault,Rawah
912,3103,356,12,134,10,3071,201,219,155,3237,Spruce_Fir,Legault,Rawah
913,3096,73,11,192,13,3187,233,218,115,3133,Spruce_Fir,Legault,Rawah
914,3064,59,8,319,0,3362,227,223,130,2980,Spruce_Fir,Legault,Rawah
915,2917,50,11,30,2,4745,225,217,125,1939,Aspen,Cryaquolis,Rawah
916,2920,295,9,42,5,4833,195,238,182,1889,Aspen,Cryaquolis,Rawah
917,2935,32,12,162,26,4981,217,214,131,1812,Aspen,Legault,Rawah
918,3129,38,11,190,36,2802,220,216,129,3489,Spruce_Fir,Legault,Rawah
919,2924,53,14,0,0,4740,227,210,113,1964,Aspen,Cryaquolis,Rawah
920,2929,302,16,85,14,4858,172,230,198,1899,Aspen,Legault,Rawah
921,2936,22,11,201,27,5006,213,216,138,1825,Aspen,Legault,Rawah
922,2938,0,5,277,29,5095,213,231,156,1785,Aspen,Cryaquolis,Rawah
923,3004,273,14,301,93,5754,181,243,201,1237,Lodgepole Pine,Legault,Rawah
924,3168,203,6,700,60,5459,217,246,164,1140,Lodgepole Pine,Legault,Rawah
925,3130,110,12,421,51,5271,240,227,115,1172,Lodgepole Pine,Legault,Rawah
926,2775,191,9,134,-11,2081,220,247,161,1140,Lodgepole Pine,Legault,Rawah
927,2744,81,11,170,25,1702,235,219,114,642,Lodgepole Pine,Legault,Rawah
928,2698,71,14,30,8,1554,235,211,104,564,Lodgepole Pine,Cryaquolis,Rawah
929,2927,68,11,0,0,4735,232,218,118,1989,Aspen,Cryaquolis,Rawah
930,2941,16,8,216,27,5002,214,224,147,1852,Aspen,Legault,Rawah
931,2942,350,9,242,33,5032,203,224,160,1838,Aspen,Legault,Rawah
932,3112,133,12,210,33,5128,239,234,122,999,Lodgepole Pine,Legault,Rawah
933,2931,114,6,30,4,4701,232,233,135,2030,Aspen,Cryaquolis,Rawah
934,2944,0,10,218,9,4998,205,221,153,1878,Aspen,Legault,Rawah
935,2948,1,15,277,39,5057,198,211,150,1852,Aspen,Legault,Rawah
936,3038,13,9,376,58,4524,211,221,146,641,Lodgepole Pine,Legault,Rawah
937,2953,13,18,182,18,4964,199,199,133,1919,Aspen,Legault,Rawah
938,2954,344,16,242,19,5024,185,213,165,1892,Aspen,Legault,Rawah
939,2959,358,17,361,24,5143,192,207,151,1804,Aspen,Legault,Rawah
940,2980,66,15,175,-20,3896,233,209,104,1369,Lodgepole Pine,Legault,Rawah
941,2749,169,4,30,-2,1895,222,241,154,828,Lodgepole Pine,Legault,Rawah
942,2943,282,13,60,8,4841,184,241,196,2002,Aspen,Legault,Rawah
943,2969,2,17,330,34,5109,194,206,147,1847,Aspen,Legault,Rawah
944,3156,84,16,458,48,5416,241,211,95,1195,Lodgepole Pine,Legault,Rawah
945,3060,95,22,454,136,4272,249,201,69,2359,Lodgepole Pine,Legault,Rawah
946,2976,348,13,300,41,5076,194,217,161,1889,Aspen,Legault,Rawah
947,2948,79,15,120,24,5493,239,211,99,1608,Spruce_Fir,Legault,Rawah
948,2851,323,11,170,5,2910,191,228,177,2518,Spruce_Fir,Cryaquolis,Rawah
949,2937,325,4,30,1,4774,210,235,163,2084,Aspen,Cryaquolis,Rawah
950,3104,50,11,150,11,5205,225,215,123,882,Lodgepole Pine,Legault,Rawah
951,2753,75,5,30,-1,2030,226,231,140,976,Lodgepole Pine,Cryaquolis,Rawah
952,2666,132,12,42,1,1350,239,234,123,690,Lodgepole Pine,Cryaquolis,Rawah
953,2955,26,8,124,5,4592,216,222,142,2205,Aspen,Cryaquolis,Rawah
954,2953,19,9,67,3,4651,214,222,144,2172,Aspen,Cryaquolis,Rawah
955,3129,44,13,722,65,3606,222,211,121,2896,Lodgepole Pine,Legault,Rawah
956,2996,34,11,400,61,5155,219,216,132,1889,Spruce_Fir,Legault,Rawah
957,2859,125,18,127,28,2738,247,225,100,2173,Lodgepole Pine,Legault,Rawah
958,2979,265,10,242,44,4973,194,245,190,2037,Spruce_Fir,Legault,Rawah
959,2955,86,9,258,41,3580,234,225,122,2142,Lodgepole Pine,Legault,Rawah
960,2948,310,8,60,-1,4761,197,234,177,2188,Aspen,Legault,Rawah
961,3146,84,7,306,38,5464,231,227,129,1036,Lodgepole Pine,Legault,Rawah
962,2683,98,18,67,14,1418,246,213,89,812,Lodgepole Pine,Cryaquolis,Rawah
963,3159,346,12,642,102,3833,196,220,163,2779,Lodgepole Pine,Legault,Rawah
964,2952,54,4,85,0,4609,222,231,144,2290,Aspen,Cryaquolis,Rawah
965,2950,328,9,30,8,4729,198,230,171,2229,Aspen,Cryaquolis,Rawah
966,2953,323,9,60,8,4759,197,231,173,2215,Aspen,Legault,Rawah
967,2861,164,9,180,30,2863,228,243,147,2290,Lodgepole Pine,Legault,Rawah
968,3165,343,13,649,72,3353,192,219,165,3158,Spruce_Fir,Legault,Rawah
969,2952,27,5,67,0,4607,218,228,147,2315,Aspen,Cryaquolis,Rawah
970,2954,38,5,30,6,4666,220,228,144,2285,Aspen,Cryaquolis,Rawah
971,2952,280,4,30,4,4726,208,240,170,2255,Aspen,Cryaquolis,Rawah
972,2957,270,5,60,15,4756,206,242,174,2241,Aspen,Legault,Rawah
973,2957,255,3,90,12,4786,213,241,166,2227,Aspen,Legault,Rawah
974,3188,101,8,547,95,3022,233,230,129,3439,Spruce_Fir,Legault,Rawah
975,2955,27,8,42,-3,4604,217,223,142,2341,Aspen,Cryaquolis,Rawah
976,2951,84,2,0,0,4694,222,235,149,2296,Aspen,Cryaquolis,Rawah
977,3111,98,8,90,3,5369,234,228,126,808,Lodgepole Pine,Legault,Rawah
978,2952,55,4,30,0,4692,222,231,145,2322,Aspen,Cryaquolis,Rawah
979,2953,270,1,42,2,4722,216,238,160,2308,Aspen,Cryaquolis,Rawah
980,3121,316,16,127,20,5219,176,225,188,577,Lodgepole Pine,Legault,Rawah
981,2855,54,19,180,45,2635,227,196,94,1765,Lodgepole Pine,Legault,Rawah
982,2746,43,16,60,-1,1753,221,204,113,1008,Lodgepole Pine,Legault,Rawah
983,3124,109,11,218,16,5498,240,227,116,902,Lodgepole Pine,Legault,Rawah
984,2963,300,8,201,21,4867,199,237,178,2249,Spruce_Fir,Legault,Rawah
985,3112,338,8,95,5,5346,202,228,165,664,Spruce_Fir,Legault,Rawah
986,2926,18,10,242,41,3336,212,219,143,2648,Lodgepole Pine,Legault,Rawah
987,2811,114,8,330,44,2345,235,232,129,1400,Lodgepole Pine,Legault,Rawah
988,2656,72,15,182,21,1180,236,209,101,1006,Lodgepole Pine,Legault,Rawah
989,3064,117,20,134,49,4812,250,218,87,277,Spruce_Fir,Legault,Rawah
990,3014,326,9,30,5,4635,198,230,172,541,Spruce_Fir,Legault,Rawah
991,2917,317,12,108,10,3522,188,230,181,2435,Lodgepole Pine,Legault,Rawah
992,3031,234,11,295,94,5883,202,250,185,1774,Spruce_Fir,Legault,Rawah
993,3138,313,13,216,31,5347,186,230,184,553,Lodgepole Pine,Legault,Rawah
994,3098,112,9,272,33,4990,235,231,127,120,Lodgepole Pine,Legault,Rawah
995,3032,349,10,127,21,4635,202,224,160,612,Spruce_Fir,Legault,Rawah
996,2982,10,18,30,7,4562,197,200,136,2538,Spruce_Fir,Cryaquolis,Rawah
997,3032,339,14,95,23,4710,189,219,169,518,Spruce_Fir,Legault,Rawah
998,2896,72,16,319,44,3294,236,208,98,2726,Lodgepole Pine,Legault,Rawah
999,2846,135,2,0,0,3056,222,238,152,2349,Spruce_Fir,Cryaquolis,Rawah
1000,2995,39,18,0,0,4472,218,198,109,2609,Spruce_Fir,Cryaquolis,Rawah
1001,2795,144,11,258,16,2280,236,238,132,1471,Lodgepole Pine,Legault,Rawah
1002,2955,141,10,124,9,5251,236,237,131,2147,Spruce_Fir,Cryaquolis,Rawah
1003,3132,48,7,324,25,5622,223,225,138,841,Spruce_Fir,Legault,Rawah
1004,3241,202,12,277,50,3571,214,251,169,3204,Spruce_Fir,Legault,Rawah
1005,3057,86,20,42,13,4290,244,203,79,2779,Spruce_Fir,Legault,Rawah
1006,2977,95,10,309,18,4830,236,225,120,2447,Spruce_Fir,Cryaquolis,Rawah
1007,2976,87,8,210,31,4012,232,227,127,1920,Lodgepole Pine,Cryaquolis,Rawah
1008,2755,45,9,108,0,1740,223,220,131,1290,Lodgepole Pine,Legault,Rawah
1009,3160,209,10,295,60,5301,213,249,171,277,Lodgepole Pine,Legault,Rawah
1010,2954,45,9,67,9,3925,223,220,132,2071,Lodgepole Pine,Cryaquolis,Rawah
1011,2780,352,2,30,1,2070,216,236,157,1451,Lodgepole Pine,Legault,Rawah
1012,2940,90,4,30,0,5370,226,233,143,2188,Spruce_Fir,Cryaquolis,Rawah
1013,2943,169,1,60,-2,5460,220,239,156,2147,Spruce_Fir,Cryaquolis,Rawah
1014,3099,290,21,604,160,6120,156,232,214,1533,Spruce_Fir,Legault,Rawah
1015,2895,327,15,212,55,3140,182,222,179,2313,Lodgepole Pine,Legault,Rawah
1016,2779,15,7,0,0,1980,214,225,148,1436,Lodgepole Pine,Legault,Rawah
1017,2595,37,18,218,51,930,216,197,110,1357,Lodgepole Pine,Troutville,Rawah
1018,2951,112,7,60,9,5280,232,233,133,2259,Spruce_Fir,Legault,Rawah
1019,3005,259,16,324,60,5790,179,247,206,1864,Spruce_Fir,Legault,Rawah
1020,3035,352,7,42,2,4744,208,229,158,789,Spruce_Fir,Legault,Rawah
1021,3113,77,16,30,10,4141,239,208,95,2987,Spruce_Fir,Legault,Rawah
1022,3083,357,20,127,39,4411,184,199,149,2843,Spruce_Fir,Legault,Rawah
1023,3049,268,18,537,112,6001,172,244,210,1660,Spruce_Fir,Legault,Rawah
1024,3144,62,4,313,44,5431,223,232,145,376,Spruce_Fir,Cryaquolis,Rawah
1025,3049,241,2,469,29,4578,214,241,164,1273,Lodgepole Pine,Legault,Rawah
1026,3170,14,12,524,63,5752,208,214,141,808,Spruce_Fir,Legault,Rawah
1027,3054,63,5,323,30,4696,225,229,139,1071,Spruce_Fir,Legault,Rawah
1028,3052,311,14,85,11,4849,182,230,187,816,Spruce_Fir,Legault,Rawah
1029,2977,346,10,210,29,4012,200,223,162,2143,Lodgepole Pine,Legault,Rawah
1030,2827,71,19,124,25,2586,237,201,88,1894,Lodgepole Pine,Legault,Rawah
1031,2801,8,15,108,19,2018,202,209,143,1584,Lodgepole Pine,Legault,Rawah
1032,2653,89,20,417,109,1095,245,204,79,1465,Lodgepole Pine,Legault,Rawah
1033,3185,169,8,42,-2,3724,226,244,151,3308,Spruce_Fir,Legault,Rawah
1034,3105,350,7,90,12,5245,208,228,159,285,Spruce_Fir,Cryaquolis,Rawah
1035,2922,103,18,182,47,3726,247,214,89,2624,Spruce_Fir,Legault,Rawah
1036,2979,87,5,120,25,5134,227,232,140,2490,Spruce_Fir,Legault,Rawah
1037,3167,15,7,408,29,5600,214,226,149,541,Spruce_Fir,Legault,Rawah
1038,2898,196,6,350,65,3013,219,245,162,2252,Lodgepole Pine,Legault,Rawah
1039,3157,240,11,830,50,6131,198,250,188,1245,Lodgepole Pine,Legault,Rawah
1040,2814,355,13,95,18,2359,199,218,156,1848,Lodgepole Pine,Legault,Rawah
1041,3221,135,2,371,30,3284,222,238,151,3693,Spruce_Fir,Cryaquolis,Rawah
1042,3073,78,8,330,38,4870,231,226,128,1092,Spruce_Fir,Legault,Rawah
1043,3013,77,25,277,46,4841,242,186,60,2755,Lodgepole Pine,Legault,Rawah
1044,2959,239,8,30,1,5352,205,247,180,2353,Lodgepole Pine,Cryaquolis,Rawah
1045,2978,261,17,277,16,5803,177,247,207,1921,Lodgepole Pine,Legault,Rawah
1046,2876,116,9,162,28,2862,236,231,126,2334,Lodgepole Pine,Legault,Rawah
1047,3166,230,7,771,22,6155,209,247,175,1167,Lodgepole Pine,Legault,Rawah
1048,2763,83,14,430,13,1652,239,215,104,1727,Lodgepole Pine,Legault,Rawah
1049,2965,352,3,180,3,5718,214,233,158,2023,Lodgepole Pine,Cryaquolis,Rawah
1050,3025,62,16,484,58,4821,232,205,101,1398,Spruce_Fir,Legault,Rawah
1051,2683,89,13,190,13,1194,240,218,106,1790,Lodgepole Pine,Cryaquolis,Rawah
1052,2865,180,11,95,12,2876,224,247,154,2483,Lodgepole Pine,Legault,Rawah
1053,2980,59,8,212,13,4688,227,223,130,1682,Lodgepole Pine,Cryaquolis,Rawah
1054,2861,159,7,124,11,2967,228,242,146,2588,Lodgepole Pine,Legault,Rawah
1055,2679,66,11,108,9,1235,231,217,117,1879,Lodgepole Pine,Cryaquolis,Rawah
1056,3137,247,7,702,130,6238,205,246,179,1437,Lodgepole Pine,Legault,Rawah
1057,2970,73,13,150,3,4710,235,213,107,1733,Lodgepole Pine,Cryaquolis,Rawah
1058,2928,346,12,0,0,3919,196,220,163,2534,Lodgepole Pine,Legault,Rawah
1059,2975,108,1,30,0,5530,220,237,154,2287,Spruce_Fir,Cryaquolis,Rawah
1060,2986,295,10,190,9,5819,193,238,185,1950,Spruce_Fir,Leighcan,Rawah
1061,2717,72,12,85,9,1437,233,217,114,1982,Lodgepole Pine,Legault,Rawah
1062,3157,146,5,216,12,5758,227,239,146,811,Spruce_Fir,Legault,Rawah
1063,2978,315,6,67,-2,5374,205,235,170,2458,Spruce_Fir,Cryaquolis,Rawah
1064,2954,53,7,42,0,4195,224,224,134,2262,Lodgepole Pine,Cryaquolis,Rawah
1065,3105,341,14,127,10,5434,191,219,167,1129,Spruce_Fir,Legault,Rawah
1066,3109,261,12,659,102,6110,189,246,195,1524,Lodgepole Pine,Legault,Rawah
1067,3107,293,5,182,12,5568,205,239,173,1132,Spruce_Fir,Cryaquolis,Rawah
1068,2958,34,7,30,0,4424,219,224,141,2067,Lodgepole Pine,Cryaquolis,Rawah
1069,2668,64,13,162,-24,1170,232,213,111,2185,Lodgepole Pine,Legault,Rawah
1070,3114,283,6,240,19,5584,202,240,177,1199,Spruce_Fir,Legault,Rawah
1071,3001,57,18,180,28,4673,229,200,97,1864,Spruce_Fir,Legault,Rawah
1072,2963,53,9,0,0,4461,226,220,128,2058,Lodgepole Pine,Cryaquolis,Rawah
1073,3005,301,1,42,0,5564,215,238,161,2125,Spruce_Fir,Leighcan,Rawah
1074,3008,117,3,30,2,5128,225,236,146,2644,Lodgepole Pine,Legault,Rawah
1075,3118,176,13,426,23,5302,226,247,150,1429,Spruce_Fir,Legault,Rawah
1076,3020,20,18,300,78,3893,204,198,126,2590,Lodgepole Pine,Legault,Rawah
1077,2946,309,23,210,74,2960,151,218,204,2536,Lodgepole Pine,Legault,Rawah
1078,2893,127,9,175,20,2108,236,234,128,2496,Lodgepole Pine,Legault,Rawah
1079,3106,50,7,485,11,5371,224,225,136,1473,Spruce_Fir,Cryaquolis,Rawah
1080,2942,356,7,67,13,3427,209,227,157,2596,Lodgepole Pine,Legault,Rawah
1081,2941,32,4,108,12,3369,219,230,147,2574,Lodgepole Pine,Legault,Rawah
1082,3066,179,12,283,36,4918,225,247,153,1803,Spruce_Fir,Legault,Rawah
1083,3052,115,14,127,32,4710,243,226,109,1956,Lodgepole Pine,Legault,Rawah
1084,3183,37,14,560,88,5686,219,207,121,1405,Spruce_Fir,Legault,Rawah
1085,3014,101,8,30,4,5242,233,230,129,2413,Spruce_Fir,Cryaquolis,Rawah
1086,3048,260,11,258,24,5648,195,246,190,1973,Lodgepole Pine,Leighcan,Rawah
1087,2960,84,10,30,5,3660,234,224,121,2579,Spruce_Fir,Legault,Rawah
1088,2929,282,12,134,41,2984,188,241,193,2321,Lodgepole Pine,Legault,Rawah
1089,3042,274,8,201,17,5586,200,242,182,2036,Lodgepole Pine,Leighcan,Rawah
1090,2908,14,12,124,8,1908,209,216,143,2190,Lodgepole Pine,Legault,Rawah
1091,2881,59,12,228,10,1679,229,214,116,2258,Lodgepole Pine,Legault,Rawah
1092,2888,55,9,234,9,1698,226,221,128,2220,Lodgepole Pine,Legault,Rawah
1093,2782,42,6,443,-15,907,221,227,142,2634,Lodgepole Pine,Legault,Rawah
1094,3246,80,7,680,98,6019,229,228,133,1565,Spruce_Fir,Legault,Rawah
1095,3218,111,8,558,70,5840,234,231,129,1589,Spruce_Fir,Legault,Rawah
1096,3145,245,16,446,84,5928,185,251,202,1812,Lodgepole Pine,Legault,Rawah
1097,2976,30,11,30,9,3863,216,215,133,2508,Spruce_Fir,Legault,Rawah
1098,3184,109,10,402,36,5683,238,229,121,1710,Spruce_Fir,Legault,Rawah
1099,2788,77,9,524,71,778,232,223,122,2554,Lodgepole Pine,Legault,Rawah
1100,3035,98,16,192,25,4153,244,216,97,2616,Lodgepole Pine,Legault,Rawah
1101,3002,358,7,30,4,3907,209,227,156,2405,Lodgepole Pine,Cryaquolis,Rawah
1102,2944,111,8,210,15,1965,234,231,129,1871,Lodgepole Pine,Legault,Rawah
1103,2789,57,8,400,56,702,226,223,131,2484,Lodgepole Pine,Legault,Rawah
1104,3079,57,8,0,0,5014,226,223,132,2140,Spruce_Fir,Cryaquolis,Rawah
1105,3112,63,23,408,97,4563,233,186,72,3084,Spruce_Fir,Legault,Rawah
1106,3061,276,5,42,1,5532,207,241,173,2207,Lodgepole Pine,Cryaquolis,Rawah
1107,3017,17,11,108,14,3873,211,218,142,2317,Lodgepole Pine,Legault,Rawah
1108,2808,139,14,300,6,849,241,235,120,2275,Lodgepole Pine,Legault,Rawah
1109,3289,251,10,812,141,6297,198,247,187,1958,Lodgepole Pine,Legault,Rawah
1110,2943,82,3,30,-1,2130,224,233,144,1634,Spruce_Fir,Legault,Rawah
1111,2904,137,10,108,0,1380,236,236,130,1883,Lodgepole Pine,Legault,Rawah
1112,3152,69,11,60,4,5490,232,218,116,2164,Lodgepole Pine,Legault,Rawah
1113,3221,226,13,607,151,6040,201,252,186,2136,Lodgepole Pine,Legault,Rawah
1114,3027,18,5,242,4,3211,216,229,150,1734,Lodgepole Pine,Legault,Rawah
1115,2813,117,13,90,11,964,241,228,114,2038,Lodgepole Pine,Legault,Rawah
1116,3105,66,8,297,30,4569,229,224,128,3055,Spruce_Fir,Legault,Rawah
1117,3226,41,15,531,49,4076,221,206,117,3571,Spruce_Fir,Leighcan,Rawah
1118,2952,0,4,30,2,2046,214,232,156,1471,Spruce_Fir,Legault,Rawah
1119,3168,250,18,430,98,5850,179,250,207,2285,Lodgepole Pine,Legault,Rawah
1120,3173,58,16,212,25,5523,230,206,104,2300,Lodgepole Pine,Legault,Rawah
1121,3156,30,11,210,8,5433,216,215,133,2325,Lodgepole Pine,Legault,Rawah
1122,3038,40,7,218,26,3275,221,224,138,1689,Spruce_Fir,Legault,Rawah
1123,2869,62,15,192,25,1371,231,208,106,1674,Spruce_Fir,Legault,Rawah
1124,2747,4,13,95,12,484,202,214,148,2347,Lodgepole Pine,Leighcan,Rawah
1125,2722,8,19,134,17,228,194,198,137,2598,Lodgepole Pine,Leighcan,Rawah
1126,3079,0,6,283,14,5167,212,229,155,2646,Spruce_Fir,Leighcan,Rawah
1127,3121,55,10,85,-1,4897,226,219,126,2617,Lodgepole Pine,Legault,Rawah
1128,3171,215,13,499,94,5921,207,252,179,2372,Lodgepole Pine,Legault,Rawah
1129,3007,16,7,297,5,2690,214,226,148,1302,Spruce_Fir,Cryaquolis,Rawah
1130,3080,315,16,150,22,4795,176,226,189,2930,Spruce_Fir,Leighcan,Rawah
1131,3215,41,10,408,67,5622,221,219,132,2454,Lodgepole Pine,Legault,Rawah
1132,3102,95,11,240,27,4371,238,223,114,3271,Spruce_Fir,Legault,Rawah
1133,3121,243,7,234,48,5641,207,246,176,2518,Lodgepole Pine,Legault,Rawah
1134,3236,63,5,553,88,5863,225,229,139,2445,Lodgepole Pine,Legault,Rawah
1135,3072,53,7,108,8,5289,224,224,134,2675,Spruce_Fir,Leighcan,Rawah
1136,3056,0,3,247,11,3327,215,234,156,1513,Lodgepole Pine,Cryaquolis,Rawah
1137,3018,15,5,300,7,2762,216,230,152,1233,Lodgepole Pine,Cryaquolis,Rawah
1138,3058,13,4,60,1,3539,215,231,152,1634,Lodgepole Pine,Cryaquolis,Rawah
1139,3091,59,13,182,16,4362,230,211,112,3300,Spruce_Fir,Leighcan,Rawah
1140,3291,27,10,691,30,3777,216,219,138,3844,Spruce_Fir,Legault,Rawah
1141,3087,52,17,85,20,5280,226,202,103,2763,Spruce_Fir,Leighcan,Rawah
1142,3033,45,7,175,25,2519,222,225,138,1057,Spruce_Fir,Cryaquolis,Rawah
1143,2827,330,18,404,86,531,174,215,180,2321,Lodgepole Pine,Leighcan,Rawah
1144,3074,53,11,67,5,5318,227,215,121,2771,Spruce_Fir,Leighcan,Rawah
1145,3157,79,8,212,2,5162,231,225,126,2791,Lodgepole Pine,Legault,Rawah
1146,3018,33,7,134,10,2263,219,226,143,1031,Spruce_Fir,Legault,Rawah
1147,2962,100,18,242,74,1917,246,213,89,1140,Lodgepole Pine,Legault,Rawah
1148,3155,359,12,390,46,4837,202,219,153,3022,Spruce_Fir,Legault,Rawah
1149,3123,42,13,323,59,5042,222,212,123,2912,Spruce_Fir,Legault,Rawah
1150,3094,352,5,134,2,4593,211,231,158,3187,Spruce_Fir,Leighcan,Rawah
1151,2861,0,4,0,0,1544,213,232,156,1337,Spruce_Fir,Legault,Rawah
1152,3122,52,11,300,57,5064,226,217,124,2943,Spruce_Fir,Legault,Rawah
1153,3041,63,4,283,33,2555,224,231,143,908,Spruce_Fir,Cryaquolis,Rawah
1154,2877,342,13,450,131,618,193,220,166,2285,Lodgepole Pine,Leighcan,Rawah
1155,2728,88,14,240,40,242,241,215,101,2424,Aspen,Legault,Rawah
1156,2714,73,19,212,36,240,239,200,84,2376,Aspen,Legault,Rawah
1157,3145,42,18,384,80,4983,220,197,106,3022,Spruce_Fir,Legault,Rawah
1158,2717,70,18,218,43,242,237,203,91,2358,Aspen,Legault,Rawah
1159,2751,76,17,313,63,323,239,206,92,2463,Aspen,Leighcan,Rawah
1160,2711,67,20,201,37,218,236,196,84,2316,Aspen,Legault,Rawah
1161,2695,54,13,150,20,162,227,211,115,2268,Aspen,Legault,Rawah
1162,2686,41,9,90,12,108,221,221,134,2221,Aspen,Legault,Rawah
1163,3095,13,8,95,8,3684,212,223,148,1498,Spruce_Fir,Legault,Rawah
1164,2738,77,11,323,60,335,234,219,115,2396,Aspen,Legault,Rawah
1165,2733,58,9,295,59,313,227,222,129,2372,Aspen,Legault,Rawah
1166,2895,30,10,30,0,1838,217,217,135,1041,Spruce_Fir,Cryaquolis,Rawah
1167,2710,63,17,190,36,216,233,204,98,2256,Aspen,Legault,Rawah
1168,3121,288,8,127,0,4585,197,239,182,3304,Spruce_Fir,Legault,Rawah
1169,3140,265,14,283,39,5708,183,245,201,2902,Lodgepole Pine,Leighcan,Rawah
1170,2868,72,20,30,15,1087,238,196,80,1758,Spruce_Fir,Legault,Rawah
1171,2741,64,11,342,67,362,230,217,118,2363,Aspen,Legault,Rawah
1172,2920,355,10,210,92,937,204,222,157,1967,Lodgepole Pine,Leighcan,Rawah
1173,2744,60,13,351,70,376,230,213,114,2347,Aspen,Legault,Rawah
1174,2703,55,11,120,35,150,227,216,121,2148,Aspen,Legault,Rawah
1175,3116,45,9,153,32,5220,223,220,132,3066,Spruce_Fir,Leighcan,Rawah
1176,2807,62,22,485,119,497,233,189,79,2460,Lodgepole Pine,Leighcan,Rawah
1177,2748,61,15,360,74,390,231,208,106,2331,Aspen,Legault,Rawah
1178,2743,64,10,330,68,360,230,219,122,2306,Aspen,Legault,Rawah
1179,2739,71,13,300,65,330,234,214,110,2264,Aspen,Legault,Rawah
1180,2709,59,11,120,43,150,228,217,120,2114,Aspen,Legault,Rawah
1181,3170,310,4,108,4,5042,209,237,166,2685,Spruce_Fir,Cryaquolis,Rawah
1182,3156,88,6,450,22,4367,229,230,135,2021,Lodgepole Pine,Legault,Rawah
1183,2938,1,11,30,3,2120,204,219,152,774,Spruce_Fir,Cryaquolis,Rawah
1184,2916,27,8,371,99,872,217,223,142,2078,Lodgepole Pine,Legault,Rawah
1185,2779,64,23,420,105,450,234,186,72,2352,Aspen,Legault,Rawah
1186,2720,54,10,180,57,210,226,218,125,2147,Aspen,Legault,Rawah
1187,3126,34,16,85,11,4354,216,203,118,3524,Spruce_Fir,Leighcan,Rawah
1188,3212,258,21,277,73,4723,167,247,216,3329,Spruce_Fir,Legault,Rawah
1189,3101,322,3,0,0,5428,212,236,162,3089,Lodgepole Pine,Cryaquolis,Rawah
1190,2785,59,24,421,110,450,230,183,73,2337,Aspen,Legault,Rawah
1191,2774,58,23,391,100,420,229,184,75,2311,Aspen,Legault,Rawah
1192,2756,52,20,331,91,360,226,193,93,2259,Aspen,Legault,Rawah
1193,2723,53,10,182,57,210,226,218,126,2131,Aspen,Legault,Rawah
1194,2708,67,16,95,37,120,234,207,100,2055,Aspen,Legault,Rawah
1195,2960,303,20,256,52,1857,162,227,204,966,Lodgepole Pine,Legault,Rawah
1196,2817,64,24,484,143,511,233,184,70,2375,Aspen,Leighcan,Rawah
1197,2754,50,24,306,86,331,223,180,78,2218,Aspen,Legault,Rawah
1198,2731,51,12,218,65,242,226,213,119,2140,Aspen,Legault,Rawah
1199,2722,57,10,162,52,182,227,219,125,2089,Aspen,Legault,Rawah
1200,2717,62,11,134,46,153,230,216,118,2064,Aspen,Legault,Rawah
1201,3206,106,6,170,15,5590,231,232,135,3154,Lodgepole Pine,Legault,Rawah
1202,2850,61,20,577,176,603,232,196,88,2442,Aspen,Leighcan,Rawah
1203,2774,45,22,342,106,365,220,188,92,2229,Aspen,Legault,Rawah
1204,2763,54,25,313,95,335,225,179,74,2203,Aspen,Legault,Rawah
1205,2729,57,11,201,59,218,228,217,121,2099,Aspen,Legault,Rawah
1206,2715,55,12,127,38,134,227,215,119,2022,Aspen,Legault,Rawah
1207,3112,253,10,108,4,5532,198,247,187,3152,Lodgepole Pine,Leighcan,Rawah
1208,2758,61,24,295,92,313,231,182,69,2162,Aspen,Legault,Rawah
1209,2747,62,21,268,79,285,233,193,83,2136,Aspen,Legault,Rawah
1210,2714,38,11,124,41,127,220,216,130,1981,Aspen,Legault,Rawah
1211,3154,54,15,361,67,5023,228,207,109,3302,Spruce_Fir,Legault,Rawah
1212,3111,261,9,95,3,5521,199,245,185,3182,Lodgepole Pine,Leighcan,Rawah
1213,3212,135,8,218,21,5689,233,237,135,3196,Lodgepole Pine,Legault,Rawah
1214,3178,93,13,551,42,4577,240,220,108,2154,Lodgepole Pine,Legault,Rawah
1215,2719,54,6,134,46,150,224,226,137,1965,Aspen,Legault,Rawah
1216,3161,315,12,90,22,4508,189,230,181,3556,Spruce_Fir,Legault,Rawah
1217,3108,56,5,30,2,5387,223,229,141,3260,Lodgepole Pine,Cryaquolis,Rawah
1218,3155,111,7,395,21,4447,233,232,131,1995,Lodgepole Pine,Legault,Rawah
1219,2871,67,22,600,197,626,236,192,77,2391,Aspen,Leighcan,Rawah
1220,2835,81,17,524,169,541,241,208,92,2309,Aspen,Leighcan,Rawah
1221,2809,75,16,443,146,457,238,207,95,2227,Aspen,Leighcan,Rawah
1222,3191,81,5,457,15,4686,226,231,140,2224,Lodgepole Pine,Legault,Rawah
1223,2915,146,15,42,10,1528,239,237,123,1376,Lodgepole Pine,Legault,Rawah
1224,2799,60,13,408,129,417,230,212,113,2160,Aspen,Legault,Rawah
1225,2751,72,24,301,74,306,239,187,66,2053,Aspen,Legault,Rawah
1226,2731,73,14,212,60,218,236,213,105,1973,Aspen,Legault,Rawah
1227,2748,46,18,277,75,285,223,198,103,2012,Aspen,Legault,Rawah
1228,2741,49,17,247,70,256,225,200,103,1986,Aspen,Legault,Rawah
1229,2725,65,18,190,46,201,234,201,93,1932,Aspen,Legault,Rawah
1230,2709,77,14,134,29,150,237,214,105,1879,Aspen,Legault,Rawah
1231,3212,198,6,459,21,5955,218,245,163,3132,Lodgepole Pine,Legault,Rawah
1232,2822,41,19,488,152,495,219,194,103,2190,Aspen,Legault,Rawah
1233,2806,40,22,400,129,408,216,185,95,2108,Aspen,Legault,Rawah
1234,2765,53,29,313,92,323,221,163,56,2026,Aspen,Legault,Rawah
1235,2750,41,22,256,71,268,216,186,95,1972,Aspen,Legault,Rawah
1236,2751,51,23,242,77,256,224,184,82,1932,Aspen,Legault,Rawah
1237,3209,74,20,306,82,4092,239,198,81,3629,Spruce_Fir,Leighcan,Rawah
1238,3146,291,10,30,-6,4362,192,239,186,3477,Spruce_Fir,Leighcan,Rawah
1239,3183,99,5,90,4,5472,228,233,140,2982,Lodgepole Pine,Cryaquolis,Rawah
1240,2917,301,10,30,1,1634,193,236,183,1318,Spruce_Fir,Legault,Rawah
1241,2786,53,29,335,107,350,221,163,56,2001,Aspen,Legault,Rawah
1242,3195,230,7,466,75,6006,209,247,175,3032,Lodgepole Pine,Legault,Rawah
1243,2797,55,28,350,118,362,224,168,59,1989,Aspen,Legault,Rawah
1244,2753,60,25,242,74,258,230,179,67,1879,Aspen,Legault,Rawah
1245,2784,55,25,309,105,324,226,178,71,1922,Aspen,Legault,Rawah
1246,3088,124,17,182,39,3424,246,226,102,800,Spruce_Fir,Legault,Rawah
1247,2745,58,24,212,78,240,229,183,74,1800,Aspen,Legault,Rawah
1248,2724,60,21,153,52,180,231,192,84,1745,Aspen,Legault,Rawah
1249,2702,75,18,95,30,120,239,202,87,1691,Aspen,Legault,Rawah
1250,3178,263,9,272,58,5807,197,245,187,2941,Lodgepole Pine,Leighcan,Rawah
1251,3131,169,5,162,-5,4073,224,242,153,1478,Spruce_Fir,Legault,Rawah
1252,2801,60,27,335,122,361,229,172,59,1900,Aspen,Legault,Rawah
1253,2763,56,23,247,96,272,228,185,79,1816,Aspen,Legault,Rawah
1254,2740,59,23,190,68,212,230,184,75,1761,Aspen,Legault,Rawah
1255,2987,352,13,228,14,2554,197,218,158,268,Spruce_Fir,Legault,Rawah
1256,2946,18,16,42,10,1776,206,205,133,1236,Spruce_Fir,Legault,Rawah
1257,2770,52,23,256,105,277,225,183,80,1805,Aspen,Legault,Rawah
1258,2736,62,24,175,64,190,232,182,69,1722,Aspen,Legault,Rawah
1259,2803,57,32,323,136,342,223,157,45,1851,Aspen,Legault,Rawah
1260,2743,62,26,180,71,201,231,176,62,1710,Aspen,Legault,Rawah
1261,2729,69,30,150,54,175,236,168,42,1682,Aspen,Legault,Rawah
1262,2711,69,25,120,36,150,237,182,62,1655,Aspen,Legault,Rawah
1263,2703,60,16,90,35,120,231,205,102,1627,Aspen,Legault,Rawah
1264,3173,90,11,270,2,4838,237,222,114,2251,Spruce_Fir,Legault,Rawah
1265,3148,146,5,150,12,4583,227,239,146,1981,Spruce_Fir,Leighcan,Rawah
1266,3081,154,11,212,25,3556,234,241,137,872,Spruce_Fir,Legault,Rawah
1267,2891,48,17,268,-36,659,224,201,105,2155,Lodgepole Pine,Legault,Rawah
1268,2830,51,29,360,163,379,220,166,61,1869,Aspen,Legault,Rawah
1269,2799,52,29,300,127,323,220,164,59,1812,Aspen,Legault,Rawah
1270,2763,59,28,210,91,240,228,171,58,1728,Aspen,Legault,Rawah
1271,2716,69,27,120,48,150,237,177,55,1643,Aspen,Legault,Rawah
1272,3122,158,8,67,2,4200,229,242,146,1560,Spruce_Fir,Leighcan,Rawah
1273,2771,60,29,210,96,240,228,167,52,1717,Aspen,Legault,Rawah
1274,3140,255,14,162,23,5678,187,248,199,2794,Lodgepole Pine,Leighcan,Rawah
1275,3140,135,5,67,4,4547,228,238,144,1920,Spruce_Fir,Leighcan,Rawah
1276,2963,32,9,0,0,1762,218,221,138,1350,Lodgepole Pine,Legault,Rawah
1277,3202,48,22,153,32,4161,222,187,89,3263,Spruce_Fir,Legault,Rawah
1278,3146,130,4,134,5,4726,226,237,145,2100,Spruce_Fir,Cryaquolis,Rawah
1279,2843,70,26,335,171,365,238,180,58,1813,Aspen,Legault,Rawah
1280,2812,63,25,277,137,306,232,180,65,1756,Aspen,Legault,Rawah
1281,2738,63,33,134,64,162,228,154,33,1613,Aspen,Legault,Rawah
1282,3037,48,19,430,-8,3005,224,196,99,190,Spruce_Fir,Legault,Rawah
1283,2990,284,12,180,46,1936,185,240,194,1172,Spruce_Fir,Legault,Rawah
1284,2865,85,15,400,193,430,240,213,99,1863,Aspen,Legault,Rawah
1285,2809,62,24,256,141,285,232,183,70,1718,Aspen,Legault,Rawah
1286,2720,57,23,95,37,120,229,184,77,1546,Aspen,Legault,Rawah
1287,2958,55,4,247,-1,1234,222,231,145,2012,Lodgepole Pine,Cryaquolis,Rawah
1288,2774,58,30,190,96,212,225,164,51,1624,Aspen,Legault,Rawah
1289,2938,62,5,162,10,972,224,230,142,2313,Lodgepole Pine,Cryaquolis,Rawah
1290,2771,56,30,175,88,190,224,163,53,1587,Aspen,Legault,Rawah
1291,2755,62,34,150,76,162,226,150,29,1558,Aspen,Legault,Rawah
1292,2788,61,26,180,105,210,231,178,65,1572,Aspen,Legault,Rawah
1293,2750,70,36,120,83,150,232,148,16,1513,Aspen,Legault,Rawah
1294,2732,71,33,90,61,120,235,158,28,1484,Aspen,Legault,Rawah
1295,2737,70,34,95,61,120,234,154,24,1477,Aspen,Legault,Rawah
1296,3212,71,14,402,97,5094,235,213,107,2642,Lodgepole Pine,Leighcan,Rawah
1297,3106,83,6,180,-8,4254,228,230,137,1519,Spruce_Fir,Cryaquolis,Rawah
1298,3067,320,4,212,11,3406,209,236,165,591,Spruce_Fir,Leighcan,Rawah
1299,2960,59,4,90,0,1230,223,231,143,2084,Lodgepole Pine,Cryaquolis,Rawah
1300,2890,68,17,331,-37,540,235,204,95,1884,Lodgepole Pine,Legault,Rawah
1301,2818,65,19,247,135,270,234,199,89,1618,Aspen,Legault,Rawah
1302,2767,73,36,134,91,150,234,147,12,1500,Aspen,Legault,Rawah
1303,3187,63,7,258,69,5261,226,226,134,2571,Lodgepole Pine,Leighcan,Rawah
1304,2813,65,19,228,146,242,234,198,88,1583,Aspen,Legault,Rawah
1305,2773,74,36,150,92,153,236,149,13,1495,Aspen,Legault,Rawah
1306,3239,180,3,566,60,4673,220,241,156,2726,Spruce_Fir,Leighcan,Rawah
1307,3192,102,7,319,73,5206,232,231,132,2519,Lodgepole Pine,Leighcan,Rawah
1308,3151,266,15,127,16,5664,181,245,203,2460,Lodgepole Pine,Leighcan,Rawah
1309,2809,82,22,212,128,228,244,196,71,1544,Aspen,Legault,Rawah
1310,3211,115,4,362,30,5685,227,236,144,2543,Spruce_Fir,Legault,Rawah
1311,3080,0,9,150,3,3751,208,224,154,942,Spruce_Fir,Leighcan,Rawah
1312,3009,131,10,67,8,2718,237,235,128,573,Spruce_Fir,Legault,Rawah
1313,2799,82,25,201,126,210,245,187,56,1507,Aspen,Legault,Rawah
1314,3197,247,5,324,47,5873,209,244,173,2382,Spruce_Fir,Leighcan,Rawah
1315,3181,309,6,67,6,5204,203,236,172,2496,Spruce_Fir,Leighcan,Rawah
1316,3110,81,6,300,6,4360,228,230,136,1587,Spruce_Fir,Leighcan,Rawah
1317,3094,4,4,0,0,4030,215,232,155,1226,Spruce_Fir,Leighcan,Rawah
1318,2791,75,29,180,107,182,240,173,43,1473,Aspen,Legault,Rawah
1319,3031,253,6,323,59,2297,207,244,175,1127,Lodgepole Pine,Legault,Rawah
1320,2830,72,15,210,45,277,236,210,102,1561,Lodgepole Pine,Legault,Rawah
1321,2778,80,34,150,109,162,241,159,19,1441,Aspen,Legault,Rawah
1322,3245,45,3,564,66,4387,220,233,150,2650,Spruce_Fir,Leighcan,Rawah
1323,2930,79,7,90,1,997,230,227,130,2280,Lodgepole Pine,Cryaquolis,Rawah
1324,3046,144,13,210,2,3200,238,237,127,573,Lodgepole Pine,Legault,Rawah
1325,2850,113,14,108,13,400,244,224,107,1651,Lodgepole Pine,Legault,Rawah
1326,2769,79,31,60,-15,175,242,167,31,1411,Aspen,Legault,Rawah
1327,3193,97,10,319,19,5153,237,225,119,2358,Spruce_Fir,Legault,Rawah
1328,3036,149,11,150,-7,3238,235,239,134,601,Lodgepole Pine,Legault,Rawah
1329,2957,123,10,150,-8,1337,237,233,126,2135,Lodgepole Pine,Leighcan,Rawah
1330,2756,70,31,30,-19,153,235,163,36,1383,Aspen,Legault,Rawah
1331,3252,49,5,589,8,4283,222,229,143,2554,Spruce_Fir,Leighcan,Rawah
1332,3229,61,2,454,19,4709,221,234,149,2324,Spruce_Fir,Leighcan,Rawah
1333,2993,286,14,30,10,2699,179,239,199,895,Spruce_Fir,Cryaquolis,Rawah
1334,3173,57,7,457,78,4964,225,226,136,2110,Spruce_Fir,Legault,Rawah
1335,3188,67,8,170,6,5121,228,224,129,2118,Spruce_Fir,Leighcan,Rawah
1336,3178,49,5,474,83,5004,222,229,143,2132,Spruce_Fir,Cryaquolis,Rawah
1337,3175,48,6,446,80,4978,223,227,140,2103,Spruce_Fir,Legault,Rawah
1338,3105,140,8,30,3,4555,233,238,136,1641,Spruce_Fir,Cryaquolis,Rawah
1339,2762,61,30,60,-13,170,228,165,49,1362,Aspen,Legault,Rawah
1340,3219,324,6,366,38,5803,205,233,168,2184,Lodgepole Pine,Leighcan,Rawah
1341,3219,352,8,319,38,5748,206,226,158,2206,Spruce_Fir,Legault,Rawah
1342,2737,52,29,90,52,120,220,165,60,1277,Aspen,Legault,Rawah
1343,3206,261,5,446,35,5980,209,242,172,2098,Lodgepole Pine,Leighcan,Rawah
1344,3164,88,19,361,102,3878,245,205,82,849,Lodgepole Pine,Legault,Rawah
1345,2933,58,4,0,0,1138,223,230,143,2353,Spruce_Fir,Cryaquolis,Rawah
1346,2790,60,23,108,-8,234,231,187,77,1401,Aspen,Legault,Rawah
1347,3199,108,3,342,16,5367,225,236,146,2363,Spruce_Fir,Leighcan,Rawah
1348,2815,55,18,120,-14,297,229,199,97,1465,Aspen,Legault,Rawah
1349,3218,61,12,313,35,5649,230,215,117,2187,Spruce_Fir,Leighcan,Rawah
1350,3207,72,3,301,24,5541,223,233,146,2244,Spruce_Fir,Leighcan,Rawah
1351,3081,184,11,175,23,3720,223,247,157,618,Lodgepole Pine,Legault,Rawah
1352,3042,56,10,42,-2,3443,227,218,124,408,Spruce_Fir,Cryaquolis,Rawah
1353,2821,58,18,150,-15,306,230,200,97,1471,Aspen,Legault,Rawah
1354,2776,73,25,175,95,190,239,185,62,1354,Aspen,Legault,Rawah
1355,2765,75,21,150,77,162,240,197,78,1324,Aspen,Legault,Rawah
1356,3216,58,9,335,33,5635,227,222,129,2174,Spruce_Fir,Leighcan,Rawah
1357,3049,293,5,306,62,2471,205,239,173,1025,Spruce_Fir,Legault,Rawah
1358,2806,66,21,190,-23,256,235,193,80,1419,Aspen,Legault,Rawah
1359,3185,32,3,0,0,5165,219,232,150,1919,Spruce_Fir,Cryaquolis,Rawah
1360,3018,106,9,150,3,2979,235,229,125,558,Spruce_Fir,Legault,Rawah
1361,2821,58,21,212,-19,295,230,192,86,1455,Aspen,Legault,Rawah
1362,2800,64,26,218,112,242,233,178,61,1397,Aspen,Legault,Rawah
1363,3025,307,9,90,14,3250,194,235,180,350,Spruce_Fir,Legault,Rawah
1364,2762,62,27,150,76,175,231,173,58,1319,Aspen,Legault,Rawah
1365,2734,68,30,108,43,124,234,166,42,1262,Aspen,Legault,Rawah
1366,3047,78,15,170,0,3480,238,211,99,277,Spruce_Fir,Legault,Rawah
1367,3040,277,10,218,48,2607,192,242,189,882,Spruce_Fir,Legault,Rawah
1368,2953,60,7,134,-8,1366,225,226,135,2147,Lodgepole Pine,Cryaquolis,Rawah
1369,2826,46,27,258,145,283,216,170,73,1423,Aspen,Legault,Rawah
1370,2736,49,26,108,49,127,221,175,73,1254,Aspen,Legault,Rawah
1371,2737,44,22,108,41,124,219,186,91,1237,Aspen,Legault,Rawah
1372,3196,336,9,67,7,5142,199,227,167,1766,Spruce_Fir,Cryaquolis,Rawah
1373,3062,329,1,0,0,3830,215,237,159,485,Lodgepole Pine,Cryaquolis,Rawah
1374,2927,51,16,258,34,741,226,205,108,1900,Lodgepole Pine,Legault,Rawah
1375,2914,29,8,335,37,564,217,222,140,1708,Lodgepole Pine,Legault,Rawah
1376,2806,76,39,234,119,255,235,141,0,1371,Aspen,Legault,Rawah
1377,3019,312,6,0,0,2962,203,235,172,524,Spruce_Fir,Cryaquolis,Rawah
1378,2811,80,35,255,115,268,241,156,15,1383,Aspen,Legault,Rawah
1379,3199,268,6,216,13,5918,204,243,178,1736,Lodgepole Pine,Leighcan,Rawah
1380,2841,82,18,319,154,335,242,205,86,1450,Aspen,Legault,Rawah
1381,2800,67,28,242,109,256,235,173,51,1369,Aspen,Legault,Rawah
1382,2768,57,22,170,75,175,229,187,80,1288,Aspen,Legault,Rawah
1383,2747,52,21,124,60,127,225,189,87,1235,Aspen,Legault,Rawah
1384,3204,101,1,60,2,4905,221,237,152,1698,Spruce_Fir,Cryaquolis,Rawah
1385,3091,90,13,192,31,2315,240,219,107,1201,Lodgepole Pine,Legault,Rawah
1386,2763,56,22,162,76,170,228,189,83,1276,Aspen,Legault,Rawah
1387,3170,284,4,175,8,4488,209,240,169,1170,Spruce_Fir,Legault,Rawah
1388,2847,64,23,350,151,362,234,187,73,1476,Aspen,Legault,Rawah
1389,2826,71,25,300,135,309,238,184,63,1422,Aspen,Legault,Rawah
1390,2812,71,25,277,130,283,238,182,60,1396,Aspen,Legault,Rawah
1391,2756,48,23,120,98,124,221,183,84,1240,Aspen,Legault,Rawah
1392,3024,331,6,30,3,3194,206,233,165,300,Spruce_Fir,Cryaquolis,Rawah
1393,2940,3,16,443,47,738,197,208,146,1872,Lodgepole Pine,Legault,Rawah
1394,2771,34,20,153,113,162,213,193,108,1282,Aspen,Legault,Rawah
1395,3037,10,4,60,8,1889,215,231,153,1680,Spruce_Fir,Legault,Rawah
1396,2974,6,10,216,49,1047,208,222,150,2192,Spruce_Fir,Legault,Rawah
1397,2785,35,17,190,127,201,216,201,116,1323,Aspen,Legault,Rawah
1398,2823,72,26,313,136,323,238,180,57,1441,Aspen,Legault,Rawah
1399,2811,67,21,285,124,295,236,193,80,1415,Aspen,Legault,Rawah
1400,2792,26,14,201,134,212,213,208,129,1340,Aspen,Legault,Rawah
1401,3213,97,4,120,18,4659,226,234,143,1637,Spruce_Fir,Cryaquolis,Rawah
1402,3097,92,15,210,33,3944,242,215,98,459,Lodgepole Pine,Legault,Rawah
1403,3080,343,14,268,57,2789,190,218,165,755,Spruce_Fir,Legault,Rawah
1404,2799,27,11,212,151,218,216,216,136,1357,Aspen,Legault,Rawah
1405,3227,328,3,247,6,5805,212,236,162,1800,Spruce_Fir,Leighcan,Rawah
1406,2837,53,27,335,185,342,223,170,64,1473,Aspen,Legault,Rawah
1407,2802,47,10,218,149,228,224,217,127,1374,Aspen,Legault,Rawah
1408,2799,66,9,190,140,201,229,221,124,1350,Aspen,Legault,Rawah
1409,3242,315,17,153,47,5015,173,224,190,1448,Lodgepole Pine,Legault,Rawah
1410,3213,39,6,319,-7,5536,221,226,141,1820,Spruce_Fir,Leighcan,Rawah
1411,3095,138,13,268,47,3987,240,235,122,503,Lodgepole Pine,Legault,Rawah
1412,2773,80,48,124,112,134,226,107,0,1298,Aspen,Legault,Rawah
1413,3038,90,9,108,3,3676,233,227,125,234,Spruce_Fir,Cryaquolis,Rawah
1414,3040,310,12,108,18,3302,186,231,185,300,Spruce_Fir,Cryaquolis,Rawah
1415,2847,50,27,323,199,335,220,172,70,1482,Lodgepole Pine,Legault,Rawah
1416,2809,67,18,242,150,256,235,201,91,1410,Aspen,Legault,Rawah
1417,2779,78,47,134,118,150,227,111,0,1318,Aspen,Legault,Rawah
1418,3215,28,23,175,35,5523,204,183,105,1366,Lodgepole Pine,Legault,Rawah
1419,3221,219,3,256,25,6006,216,243,164,1622,Spruce_Fir,Leighcan,Rawah
1420,2786,76,46,150,132,162,226,113,0,1338,Aspen,Legault,Rawah
1421,3255,285,16,190,60,4992,175,239,203,1361,Lodgepole Pine,Legault,Rawah
1422,3076,34,10,134,-6,2218,219,218,134,1430,Spruce_Fir,Legault,Rawah
1423,2806,31,18,216,145,228,213,199,117,1403,Aspen,Legault,Rawah
1424,2743,76,49,134,81,150,222,103,0,1337,Aspen,Legault,Rawah
1425,2728,62,29,108,72,124,230,166,0,1315,Aspen,Legault,Rawah
1426,3043,324,14,108,35,1691,184,224,179,2028,Spruce_Fir,Legault,Rawah
1427,2842,62,28,309,187,323,231,172,55,1490,Aspen,Legault,Rawah
1428,2803,74,46,175,141,190,224,111,0,1379,Aspen,Legault,Rawah
1429,3241,31,23,228,52,5561,207,183,102,1289,Lodgepole Pine,Legault,Rawah
1430,3217,244,6,218,-3,6025,208,245,175,1566,Spruce_Fir,Leighcan,Rawah
1431,2899,35,18,430,240,443,215,198,113,1602,Lodgepole Pine,Legault,Rawah
1432,2760,75,49,170,95,175,219,99,0,1379,Aspen,Legault,Rawah
1433,3290,24,16,182,20,3842,210,205,128,1940,Spruce_Fir,Leighcan,Rawah
1434,2856,53,28,335,195,350,223,169,63,1530,Aspen,Legault,Rawah
1435,3305,205,7,430,110,5167,216,246,166,1206,Lodgepole Pine,Legault,Rawah
1436,3213,235,8,210,-7,6056,207,247,178,1518,Spruce_Fir,Leighcan,Rawah
1437,3074,331,12,162,11,3302,192,225,172,469,Spruce_Fir,Legault,Rawah
1438,3084,88,12,242,-1,2214,238,220,110,1513,Spruce_Fir,Cryaquolis,Rawah
1439,2914,30,14,390,-30,470,215,208,126,1640,Lodgepole Pine,Legault,Rawah
1440,2828,72,45,228,163,234,223,113,0,1443,Aspen,Legault,Rawah
1441,2710,66,32,90,53,95,232,160,0,1345,Aspen,Legault,Rawah
1442,3276,354,10,42,6,4055,204,223,157,1719,Spruce_Fir,Cryaquolis,Rawah
1443,3077,76,9,90,18,2014,232,223,124,1754,Spruce_Fir,Legault,Rawah
1444,2847,35,22,255,68,277,211,186,100,1486,Aspen,Legault,Rawah
1445,2789,74,49,201,35,218,219,99,0,1445,Aspen,Legault,Rawah
1446,2857,63,24,228,78,285,233,183,70,1507,Aspen,Legault,Rawah
1447,2743,61,33,108,24,150,226,154,0,1410,Aspen,Legault,Rawah
1448,3331,358,15,361,61,3635,196,211,152,2014,Spruce_Fir,Leighcan,Rawah
1449,3072,329,17,60,13,1905,178,218,179,1914,Spruce_Fir,Legault,Rawah
1450,2824,93,45,190,45,268,240,130,0,1510,Aspen,Legault,Rawah
1451,2753,57,32,95,34,162,222,155,41,1434,Aspen,Legault,Rawah
1452,2722,53,32,42,3,108,218,153,45,1398,Aspen,Legault,Rawah
1453,3062,101,4,60,2,4136,226,234,144,722,Spruce_Fir,Legault,Rawah
1454,3044,2,7,30,3,3681,211,227,154,484,Spruce_Fir,Cryaquolis,Rawah
1455,2827,84,46,162,26,283,233,119,0,1533,Aspen,Legault,Rawah
1456,2810,76,29,150,31,256,241,172,0,1513,Aspen,Legault,Rawah
1457,2764,55,31,85,10,175,222,159,48,1458,Aspen,Legault,Rawah
1458,3047,85,15,573,58,1433,240,213,99,2483,Lodgepole Pine,Legault,Rawah
1459,2878,82,44,150,48,323,234,124,0,1575,Aspen,Legault,Rawah
1460,2827,84,46,134,-2,295,233,118,0,1556,Aspen,Legault,Rawah
1461,3260,256,8,306,34,5626,202,245,182,1471,Spruce_Fir,Leighcan,Rawah
1462,2830,79,46,108,0,309,229,116,0,1579,Aspen,Legault,Rawah
1463,2820,60,25,95,-9,283,230,181,0,1560,Aspen,Legault,Rawah
1464,2740,54,29,0,0,134,222,165,57,1456,Aspen,Legault,Rawah
1465,3266,65,13,120,40,4507,232,212,110,1242,Spruce_Fir,Legault,Rawah
1466,3056,37,5,90,0,3795,220,229,145,589,Spruce_Fir,Cryaquolis,Rawah
1467,3101,303,14,277,1,3399,181,233,192,631,Lodgepole Pine,Legault,Rawah
1468,3057,85,16,592,56,1482,241,211,96,2467,Lodgepole Pine,Legault,Rawah
1469,2950,37,5,180,5,591,220,229,146,1803,Lodgepole Pine,Legault,Rawah
1470,2840,78,44,85,10,324,231,121,0,1602,Aspen,Legault,Rawah
1471,2788,55,28,0,0,216,224,168,59,1539,Aspen,Legault,Rawah
1472,2747,56,30,67,-6,150,224,162,51,1492,Aspen,Legault,Rawah
1473,2732,60,31,85,-7,120,227,161,45,1477,Aspen,Legault,Rawah
1474,3237,152,14,541,146,5386,237,239,130,1503,Spruce_Fir,Leighcan,Rawah
1475,2741,63,31,108,-12,124,229,160,40,1504,Aspen,Legault,Rawah
1476,2991,83,8,170,32,859,231,227,128,2060,Lodgepole Pine,Legault,Rawah
1477,2802,59,28,85,-6,228,228,171,58,1600,Lodgepole Pine,Legault,Rawah
1478,3133,20,29,212,69,4042,185,165,102,805,Spruce_Fir,Legault,Rawah
1479,3139,34,3,324,9,2509,219,232,149,1504,Spruce_Fir,Legault,Rawah
1480,3112,73,7,95,12,2294,229,226,131,1718,Spruce_Fir,Legault,Rawah
1481,3335,52,14,240,36,4207,226,208,112,1302,Spruce_Fir,Legault,Rawah
1482,3035,53,7,402,55,1261,224,225,135,2424,Lodgepole Pine,Legault,Rawah
1483,3168,300,5,379,37,3153,205,238,172,1003,Lodgepole Pine,Legault,Rawah
1484,2717,74,35,85,52,90,237,154,19,1599,Aspen,Legault,Rawah
1485,3280,162,4,319,40,5206,223,240,152,750,Lodgepole Pine,Legault,Rawah
1486,3082,106,7,532,28,1717,232,232,132,2391,Lodgepole Pine,Legault,Rawah
1487,2816,75,27,201,-20,242,241,177,49,1691,Lodgepole Pine,Legault,Rawah
1488,2722,75,34,95,57,95,238,156,20,1627,Aspen,Legault,Rawah
1489,2857,87,21,175,-26,335,245,201,75,1760,Lodgepole Pine,Legault,Rawah
1490,3230,207,3,313,20,5569,217,242,161,1234,Spruce_Fir,Cryaquolis,Rawah
1491,3048,96,4,424,68,1370,227,233,141,2544,Lodgepole Pine,Legault,Rawah
1492,2732,77,33,124,70,127,240,162,26,1682,Aspen,Legault,Rawah
1493,2714,74,32,95,52,108,239,164,31,1671,Aspen,Legault,Rawah
1494,3242,16,7,242,15,5940,214,226,148,999,Spruce_Fir,Leighcan,Rawah
1495,3021,148,15,212,41,1194,239,237,124,2402,Lodgepole Pine,Legault,Rawah
1496,2772,82,31,190,117,192,244,171,34,1733,Aspen,Legault,Rawah
1497,3108,48,26,30,10,3868,219,175,75,934,Spruce_Fir,Legault,Rawah
1498,3183,28,8,331,-30,2952,217,223,141,1315,Lodgepole Pine,Legault,Rawah
1499,3181,39,9,335,-32,2925,221,220,134,1337,Lodgepole Pine,Legault,Rawah
1500,3165,14,12,330,65,2605,209,216,143,1615,Spruce_Fir,Legault,Rawah
1501,3121,50,12,60,14,2368,225,214,121,1842,Spruce_Fir,Legault,Rawah
1502,2740,76,31,150,87,170,240,165,32,1738,Aspen,Legault,Rawah
1503,2706,76,30,108,47,124,240,171,39,1717,Aspen,Legault,Rawah
1504,3102,57,11,85,15,5056,228,217,121,1507,Spruce_Fir,Leighcan,Rawah
1505,3375,61,13,150,-6,4142,230,212,112,1195,Spruce_Fir,Leighcan,Rawah
1506,2730,80,31,150,80,175,243,168,31,1784,Aspen,Legault,Rawah
1507,3284,319,9,120,41,4734,198,232,174,703,Lodgepole Pine,Legault,Rawah
1508,2700,80,27,95,54,120,244,180,47,1793,Aspen,Legault,Rawah
1509,3285,308,12,90,51,4702,188,232,185,700,Lodgepole Pine,Legault,Rawah
1510,2753,86,32,190,103,210,246,170,28,1851,Aspen,Legault,Rawah
1511,3246,27,2,30,0,5476,218,234,153,566,Spruce_Fir,Leighcan,Rawah
1512,3218,58,4,228,21,5379,223,230,143,1211,Spruce_Fir,Legault,Rawah
1513,2720,85,28,150,70,153,246,180,43,1860,Aspen,Legault,Rawah
1514,3090,36,6,60,3,4825,220,226,143,1383,Spruce_Fir,Leighcan,Rawah
1515,2755,87,31,210,109,218,247,173,31,1907,Aspen,Legault,Rawah
1516,2706,83,26,120,52,134,245,184,52,1879,Aspen,Legault,Rawah
1517,3250,308,6,127,5,5562,204,236,171,573,Spruce_Fir,Leighcan,Rawah
1518,3244,54,40,255,146,4039,209,125,0,1154,Spruce_Fir,Legault,Rawah
1519,3047,72,7,362,11,1597,228,227,133,2793,Spruce_Fir,Legault,Rawah
1520,2681,78,23,67,31,90,242,191,66,1892,Aspen,Legault,Rawah
1521,3226,47,8,190,13,6119,223,223,135,800,Spruce_Fir,Cryaquolis,Rawah
1522,3208,338,5,90,-5,3141,209,233,162,1440,Spruce_Fir,Legault,Rawah
1523,2793,85,31,277,147,295,246,173,33,1984,Aspen,Legault,Rawah
1524,2725,81,27,162,81,182,244,180,47,1945,Aspen,Legault,Rawah
1525,3200,172,5,30,0,5673,223,242,154,949,Spruce_Fir,Cryaquolis,Rawah
1526,3277,287,20,424,179,4254,160,234,213,1262,Lodgepole Pine,Legault,Rawah
1527,3015,37,5,124,17,1020,220,229,146,2394,Lodgepole Pine,Legault,Rawah
1528,2982,117,11,301,4,860,238,230,121,2288,Lodgepole Pine,Legault,Rawah
1529,2795,80,31,270,-134,306,243,168,31,2012,Aspen,Legault,Rawah
1530,2713,76,25,150,63,162,242,184,57,1966,Aspen,Legault,Rawah
1531,3279,62,8,67,3,4927,227,223,130,408,Lodgepole Pine,Leighcan,Rawah
1532,3206,304,7,124,-7,3302,201,237,175,1410,Spruce_Fir,Leighcan,Rawah
1533,3208,48,7,85,-6,2982,223,225,137,1617,Spruce_Fir,Legault,Rawah
1534,2959,53,14,295,29,742,227,210,113,2233,Lodgepole Pine,Legault,Rawah
1535,2731,75,27,175,45,201,240,178,50,2003,Aspen,Legault,Rawah
1536,2679,71,24,85,33,90,238,185,63,1972,Aspen,Legault,Rawah
1537,3267,319,4,270,22,5675,208,235,166,592,Spruce_Fir,Leighcan,Rawah
1538,3169,277,24,240,84,4606,150,237,223,1248,Spruce_Fir,Leighcan,Rawah
1539,3158,282,6,216,-2,3542,204,240,175,1366,Spruce_Fir,Legault,Rawah
1540,3042,83,6,108,9,1443,229,230,135,2737,Lodgepole Pine,Legault,Rawah
1541,3039,104,6,95,6,1415,230,233,136,2717,Lodgepole Pine,Legault,Rawah
1542,2727,68,26,124,18,190,236,179,59,2052,Aspen,Legault,Rawah
1543,3289,0,0,0,0,4773,218,238,156,458,Lodgepole Pine,Legault,Rawah
1544,2817,72,32,150,-85,342,236,161,31,2125,Aspen,Legault,Rawah
1545,2733,66,26,108,24,201,234,177,59,2081,Aspen,Legault,Rawah
1546,3145,63,13,362,16,2200,231,214,113,2396,Spruce_Fir,Legault,Rawah
1547,3113,345,11,268,11,1987,197,222,163,2598,Spruce_Fir,Legault,Rawah
1548,2786,71,32,120,31,295,236,162,33,2135,Aspen,Legault,Rawah
1549,2726,65,25,67,17,180,234,182,66,2103,Aspen,Legault,Rawah
1550,2704,61,23,30,18,120,232,186,75,2089,Aspen,Legault,Rawah
1551,2895,84,19,90,-29,503,243,203,82,2234,Lodgepole Pine,Legault,Rawah
1552,3230,298,16,391,87,4508,174,233,198,1148,Lodgepole Pine,Legault,Rawah
1553,3200,280,7,150,-18,3439,202,241,178,1544,Spruce_Fir,Leighcan,Rawah
1554,3122,32,9,242,-6,2095,218,221,138,2554,Spruce_Fir,Legault,Rawah
1555,2715,68,24,0,0,120,236,186,68,2148,Aspen,Legault,Rawah
1556,2702,75,27,30,-6,90,240,179,53,2142,Aspen,Legault,Rawah
1557,3161,340,5,85,-5,3666,210,233,162,1492,Spruce_Fir,Cryaquolis,Rawah
1558,2742,67,23,0,0,182,236,186,69,2190,Aspen,Legault,Rawah
1559,3198,269,9,180,-20,3491,196,244,187,1588,Spruce_Fir,Leighcan,Rawah
1560,2708,80,29,67,-17,108,244,174,39,2200,Aspen,Legault,Rawah
1561,3172,30,9,0,0,5224,218,220,137,1053,Spruce_Fir,Legault,Rawah
1562,3166,8,5,30,0,3721,214,230,153,1543,Spruce_Fir,Cryaquolis,Rawah
1563,3052,72,9,0,0,1691,231,223,125,3010,Spruce_Fir,Cryaquolis,Rawah
1564,2751,83,23,42,-8,201,245,194,67,2249,Aspen,Legault,Rawah
1565,2726,86,25,67,-15,150,247,189,57,2236,Aspen,Legault,Rawah
1566,3287,333,4,335,22,5730,210,234,163,571,Lodgepole Pine,Leighcan,Rawah
1567,3262,88,5,242,10,6300,228,231,137,420,Spruce_Fir,Leighcan,Rawah
1568,3207,85,6,85,5,5649,228,230,136,824,Spruce_Fir,Leighcan,Rawah
1569,3217,313,16,240,74,4696,175,226,191,990,Spruce_Fir,Leighcan,Rawah
1570,3276,272,14,591,169,4374,183,244,199,1132,Lodgepole Pine,Legault,Rawah
1571,3200,263,8,150,-17,3489,201,244,182,1655,Spruce_Fir,Leighcan,Rawah
1572,3224,352,2,134,5,3220,216,236,157,1790,Spruce_Fir,Leighcan,Rawah
1573,2921,70,18,60,-3,553,237,203,91,2384,Lodgepole Pine,Legault,Rawah
1574,2779,90,28,60,-26,268,249,184,44,2292,Aspen,Legault,Rawah
1575,2724,93,26,124,-35,150,250,191,53,2295,Aspen,Legault,Rawah
1576,3292,347,3,360,27,5760,213,234,159,601,Lodgepole Pine,Leighcan,Rawah
1577,3222,25,9,0,0,3032,216,221,141,1974,Spruce_Fir,Leighcan,Rawah
1578,3063,54,15,60,-5,1731,228,207,109,3056,Spruce_Fir,Legault,Rawah
1579,2996,80,16,162,24,972,239,210,97,2620,Lodgepole Pine,Legault,Rawah
1580,2763,87,27,120,-60,240,247,186,50,2343,Aspen,Legault,Rawah
1581,2799,87,31,150,-71,295,247,174,32,2387,Aspen,Legault,Rawah
1582,2736,98,25,150,88,180,251,196,58,2359,Aspen,Legault,Rawah
1583,2722,100,28,120,74,150,252,190,46,2353,Aspen,Legault,Rawah
1584,3275,278,8,60,10,5461,197,242,184,313,Lodgepole Pine,Leighcan,Rawah
1585,3230,297,11,210,87,4776,190,237,186,866,Spruce_Fir,Legault,Rawah
1586,3207,99,12,300,45,4082,240,223,112,1298,Lodgepole Pine,Leighcan,Rawah
1587,3040,0,5,242,0,1413,212,230,156,2916,Spruce_Fir,Cryaquolis,Rawah
1588,3006,88,11,150,28,994,237,221,114,2687,Lodgepole Pine,Legault,Rawah
1589,2701,99,31,90,53,120,252,180,31,2377,Aspen,Legault,Rawah
1590,3296,356,3,270,31,5672,214,234,157,524,Spruce_Fir,Leighcan,Rawah
1591,2733,93,28,150,85,162,250,185,44,2418,Aspen,Legault,Rawah
1592,2699,94,31,90,51,108,250,177,32,2407,Aspen,Legault,Rawah
1593,3208,0,9,124,-2,5394,206,222,154,900,Spruce_Fir,Leighcan,Rawah
1594,3191,286,20,30,12,4965,162,235,212,781,Spruce_Fir,Cryaquolis,Rawah
1595,3186,28,6,60,7,3810,218,228,146,1533,Spruce_Fir,Leighcan,Rawah
1596,2802,86,31,240,-100,272,246,171,30,2474,Aspen,Legault,Rawah
1597,2784,87,31,240,-110,242,247,173,31,2467,Aspen,Legault,Rawah
1598,2699,91,31,90,51,95,249,176,32,2436,Aspen,Legault,Rawah
1599,2823,80,33,270,-95,300,242,161,22,2510,Aspen,Legault,Rawah
1600,2803,83,33,270,-108,270,244,166,24,2503,Aspen,Legault,Rawah
1601,2785,85,31,240,137,240,246,170,29,2496,Aspen,Legault,Rawah
1602,2716,94,30,120,68,120,251,181,37,2471,Aspen,Legault,Rawah
1603,2698,94,31,90,52,90,251,178,32,2466,Aspen,Legault,Rawah
1604,3214,2,8,124,8,5555,209,225,154,924,Spruce_Fir,Leighcan,Rawah
1605,2768,88,32,210,120,210,248,169,25,2519,Aspen,Legault,Rawah
1606,3286,307,9,127,16,5497,194,235,180,408,Spruce_Fir,Leighcan,Rawah
1607,3197,290,9,60,9,3690,195,239,183,1651,Spruce_Fir,Cryaquolis,Rawah
1608,3141,35,13,201,12,1899,218,210,125,3024,Lodgepole Pine,Legault,Rawah
1609,2830,88,35,256,128,300,246,161,14,2568,Aspen,Legault,Rawah
1610,3247,285,10,124,29,3489,192,240,188,1861,Spruce_Fir,Legault,Rawah
1611,2849,95,32,240,89,330,250,173,25,2605,Aspen,Legault,Rawah
1612,2747,93,33,175,98,180,249,169,20,2571,Aspen,Legault,Rawah
1613,2727,93,33,150,78,150,250,170,21,2565,Aspen,Legault,Rawah
1614,3142,48,17,277,13,1834,224,200,104,3108,Lodgepole Pine,Legault,Rawah
1615,2847,94,33,210,87,323,250,173,24,2618,Aspen,Legault,Rawah
1616,2827,94,34,201,67,295,250,167,17,2616,Aspen,Legault,Rawah
1617,2787,92,34,182,85,240,249,168,18,2613,Aspen,Legault,Rawah
1618,2746,90,33,162,97,180,248,168,22,2601,Aspen,Legault,Rawah
1619,3273,330,9,240,55,3408,198,229,170,1954,Spruce_Fir,Legault,Rawah
1620,2708,89,33,95,59,120,248,167,20,2580,Aspen,Legault,Rawah
1621,2621,162,13,60,-6,849,232,243,139,1521,Aspen,Cryaquolis,Comanche Peak
1622,3235,255,5,212,21,4871,209,243,172,618,Spruce_Fir,Cryaquolis,Rawah
1623,2664,112,5,60,-8,1214,229,234,139,1719,Aspen,Cryaquolis,Comanche Peak
1624,2633,68,8,42,2,979,228,225,130,1594,Aspen,Cryaquolis,Comanche Peak
1625,2662,105,5,30,-3,1211,228,234,140,1731,Aspen,Cryaquolis,Comanche Peak
1626,3246,6,10,124,20,5998,208,222,150,510,Spruce_Fir,Leighcan,Rawah
1627,3207,347,5,124,-17,4012,210,231,160,1332,Spruce_Fir,Leighcan,Rawah
1628,2674,10,8,30,1,1295,211,224,149,1801,Aspen,Cryaquolis,Comanche Peak
1629,2635,45,8,30,9,955,223,223,135,1624,Lodgepole Pine,Catacount,Comanche Peak
1630,2780,76,34,30,20,212,238,155,18,2433,Aspen,Legault,Rawah
1631,2707,71,31,0,0,95,236,164,36,2430,Aspen,Legault,Rawah
1632,3216,328,7,42,-6,4050,203,232,168,1300,Spruce_Fir,Leighcan,Rawah
1633,2731,67,31,30,-9,134,233,161,36,2400,Aspen,Legault,Rawah
1634,3259,56,10,175,41,2733,227,218,124,2575,Spruce_Fir,Legault,Rawah
1635,2729,70,32,90,-30,124,235,161,33,2340,Aspen,Legault,Rawah
1636,3285,141,3,240,30,6012,224,238,150,430,Spruce_Fir,Leighcan,Rawah
1637,2770,69,31,95,-35,190,234,162,35,2311,Aspen,Legault,Rawah
1638,2716,75,33,90,70,108,238,158,23,2310,Aspen,Legault,Rawah
1639,2650,26,19,60,19,1008,208,197,119,1771,Lodgepole Pine,Catacount,Comanche Peak
1640,2644,9,32,210,87,847,168,160,114,1740,Lodgepole Pine,Catacount,Comanche Peak
1641,3217,51,3,120,5,5179,221,232,147,300,Spruce_Fir,Leighcan,Rawah
1642,3231,317,10,42,6,4054,194,231,178,1266,Spruce_Fir,Leighcan,Rawah
1643,2794,71,33,120,-50,228,235,157,27,2282,Aspen,Legault,Rawah
1644,3301,219,6,402,85,3337,213,246,169,1969,Spruce_Fir,Legault,Rawah
1645,3059,153,13,127,22,1396,235,240,133,2594,Lodgepole Pine,Legault,Rawah
1646,3020,63,1,127,3,895,220,236,153,2381,Lodgepole Pine,Legault,Rawah
1647,2800,75,33,150,-50,240,238,158,24,2252,Aspen,Legault,Rawah
1648,2763,76,32,162,-62,180,240,165,31,2250,Aspen,Legault,Rawah
1649,2725,82,35,108,70,120,242,157,13,2250,Aspen,Legault,Rawah
1650,2684,32,20,150,53,1110,211,193,111,1848,Lodgepole Pine,Catacount,Comanche Peak
1651,2785,83,32,182,-65,210,244,167,27,2221,Aspen,Legault,Rawah
1652,2748,85,33,150,93,150,245,164,21,2220,Aspen,Legault,Rawah
1653,2685,8,10,255,93,891,208,219,148,1830,Lodgepole Pine,Catacount,Comanche Peak
1654,3269,356,13,190,46,3909,199,217,155,1396,Spruce_Fir,Leighcan,Rawah
1655,3273,159,12,300,55,2863,233,242,138,2439,Krummholz,Legault,Rawah
1656,3264,137,10,283,45,2773,236,236,131,2529,Krummholz,Legault,Rawah
1657,3256,143,7,234,37,2713,231,239,140,2589,Krummholz,Legault,Rawah
1658,2848,84,35,190,-51,300,243,157,12,2195,Aspen,Legault,Rawah
1659,2786,90,33,210,135,210,248,170,24,2191,Aspen,Legault,Rawah
1660,2707,83,35,90,66,90,243,158,14,2191,Aspen,Legault,Rawah
1661,2766,31,7,120,15,1326,218,225,143,2214,Lodgepole Pine,Catacount,Comanche Peak
1662,3225,287,10,150,22,4713,193,240,187,598,Spruce_Fir,Leighcan,Rawah
1663,3268,176,16,270,50,2955,227,247,148,2347,Krummholz,Legault,Rawah
1664,3268,179,15,270,50,2925,225,248,151,2377,Krummholz,Legault,Rawah
1665,3267,168,13,270,49,2866,230,245,143,2437,Krummholz,Legault,Rawah
1666,2907,91,30,210,7,390,249,178,35,2173,Aspen,Legault,Rawah
1667,3246,18,9,120,11,4333,213,221,144,972,Spruce_Fir,Leighcan,Rawah
1668,3201,105,3,300,-5,2007,224,236,147,2848,Krummholz,Legault,Rawah
1669,3076,63,12,127,17,1536,230,216,117,2554,Lodgepole Pine,Legault,Rawah
1670,2968,60,11,170,-6,571,229,216,119,2171,Lodgepole Pine,Legault,Rawah
1671,2922,94,28,240,22,421,251,186,44,2147,Aspen,Legault,Rawah
1672,2848,91,35,247,-51,301,248,162,12,2135,Aspen,Legault,Rawah
1673,2780,346,13,90,29,1383,195,219,162,2248,Lodgepole Pine,Catacount,Comanche Peak
1674,3251,167,13,210,33,2813,230,244,144,2493,Krummholz,Legault,Rawah
1675,3237,101,8,95,23,2486,235,229,126,2823,Krummholz,Legault,Rawah
1676,2808,81,33,242,150,247,243,164,24,2102,Aspen,Legault,Rawah
1677,2754,74,30,153,111,162,239,168,37,2100,Aspen,Legault,Rawah
1678,3291,297,4,180,5,5702,208,238,169,680,Spruce_Fir,Leighcan,Rawah
1679,3258,158,15,212,34,3204,235,241,133,2102,Krummholz,Legault,Rawah
1680,3245,172,15,180,27,3025,229,246,145,2282,Krummholz,Legault,Rawah
1681,3244,184,15,180,26,2877,223,249,155,2432,Krummholz,Legault,Rawah
1682,3242,151,2,150,32,2580,222,239,152,2731,Krummholz,Legault,Rawah
1683,3241,124,3,127,31,2550,225,237,146,2761,Krummholz,Legault,Rawah
1684,3214,132,15,0,0,2402,243,231,114,2911,Krummholz,Legault,Rawah
1685,2959,80,16,255,-15,518,239,210,97,2101,Lodgepole Pine,Legault,Rawah
1686,2760,69,31,162,114,175,235,163,37,2070,Aspen,Legault,Rawah
1687,2725,353,19,30,14,1167,183,202,154,1994,Spruce_Fir,Catacount,Comanche Peak
1688,3276,42,11,331,64,5157,222,216,128,218,Spruce_Fir,Leighcan,Rawah
1689,3252,37,18,124,49,5006,216,198,111,60,Spruce_Fir,Leighcan,Rawah
1690,3235,180,15,150,17,2940,224,248,152,2371,Krummholz,Legault,Rawah
1691,3236,180,15,150,19,2851,224,248,152,2461,Krummholz,Legault,Rawah
1692,3241,200,5,175,43,2644,218,244,162,2671,Krummholz,Legault,Rawah
1693,3241,166,4,134,31,2584,223,241,153,2731,Krummholz,Legault,Rawah
1694,3223,122,18,42,16,2466,248,222,95,2851,Krummholz,Legault,Rawah
1695,3209,138,17,0,0,2407,243,232,112,2911,Krummholz,Legault,Rawah
1696,3192,153,15,270,54,2053,237,240,130,2801,Krummholz,Legault,Rawah
1697,3190,172,13,270,52,2024,228,246,147,2781,Krummholz,Legault,Rawah
1698,3286,49,5,454,75,5225,222,229,143,331,Spruce_Fir,Leighcan,Rawah
1699,3223,298,11,108,20,4637,188,236,188,511,Spruce_Fir,Leighcan,Rawah
1700,2920,94,28,360,-47,446,250,186,44,2028,Aspen,Legault,Rawah
1701,2889,90,28,360,-10,390,249,184,46,2021,Aspen,Legault,Rawah
1702,2807,73,29,242,161,258,239,171,42,2011,Aspen,Legault,Rawah
1703,3221,194,14,90,18,2772,217,251,164,2550,Krummholz,Legault,Rawah
1704,3198,162,14,192,-11,2213,233,243,138,2864,Krummholz,Legault,Rawah
1705,3191,156,16,228,53,2154,236,240,129,2821,Krummholz,Legault,Rawah
1706,2903,97,27,390,-64,430,251,190,49,1994,Aspen,Legault,Rawah
1707,2858,90,28,335,217,350,249,184,45,1986,Aspen,Legault,Rawah
1708,2842,87,28,309,199,324,248,181,43,1984,Aspen,Legault,Rawah
1709,2719,64,24,124,70,134,233,184,70,1984,Aspen,Legault,Rawah
1710,3251,282,7,268,48,4494,201,241,179,661,Spruce_Fir,Leighcan,Rawah
1711,3217,162,6,60,0,2954,226,242,149,2370,Krummholz,Legault,Rawah
1712,3214,166,9,60,0,2895,228,244,148,2430,Krummholz,Legault,Rawah
1713,3213,198,14,60,13,2777,215,251,168,2550,Krummholz,Legault,Rawah
1714,3227,213,14,85,25,2689,207,252,179,2640,Krummholz,Legault,Rawah
1715,3225,138,17,42,16,2542,243,232,112,2790,Krummholz,Legault,Rawah
1716,2871,94,26,376,230,391,250,191,53,1958,Aspen,Legault,Rawah
1717,2797,86,28,255,136,277,247,182,46,1950,Aspen,Legault,Rawah
1718,3298,18,13,418,87,5120,209,212,138,277,Spruce_Fir,Leighcan,Rawah
1719,3294,25,10,362,91,5075,215,219,139,218,Spruce_Fir,Leighcan,Rawah
1720,3240,158,4,234,11,3492,225,240,150,1831,Krummholz,Leighcan,Rawah
1721,3215,121,1,30,-1,2989,221,237,152,2341,Krummholz,Legault,Rawah
1722,3223,183,16,60,26,2665,222,249,155,2671,Krummholz,Legault,Rawah
1723,2856,91,28,366,210,384,249,185,46,1926,Aspen,Legault,Rawah
1724,2782,88,26,255,129,268,248,186,51,1920,Aspen,Legault,Rawah
1725,2786,49,16,240,97,1431,225,205,110,2190,Lodgepole Pine,Catacount,Comanche Peak
1726,2747,329,19,201,71,878,171,214,181,2213,Lodgepole Pine,Catacount,Comanche Peak
1727,3220,56,3,30,2,3083,222,232,146,2252,Krummholz,Leighcan,Rawah
1728,3218,45,4,0,0,3054,221,231,146,2282,Krummholz,Leighcan,Rawah
1729,3206,204,18,30,4,2730,207,253,176,2612,Krummholz,Legault,Rawah
1730,3153,159,14,120,15,2088,234,242,136,2694,Krummholz,Legault,Rawah
1731,2839,91,27,361,185,382,249,186,48,1894,Aspen,Legault,Rawah
1732,2782,92,26,268,129,283,249,191,54,1890,Aspen,Legault,Rawah
1733,2755,87,24,216,106,228,247,194,63,1891,Aspen,Legault,Rawah
1734,2729,84,22,162,73,175,245,197,70,1894,Aspen,Legault,Rawah
1735,2718,85,19,134,62,150,244,203,81,1896,Aspen,Legault,Rawah
1736,3228,141,3,42,2,3295,225,238,149,2044,Krummholz,Leighcan,Rawah
1737,3195,138,11,30,-7,2854,237,236,129,2493,Krummholz,Legault,Rawah
1738,3161,182,15,124,23,2329,223,249,154,2850,Krummholz,Legault,Rawah
1739,3068,335,8,150,6,1442,202,230,166,2247,Lodgepole Pine,Legault,Rawah
1740,3055,80,13,120,15,1237,237,217,109,2136,Lodgepole Pine,Legault,Rawah
1741,3043,48,7,30,3,1150,223,224,136,2093,Lodgepole Pine,Cryaquolis,Rawah
1742,2931,96,23,446,-76,541,249,200,67,1884,Aspen,Legault,Rawah
1743,2887,96,28,450,241,469,251,187,44,1872,Aspen,Legault,Rawah
1744,2781,94,25,283,132,295,250,194,57,1860,Aspen,Legault,Rawah
1745,2767,93,24,256,118,268,249,196,63,1860,Aspen,Legault,Rawah
1746,2742,91,23,201,86,210,248,198,67,1862,Aspen,Legault,Rawah
1747,3316,66,6,466,82,3803,227,227,135,1537,Krummholz,Cryorthents,Rawah
1748,3233,111,3,134,4,3448,225,236,145,1896,Krummholz,Leighcan,Rawah
1749,3231,127,2,85,2,3389,223,237,150,1956,Krummholz,Leighcan,Rawah
1750,3192,175,17,30,-9,2656,227,247,145,2704,Krummholz,Legault,Rawah
1751,3148,163,13,90,10,2185,232,243,140,2718,Krummholz,Legault,Rawah
1752,3095,92,8,30,5,1771,233,227,126,2424,Lodgepole Pine,Cryaquolis,Rawah
1753,3045,50,7,30,5,1158,224,224,135,2067,Lodgepole Pine,Cryaquolis,Rawah
1754,2941,105,20,450,-72,582,249,211,81,1860,Aspen,Legault,Rawah
1755,2794,92,26,323,145,330,250,189,51,1830,Aspen,Legault,Rawah
1756,2707,92,20,120,54,120,247,204,77,1839,Aspen,Legault,Rawah
1757,3250,86,23,182,47,4731,246,194,65,234,Spruce_Fir,Leighcan,Rawah
1758,3213,99,12,30,7,2955,240,223,112,2407,Krummholz,Legault,Rawah
1759,3183,191,14,60,-10,2721,218,250,162,2646,Krummholz,Legault,Rawah
1760,3184,181,15,60,-12,2692,224,248,153,2676,Krummholz,Legault,Rawah
1761,3165,136,15,108,-41,2486,242,233,117,2886,Krummholz,Legault,Rawah
1762,3154,144,11,120,18,2427,236,238,132,2881,Krummholz,Legault,Rawah
1763,3146,160,11,67,8,2338,231,242,141,2812,Krummholz,Legault,Rawah
1764,2912,107,26,511,-100,553,253,199,57,1820,Aspen,Legault,Rawah
1765,2850,99,26,443,189,451,252,193,53,1806,Aspen,Legault,Rawah
1766,2823,96,25,390,170,391,250,196,59,1802,Aspen,Legault,Rawah
1767,2707,87,21,120,71,124,246,200,73,1809,Aspen,Legault,Rawah
1768,2859,53,20,379,94,1213,226,194,93,2671,Lodgepole Pine,Catacount,Comanche Peak
1769,2817,25,15,210,23,1392,212,207,129,2579,Lodgepole Pine,Catacount,Comanche Peak
1770,3294,83,17,365,60,3724,241,208,91,1634,Krummholz,Leighcan,Rawah
1771,3251,71,13,247,17,3607,234,214,110,1753,Krummholz,Leighcan,Rawah
1772,3140,183,5,30,3,2224,221,243,157,2701,Krummholz,Cryaquolis,Rawah
1773,3137,50,4,0,0,2047,221,231,146,2568,Krummholz,Legault,Rawah
1774,2834,98,24,420,181,424,251,198,61,1774,Aspen,Legault,Rawah
1775,2778,89,25,300,122,306,248,192,58,1770,Aspen,Legault,Rawah
1776,2708,82,21,120,69,134,244,197,73,1779,Aspen,Legault,Rawah
1777,3304,87,16,391,70,3760,242,212,96,1608,Krummholz,Leighcan,Rawah
1778,3248,69,10,212,14,3583,231,221,122,1786,Krummholz,Leighcan,Rawah
1779,3201,95,17,0,0,2940,245,213,91,2442,Krummholz,Legault,Rawah
1780,3138,171,5,0,0,2289,223,242,154,2727,Krummholz,Cryaquolis,Rawah
1781,3126,52,10,30,0,1936,226,218,125,2461,Krummholz,Legault,Rawah
1782,3319,86,11,450,85,3787,236,222,117,1554,Krummholz,Cryorthents,Rawah
1783,3175,93,9,30,-3,2826,234,227,125,2564,Krummholz,Legault,Rawah
1784,3137,232,3,30,0,2236,215,242,164,2662,Krummholz,Cryaquolis,Rawah
1785,2784,69,23,306,137,323,237,188,69,1710,Aspen,Legault,Rawah
1786,2714,70,24,134,70,150,237,186,67,1719,Aspen,Legault,Rawah
1787,2702,71,22,108,55,120,238,190,71,1723,Aspen,Legault,Rawah
1788,3139,327,5,60,1,2183,208,234,165,2597,Krummholz,Legault,Rawah
1789,2807,8,19,0,0,1507,194,198,137,2389,Spruce_Fir,Cryaquolis,Comanche Peak
1790,3319,97,10,450,85,3737,237,225,119,1565,Krummholz,Cryorthents,Rawah
1791,3123,77,9,134,-7,1900,232,224,125,2355,Lodgepole Pine,Legault,Rawah
1792,2897,90,20,582,244,598,246,205,80,1672,Aspen,Legault,Rawah
1793,2763,58,22,240,121,242,230,187,79,1652,Aspen,Legault,Rawah
1794,2712,69,26,120,62,124,237,181,60,1663,Aspen,Legault,Rawah
1795,2698,73,26,90,60,95,239,180,55,1667,Aspen,Legault,Rawah
1796,3260,31,15,30,0,5775,215,207,125,642,Spruce_Fir,Leighcan,Rawah
1797,3377,280,18,277,109,5256,168,239,209,778,Spruce_Fir,Leighcan,Rawah
1798,3249,300,5,0,0,4412,205,238,172,553,Spruce_Fir,Leighcan,Rawah
1799,3322,107,6,480,88,3728,230,233,137,1543,Krummholz,Cryorthents,Rawah
1800,3241,25,7,0,0,3403,217,225,145,2012,Spruce_Fir,Legault,Rawah
1801,2868,332,17,60,23,1718,177,215,176,2613,Lodgepole Pine,Catacount,Comanche Peak
1802,2848,94,20,457,138,488,247,205,78,1597,Aspen,Legault,Rawah
1803,2736,73,29,162,98,175,239,172,44,1600,Aspen,Legault,Rawah
1804,2931,283,26,778,554,854,138,230,227,2642,Lodgepole Pine,Catacount,Comanche Peak
1805,3341,299,12,272,73,5343,186,235,189,939,Spruce_Fir,Leighcan,Rawah
1806,3193,53,12,42,-4,2678,227,213,118,2762,Krummholz,Legault,Rawah
1807,3244,88,9,150,35,3065,234,226,124,2383,Spruce_Fir,Legault,Rawah
1808,3192,96,11,30,-5,2685,238,224,115,2767,Krummholz,Legault,Rawah
1809,2708,84,29,108,40,120,246,176,38,1549,Aspen,Legault,Rawah
1810,2552,4,19,60,24,792,191,199,142,1181,Aspen,Catacount,Comanche Peak
1811,2556,334,21,85,28,819,168,208,176,1155,Aspen,Catacount,Comanche Peak
1812,3163,20,10,60,-2,2489,213,218,141,2704,Spruce_Fir,Legault,Rawah
1813,2693,78,29,67,25,95,242,174,40,1524,Aspen,Legault,Rawah
1814,2566,326,11,256,87,755,193,228,175,1332,Aspen,Catacount,Comanche Peak
1815,2577,323,10,150,58,875,194,230,175,1159,Aspen,Catacount,Comanche Peak
1816,3273,5,9,180,35,3254,209,223,152,2219,Spruce_Fir,Legault,Rawah
1817,2959,2,9,721,186,1008,208,224,153,2555,Lodgepole Pine,Catacount,Comanche Peak
1818,2675,42,13,60,14,1110,222,211,122,1560,Lodgepole Pine,Catacount,Comanche Peak
1819,2553,235,17,351,95,780,188,253,199,1410,Ponderosa Pine,Catacount,Comanche Peak
1820,2570,345,12,124,42,859,196,221,163,1222,Aspen,Catacount,Comanche Peak
1821,2011,344,17,313,29,404,183,211,164,300,Ponderosa Pine,Vanet,Cache la Poudre
1822,2749,86,30,95,39,201,247,176,36,1451,Aspen,Legault,Rawah
1823,2718,73,27,42,8,150,239,177,51,1460,Lodgepole Pine,Legault,Rawah
1824,2885,61,27,384,103,1243,231,174,60,2100,Lodgepole Pine,Catacount,Comanche Peak
1825,2022,24,13,391,42,509,212,212,134,421,Ponderosa Pine,Vanet,Cache la Poudre
1826,2038,50,17,408,71,474,226,200,102,283,Ponderosa Pine,Vanet,Cache la Poudre
1827,2902,54,23,391,120,1282,227,184,78,2130,Lodgepole Pine,Catacount,Comanche Peak
1828,2018,341,27,351,34,390,152,188,168,190,Ponderosa Pine,Vanet,Cache la Poudre
1829,3309,268,7,618,28,3711,202,243,179,1342,Spruce_Fir,Leighcan,Rawah
1830,3349,66,11,408,59,3512,231,217,117,1643,Krummholz,Legault,Rawah
1831,2926,87,17,525,155,677,242,210,92,1412,Lodgepole Pine,Legault,Rawah
1832,2856,57,22,351,99,474,229,189,82,1383,Aspen,Legault,Rawah
1833,3293,308,17,120,34,3193,172,227,195,2192,Spruce_Fir,Legault,Rawah
1834,3074,108,6,60,-1,1811,231,233,136,1996,Spruce_Fir,Cryaquolis,Rawah
1835,2839,75,20,285,82,430,239,199,82,1350,Aspen,Legault,Rawah
1836,2820,75,17,228,72,376,238,206,93,1350,Aspen,Legault,Rawah
1837,2836,14,18,30,11,1549,201,200,133,2704,Lodgepole Pine,Cryaquolis,Comanche Peak
1838,2074,348,18,499,107,566,183,208,161,277,Ponderosa Pine,Vanet,Cache la Poudre
1839,3313,285,8,636,32,3645,198,240,182,1396,Spruce_Fir,Leighcan,Rawah
1840,3068,111,8,319,9,1218,234,231,129,1565,Lodgepole Pine,Legault,Rawah
1841,2902,87,15,417,131,607,241,215,100,1337,Lodgepole Pine,Legault,Rawah
1842,2862,91,21,319,95,497,247,203,76,1323,Aspen,Legault,Rawah
1843,2840,92,19,277,83,443,246,207,82,1320,Aspen,Legault,Rawah
1844,3278,84,10,85,14,4186,234,224,121,808,Spruce_Fir,Leighcan,Rawah
1845,3048,124,10,446,-9,1077,238,233,125,1463,Lodgepole Pine,Legault,Rawah
1846,2883,104,20,350,112,564,249,211,82,1299,Aspen,Legault,Rawah
1847,2849,100,20,277,82,484,248,209,80,1291,Aspen,Legault,Rawah
1848,2703,47,24,108,64,120,220,179,80,1348,Aspen,Legault,Rawah
1849,2988,29,18,404,145,1978,211,197,117,2818,Lodgepole Pine,Catacount,Comanche Peak
1850,2089,41,19,424,81,510,219,194,103,350,Ponderosa Pine,Vanet,Cache la Poudre
1851,3336,293,13,564,14,3523,184,237,193,1530,Spruce_Fir,Leighcan,Rawah
1852,3354,292,18,510,32,3486,168,234,205,1583,Spruce_Fir,Leighcan,Rawah
1853,3094,107,7,30,-2,2093,233,232,131,2148,Spruce_Fir,Cryaquolis,Rawah
1854,3077,123,5,30,-3,1959,228,236,142,2029,Spruce_Fir,Cryaquolis,Rawah
1855,2820,96,16,192,63,426,244,216,97,1260,Aspen,Legault,Rawah
1856,2812,95,17,170,55,404,245,212,90,1261,Aspen,Legault,Rawah
1857,2422,45,11,85,13,631,223,215,125,1320,Lodgepole Pine,Catacount,Comanche Peak
1858,2018,303,24,60,23,120,145,220,211,228,Ponderosa Pine,Vanet,Cache la Poudre
1859,2102,33,12,382,94,480,218,214,131,342,Ponderosa Pine,Vanet,Cache la Poudre
1860,3341,92,20,360,19,3372,246,205,79,1731,Krummholz,Legault,Rawah
1861,3331,81,14,330,41,3355,238,214,104,1758,Krummholz,Legault,Rawah
1862,3313,326,3,175,40,3073,211,235,163,2258,Krummholz,Leighcan,Rawah
1863,2864,115,21,295,93,566,250,215,83,1236,Aspen,Legault,Rawah
1864,2827,106,16,192,60,469,246,219,97,1230,Aspen,Legault,Rawah
1865,2729,36,18,95,8,162,216,198,112,1282,Aspen,Legault,Rawah
1866,2720,57,25,124,3,134,228,180,71,1290,Aspen,Legault,Rawah
1867,2974,340,14,319,72,1572,190,219,167,2524,Lodgepole Pine,Catacount,Comanche Peak
1868,3003,339,14,228,93,1879,190,219,168,2696,Lodgepole Pine,Catacount,Comanche Peak
1869,2446,23,8,0,0,443,216,223,144,837,Douglas-fir,Cryaquolis,Comanche Peak
1870,2025,288,26,67,30,120,140,227,223,256,Ponderosa Pine,Vanet,Cache la Poudre
1871,2097,23,16,408,89,516,209,204,128,342,Ponderosa Pine,Vanet,Cache la Poudre
1872,2121,345,29,564,113,671,150,181,161,365,Ponderosa Pine,Vanet,Cache la Poudre
1873,2121,28,26,571,160,680,200,173,97,306,Ponderosa Pine,Vanet,Cache la Poudre
1874,2020,74,18,301,59,430,239,202,88,67,Ponderosa Pine,Vanet,Cache la Poudre
1875,2858,117,21,283,87,582,251,216,83,1206,Aspen,Legault,Rawah
1876,2044,276,25,108,49,153,144,236,227,277,Ponderosa Pine,Vanet,Cache la Poudre
1877,2047,31,21,216,54,272,210,190,109,277,Ponderosa Pine,Vanet,Cache la Poudre
1878,2718,71,29,124,70,134,237,170,43,1243,Aspen,Legault,Rawah
1879,2701,72,31,95,53,108,237,163,34,1254,Aspen,Legault,Rawah
1880,2917,290,17,335,115,1624,169,235,205,2534,Lodgepole Pine,Catacount,Comanche Peak
1881,2508,20,21,0,0,859,201,192,121,1651,Douglas-fir,Cryaquolis,Comanche Peak
1882,2437,349,12,30,4,997,198,220,161,1455,Douglas-fir,Cryaquolis,Comanche Peak
1883,2050,3,13,201,54,297,201,214,149,309,Ponderosa Pine,Vanet,Cache la Poudre
1884,3345,198,2,0,0,5114,218,240,158,871,Spruce_Fir,Leighcan,Rawah
1885,3292,82,9,127,15,4133,233,225,124,914,Spruce_Fir,Leighcan,Rawah
1886,3218,67,17,60,22,2711,235,203,94,2711,Spruce_Fir,Legault,Rawah
1887,3154,102,17,67,10,2608,246,215,91,2522,Spruce_Fir,Legault,Rawah
1888,2744,288,3,95,6,228,211,239,166,1187,Aspen,Legault,Rawah
1889,2515,323,24,42,15,866,152,208,191,350,Douglas-fir,Catacount,Comanche Peak
1890,2533,322,29,85,36,828,134,197,196,323,Douglas-fir,Catacount,Comanche Peak
1891,2092,262,17,309,84,417,176,246,208,242,Ponderosa Pine,Vanet,Cache la Poudre
1892,2160,349,12,532,158,636,197,219,160,361,Ponderosa Pine,Vanet,Cache la Poudre
1893,2922,272,31,799,547,875,123,231,238,2136,Lodgepole Pine,Leighcan,Comanche Peak
1894,3003,328,16,408,93,1624,180,220,179,2419,Lodgepole Pine,Catacount,Comanche Peak
1895,2475,352,16,0,0,541,191,211,157,847,Douglas-fir,Cryaquolis,Comanche Peak
1896,2455,121,18,0,0,1154,248,223,96,1556,Douglas-fir,Vanet,Comanche Peak
1897,2447,2,8,0,0,1095,209,225,154,1537,Douglas-fir,Cryaquolis,Comanche Peak
1898,3095,345,11,127,19,1914,199,223,163,1848,Lodgepole Pine,Legault,Rawah
1899,2743,270,1,127,2,240,216,238,160,1129,Aspen,Legault,Rawah
1900,2724,95,26,120,72,150,250,192,54,1159,Aspen,Legault,Rawah
1901,2525,337,17,30,9,949,180,213,172,450,Douglas-fir,Cryaquolis,Comanche Peak
1902,2551,324,27,108,49,891,141,199,192,390,Douglas-fir,Catacount,Comanche Peak
1903,2597,321,28,192,105,806,136,199,196,361,Douglas-fir,Catacount,Comanche Peak
1904,2604,31,21,319,125,703,210,190,109,379,Lodgepole Pine,Catacount,Comanche Peak
1905,2532,44,21,30,8,953,220,189,95,1583,Douglas-fir,Cryaquolis,Comanche Peak
1906,2530,307,20,60,12,994,161,224,201,1626,Douglas-fir,Catacount,Comanche Peak
1907,2598,274,24,210,80,1074,150,238,224,1706,Douglas-fir,Catacount,Comanche Peak
1908,2090,0,29,201,82,309,165,173,134,190,Ponderosa Pine,Vanet,Cache la Poudre
1909,2092,352,27,228,84,335,164,183,150,182,Ponderosa Pine,Vanet,Cache la Poudre
1910,2167,320,16,488,165,589,178,224,185,300,Ponderosa Pine,Vanet,Cache la Poudre
1911,2125,64,27,543,164,607,233,173,55,342,Ponderosa Pine,Vanet,Cache la Poudre
1912,2173,50,28,124,100,212,219,167,64,552,Ponderosa Pine,Cathedral,Cache la Poudre
1913,3326,310,12,30,7,2980,186,231,185,2173,Krummholz,Leighcan,Rawah
1914,3342,71,13,90,19,2902,234,214,110,2309,Krummholz,Leighcan,Rawah
1915,3328,73,11,30,5,2873,233,218,115,2364,Krummholz,Leighcan,Rawah
1916,3098,75,9,30,7,2103,232,223,123,1965,Spruce_Fir,Cryaquolis,Rawah
1917,2706,87,29,108,54,120,247,179,40,1115,Aspen,Legault,Rawah
1918,2822,347,24,228,50,1560,168,195,160,1645,Lodgepole Pine,Leighcan,Comanche Peak
1919,2581,308,25,170,76,912,142,215,208,437,Douglas-fir,Catacount,Comanche Peak
1920,2494,331,12,0,0,626,192,225,172,886,Douglas-fir,Cryaquolis,Comanche Peak
1921,2092,59,25,90,28,150,230,178,66,503,Ponderosa Pine,Catacount,Cache la Poudre
1922,2008,226,32,30,12,108,161,250,210,295,Ponderosa Pine,Vanet,Cache la Poudre
1923,2119,26,35,437,158,474,181,143,76,309,Ponderosa Pine,Vanet,Cache la Poudre
1924,3371,60,34,240,31,3144,224,150,32,1899,Krummholz,Leighcan,Rawah
1925,3328,21,7,90,6,3055,215,224,146,2028,Krummholz,Leighcan,Rawah
1926,2879,43,23,218,97,1613,217,184,91,1914,Lodgepole Pine,Leighcan,Comanche Peak
1927,2591,122,26,85,43,1114,253,210,67,658,Ponderosa Pine,Catacount,Comanche Peak
1928,2503,26,15,30,9,648,212,205,127,875,Douglas-fir,Cryaquolis,Comanche Peak
1929,2589,308,24,150,71,1116,146,217,207,1598,Douglas-fir,Catacount,Comanche Peak
1930,2600,302,24,180,82,1132,147,221,211,1615,Douglas-fir,Catacount,Comanche Peak
1931,2113,251,33,150,105,247,131,241,235,127,Ponderosa Pine,Vanet,Cache la Poudre
1932,2088,66,33,313,131,351,231,156,31,301,Ponderosa Pine,Vanet,Cache la Poudre
1933,3404,4,15,285,64,3158,200,211,147,1864,Krummholz,Leighcan,Rawah
1934,3336,76,13,85,13,2835,236,216,109,2362,Krummholz,Leighcan,Rawah
1935,3051,113,9,525,-13,1356,236,231,126,1296,Lodgepole Pine,Legault,Rawah
1936,2725,77,24,150,75,150,242,187,62,1048,Aspen,Legault,Rawah
1937,2552,11,15,0,0,1075,203,207,139,1492,Douglas-fir,Cryaquolis,Comanche Peak
1938,2493,345,28,60,18,1158,155,184,161,1690,Douglas-fir,Catacount,Comanche Peak
1939,2170,334,26,379,168,481,153,196,177,162,Ponderosa Pine,Vanet,Cache la Poudre
1940,3359,303,16,127,36,2872,173,230,197,2268,Krummholz,Leighcan,Rawah
1941,2740,68,20,182,90,182,236,197,84,1008,Aspen,Legault,Rawah
1942,2729,69,24,153,79,153,237,185,66,1020,Aspen,Legault,Rawah
1943,2702,58,27,95,68,95,227,172,61,1047,Aspen,Legault,Rawah
1944,2829,35,21,376,75,1651,212,188,103,1528,Lodgepole Pine,Leighcan,Comanche Peak
1945,2543,338,8,30,2,1120,202,228,165,624,Lodgepole Pine,Cryaquolis,Comanche Peak
1946,2645,313,17,319,143,895,172,225,192,510,Douglas-fir,Catacount,Comanche Peak
1947,2651,328,15,339,151,876,184,222,177,511,Douglas-fir,Catacount,Comanche Peak
1948,2522,54,19,60,22,700,227,195,93,882,Douglas-fir,Cryaquolis,Comanche Peak
1949,2172,325,20,313,170,420,167,214,185,95,Ponderosa Pine,Vanet,Cache la Poudre
1950,3331,50,8,120,8,2754,224,222,132,2442,Krummholz,Legault,Rawah
1951,2027,272,37,60,26,150,100,222,246,180,Ponderosa Pine,Vanet,Cache la Poudre
1952,2161,113,32,458,142,524,254,188,34,390,Ponderosa Pine,Cathedral,Cache la Poudre
1953,3344,60,16,162,21,2758,231,205,102,2402,Krummholz,Leighcan,Rawah
1954,3261,100,20,192,47,2592,249,208,78,2726,Spruce_Fir,Legault,Rawah
1955,2847,291,36,743,354,934,101,209,236,1879,Lodgepole Pine,Leighcan,Comanche Peak
1956,2611,312,25,182,83,1061,145,213,204,598,Douglas-fir,Catacount,Comanche Peak
1957,2621,320,25,212,98,1040,148,207,195,589,Douglas-fir,Catacount,Comanche Peak
1958,2656,20,20,450,129,797,202,193,121,644,Lodgepole Pine,Catacount,Comanche Peak
1959,2527,36,16,0,0,765,217,203,117,942,Douglas-fir,Cryaquolis,Comanche Peak
1960,2223,294,21,212,151,108,156,230,212,511,Ponderosa Pine,Vanet,Cache la Poudre
1961,3346,289,11,513,78,3288,190,239,189,1677,Spruce_Fir,Leighcan,Rawah
1962,3384,73,25,180,44,3008,240,183,59,2006,Krummholz,Leighcan,Rawah
1963,3046,84,9,618,-19,1384,233,225,125,1188,Lodgepole Pine,Legault,Rawah
1964,2870,95,18,306,74,819,246,210,86,874,Lodgepole Pine,Legault,Rawah
1965,2704,63,23,85,47,95,233,186,73,999,Aspen,Legault,Rawah
1966,3018,197,6,711,93,2123,218,246,163,2588,Lodgepole Pine,Catacount,Comanche Peak
1967,2890,315,7,342,91,1595,201,234,172,1869,Lodgepole Pine,Catacount,Comanche Peak
1968,2092,270,29,150,90,270,131,234,235,85,Ponderosa Pine,Vanet,Cache la Poudre
1969,2110,54,25,342,150,390,225,177,71,466,Ponderosa Pine,Cathedral,Cache la Poudre
1970,3208,104,14,30,5,2455,243,221,104,2647,Spruce_Fir,Legault,Rawah
1971,2916,106,19,451,120,972,249,213,84,899,Lodgepole Pine,Legault,Rawah
1972,2709,71,22,108,52,108,238,192,74,973,Aspen,Legault,Rawah
1973,3011,180,6,573,92,1982,223,244,156,2698,Lodgepole Pine,Catacount,Comanche Peak
1974,2964,97,14,361,86,1704,242,219,104,2856,Lodgepole Pine,Catacount,Comanche Peak
1975,2813,80,30,339,152,1691,243,173,38,1517,Lodgepole Pine,Catacount,Comanche Peak
1976,2641,312,26,210,82,1084,142,211,205,648,Douglas-fir,Catacount,Comanche Peak
1977,2694,339,22,420,184,957,166,202,171,633,Douglas-fir,Catacount,Comanche Peak
1978,2544,39,17,0,0,824,218,199,111,979,Douglas-fir,Cryaquolis,Comanche Peak
1979,2594,80,19,268,72,1348,241,202,84,1550,Lodgepole Pine,Vanet,Comanche Peak
1980,2206,65,33,210,144,201,229,155,31,361,Ponderosa Pine,Cathedral,Cache la Poudre
1981,2175,303,31,270,173,391,120,208,220,108,Ponderosa Pine,Vanet,Cache la Poudre
1982,2194,170,24,300,175,481,229,242,130,175,Ponderosa Pine,Vanet,Cache la Poudre
1983,2132,73,27,365,172,408,239,179,53,488,Ponderosa Pine,Cathedral,Cache la Poudre
1984,2699,76,24,108,50,108,241,186,61,966,Aspen,Legault,Rawah
1985,2611,296,28,120,52,1167,130,218,222,702,Douglas-fir,Catacount,Comanche Peak
1986,2639,306,27,180,80,1126,136,213,212,684,Douglas-fir,Catacount,Comanche Peak
1987,2671,320,26,270,112,1068,145,205,196,666,Douglas-fir,Catacount,Comanche Peak
1988,2557,51,20,42,13,849,225,192,93,977,Douglas-fir,Cryaquolis,Comanche Peak
1989,2000,318,7,30,4,108,201,234,172,268,Cottonwood/Willow,Cryaquolis,Cache la Poudre
1990,2162,166,33,277,143,543,226,230,107,242,Ponderosa Pine,Cathedral,Cache la Poudre
1991,3352,339,7,42,3,2790,204,230,164,2255,Krummholz,Leighcan,Rawah
1992,2746,64,22,212,89,216,234,189,76,875,Aspen,Legault,Rawah
1993,2714,78,21,150,65,150,242,196,75,924,Aspen,Legault,Rawah
1994,2999,155,8,636,113,1731,230,241,144,2097,Lodgepole Pine,Catacount,Comanche Peak
1995,3008,197,7,591,83,1996,218,246,163,2591,Lodgepole Pine,Catacount,Comanche Peak
1996,2633,285,26,153,74,1168,139,229,226,721,Douglas-fir,Catacount,Comanche Peak
1997,2510,323,21,30,12,1454,163,214,188,1752,Douglas-fir,Catacount,Comanche Peak
1998,2003,355,6,0,0,127,211,230,157,283,Cottonwood/Willow,Cryaquolis,Cache la Poudre
1999,2143,170,32,247,124,547,223,234,116,258,Ponderosa Pine,Cathedral,Cache la Poudre
2000,3356,21,7,0,0,2802,215,224,146,2222,Krummholz,Leighcan,Rawah
2001,3374,294,15,134,32,2713,178,236,197,2347,Krummholz,Leighcan,Rawah
2002,3359,102,16,247,29,2646,245,217,95,2449,Krummholz,Leighcan,Rawah
2003,3352,100,13,277,26,2630,241,222,110,2475,Krummholz,Leighcan,Rawah
2004,2822,104,19,90,26,646,248,214,87,721,Lodgepole Pine,Cryaquolis,Rawah
2005,2764,61,24,255,107,258,231,183,72,834,Aspen,Legault,Rawah
2006,2752,63,24,234,95,234,233,183,69,849,Aspen,Legault,Rawah
2007,2584,306,20,60,16,1273,162,224,201,792,Douglas-fir,Catacount,Comanche Peak
2008,2595,296,24,85,28,1252,144,224,216,780,Douglas-fir,Catacount,Comanche Peak
2009,2765,339,25,402,71,1116,158,194,170,1092,Lodgepole Pine,Catacount,Comanche Peak
2010,2529,319,25,60,31,1438,146,207,196,1758,Douglas-fir,Catacount,Comanche Peak
2011,2538,318,27,85,37,1410,140,204,199,1782,Douglas-fir,Catacount,Comanche Peak
2012,2223,287,6,301,26,30,202,240,177,361,Ponderosa Pine,Vanet,Cache la Poudre
2013,2004,47,8,0,0,150,223,223,135,300,Cottonwood/Willow,Cryaquolis,Cache la Poudre
2014,2129,197,33,242,110,598,191,245,164,324,Ponderosa Pine,Cathedral,Cache la Poudre
2015,2151,177,23,295,134,481,224,245,140,430,Ponderosa Pine,Cathedral,Cache la Poudre
2016,2077,99,26,285,117,331,252,194,54,518,Ponderosa Pine,Cathedral,Cache la Poudre
2017,3379,180,0,175,37,2672,219,238,157,2388,Krummholz,Leighcan,Rawah
2018,2786,43,10,285,7,324,222,217,129,778,Aspen,Legault,Rawah
2019,2992,227,16,607,106,1434,195,253,192,1852,Lodgepole Pine,Catacount,Comanche Peak
2020,2683,296,28,256,124,1158,131,219,222,760,Douglas-fir,Catacount,Comanche Peak
2021,2726,308,27,342,167,1107,137,212,210,751,Douglas-fir,Catacount,Comanche Peak
2022,2751,317,22,430,192,1061,155,214,196,752,Douglas-fir,Catacount,Comanche Peak
2023,2519,318,22,30,11,1505,157,214,194,1692,Douglas-fir,Catacount,Comanche Peak
2024,2572,320,28,124,-40,1369,137,201,197,1814,Douglas-fir,Catacount,Comanche Peak
2025,2588,36,15,30,10,1262,218,207,121,1914,Aspen,Catacount,Comanche Peak
2026,2026,343,25,42,19,108,160,192,165,391,Ponderosa Pine,Cryaquolis,Cache la Poudre
2027,2006,73,11,0,0,170,233,218,115,319,Cottonwood/Willow,Cryaquolis,Cache la Poudre
2028,2026,271,34,60,23,212,114,228,242,277,Ponderosa Pine,Cryaquolis,Cache la Poudre
2029,3379,280,11,408,3,3055,191,241,190,1910,Spruce_Fir,Leighcan,Rawah
2030,3364,358,6,30,4,2736,211,229,156,2281,Krummholz,Leighcan,Rawah
2031,3366,305,10,90,13,2700,194,235,181,2330,Krummholz,Leighcan,Rawah
2032,3365,98,17,240,26,2613,246,213,90,2455,Krummholz,Leighcan,Rawah
2033,3344,100,11,323,74,2563,238,226,118,2531,Krummholz,Leighcan,Rawah
2034,3330,100,18,283,65,2531,247,212,87,2583,Krummholz,Leighcan,Rawah
2035,2707,87,23,134,71,150,247,195,64,872,Aspen,Legault,Rawah
2036,2770,325,24,466,211,1073,154,206,189,785,Douglas-fir,Catacount,Comanche Peak
2037,2582,30,19,42,14,972,211,196,115,1012,Douglas-fir,Cryaquolis,Comanche Peak
2038,2589,333,13,30,5,1224,190,223,172,1950,Aspen,Catacount,Comanche Peak
2039,2024,323,31,30,22,85,127,190,194,458,Ponderosa Pine,Cryaquolis,Cache la Poudre
2040,2006,79,16,0,0,192,240,209,95,339,Cottonwood/Willow,Cryaquolis,Cache la Poudre
2041,3366,352,5,30,2,2713,211,231,158,2298,Krummholz,Leighcan,Rawah
2042,3377,257,5,150,27,2640,208,243,173,2396,Krummholz,Leighcan,Rawah
2043,3374,93,13,210,29,2605,241,219,106,2446,Krummholz,Leighcan,Rawah
2044,3293,118,24,190,39,2460,252,211,73,2676,Krummholz,Leighcan,Rawah
2045,2793,51,6,272,5,384,223,227,139,711,Aspen,Legault,Rawah
2046,2791,75,7,301,6,360,229,226,130,726,Aspen,Legault,Rawah
2047,2969,167,13,228,67,1622,231,244,143,2735,Lodgepole Pine,Catacount,Comanche Peak
2048,2637,302,27,150,69,1279,135,215,216,845,Douglas-fir,Catacount,Comanche Peak
2049,2651,297,32,180,84,1260,115,211,227,837,Douglas-fir,Catacount,Comanche Peak
2050,2685,299,29,240,126,1224,128,215,221,824,Douglas-fir,Catacount,Comanche Peak
2051,2607,35,15,30,14,1317,217,206,121,1857,Aspen,Catacount,Comanche Peak
2052,2041,327,33,60,43,108,122,182,189,474,Ponderosa Pine,Catacount,Cache la Poudre
2053,2010,70,23,0,0,212,238,188,69,361,Cottonwood/Willow,Catacount,Cache la Poudre
2054,2107,155,41,120,88,470,229,205,63,285,Ponderosa Pine,Cathedral,Cache la Poudre
2055,2070,181,28,134,51,579,216,244,142,342,Ponderosa Pine,Cathedral,Cache la Poudre
2056,2051,107,24,180,91,228,252,203,64,420,Ponderosa Pine,Cathedral,Cache la Poudre
2057,3341,271,13,424,73,3167,184,244,199,1809,Spruce_Fir,Leighcan,Rawah
2058,3251,106,9,67,8,2375,235,229,125,2795,Krummholz,Leighcan,Rawah
2059,2821,115,12,162,25,752,240,228,117,607,Lodgepole Pine,Cryaquolis,Rawah
2060,2764,89,23,268,123,270,247,197,66,750,Aspen,Legault,Rawah
2061,2750,87,25,240,118,240,247,191,58,768,Aspen,Legault,Rawah
2062,2787,323,26,450,228,1140,146,203,192,842,Douglas-fir,Catacount,Comanche Peak
2063,2596,34,24,30,16,1036,208,180,97,947,Douglas-fir,Catacount,Comanche Peak
2064,2616,343,21,60,3,1384,173,204,166,1790,Douglas-fir,Catacount,Comanche Peak
2065,2617,9,16,30,4,1358,201,207,141,1816,Aspen,Catacount,Comanche Peak
2066,2622,332,26,108,38,1207,150,196,180,1973,Douglas-fir,Catacount,Comanche Peak
2067,2009,348,13,30,7,67,196,219,161,671,Ponderosa Pine,Cryaquolis,Cache la Poudre
2068,2006,53,12,0,0,255,227,215,120,366,Cottonwood/Willow,Cryaquolis,Cache la Poudre
2069,2016,116,28,120,56,162,254,200,53,361,Ponderosa Pine,Cathedral,Cache la Poudre
2070,3372,28,5,0,0,2704,218,230,148,2287,Krummholz,Leighcan,Rawah
2071,3360,108,18,247,11,2539,248,215,88,2505,Krummholz,Leighcan,Rawah
2072,2812,321,7,108,14,592,203,234,170,582,Lodgepole Pine,Cryaquolis,Rawah
2073,2803,58,4,228,7,450,223,230,143,631,Aspen,Legault,Rawah
2074,2793,75,11,313,3,360,234,218,115,674,Aspen,Legault,Rawah
2075,2764,87,23,270,132,270,246,196,67,726,Aspen,Legault,Rawah
2076,2695,94,27,120,64,120,250,188,48,828,Aspen,Legault,Rawah
2077,2980,174,4,525,59,2118,222,242,155,2227,Lodgepole Pine,Catacount,Comanche Peak
2078,2654,302,29,153,74,1326,130,213,217,902,Douglas-fir,Catacount,Comanche Peak
2079,2725,60,20,124,31,1357,231,195,88,1050,Lodgepole Pine,Catacount,Comanche Peak
2080,2622,331,24,90,9,1425,155,202,182,1749,Douglas-fir,Catacount,Comanche Peak
2081,2005,29,6,0,0,297,218,226,144,376,Cottonwood/Willow,Cryaquolis,Cache la Poudre
2082,2028,136,30,175,76,212,250,212,67,424,Ponderosa Pine,Cathedral,Cache la Poudre
2083,3367,116,16,228,14,2532,246,223,100,2497,Krummholz,Leighcan,Rawah
2084,3299,92,27,162,29,2398,250,188,49,2697,Krummholz,Leighcan,Rawah
2085,3261,82,15,95,7,2352,240,212,98,2773,Krummholz,Leighcan,Rawah
2086,2795,81,12,323,4,360,237,218,110,649,Aspen,Legault,Rawah
2087,2693,100,29,120,62,120,252,187,41,807,Aspen,Legault,Rawah
2088,2768,301,30,365,209,1235,124,211,221,900,Douglas-fir,Catacount,Comanche Peak
2089,2808,311,27,454,249,1194,138,210,207,902,Douglas-fir,Catacount,Comanche Peak
2090,2635,26,21,30,16,1390,204,188,113,1786,Douglas-fir,Catacount,Comanche Peak
2091,2013,58,23,0,0,319,230,186,78,402,Cottonwood/Willow,Cryaquolis,Cache la Poudre
2092,2027,196,20,42,10,592,211,252,167,402,Ponderosa Pine,Cathedral,Cache la Poudre
2093,2062,259,21,95,35,497,166,247,216,469,Ponderosa Pine,Cathedral,Cache la Poudre
2094,2032,120,33,190,79,228,254,193,38,459,Ponderosa Pine,Cathedral,Cache la Poudre
2095,3378,37,5,0,0,2678,220,229,146,2301,Krummholz,Leighcan,Rawah
2096,3361,122,17,242,5,2508,247,224,99,2514,Krummholz,Leighcan,Rawah
2097,3320,104,15,170,37,2405,245,219,99,2663,Krummholz,Leighcan,Rawah
2098,3312,97,20,150,29,2388,248,208,80,2688,Krummholz,Leighcan,Rawah
2099,3237,69,18,124,47,2089,236,203,92,2366,Spruce_Fir,Legault,Rawah
2100,3172,44,14,30,5,1959,222,210,119,2103,Spruce_Fir,Legault,Rawah
2101,2806,63,7,283,10,420,226,226,134,592,Aspen,Legault,Rawah
2102,2707,102,30,150,76,150,253,187,40,765,Aspen,Legault,Rawah
2103,2641,292,27,124,45,1410,133,222,224,977,Douglas-fir,Catacount,Comanche Peak
2104,2778,301,30,371,219,1262,124,211,221,930,Douglas-fir,Catacount,Comanche Peak
2105,2651,17,28,120,62,1116,185,169,108,874,Lodgepole Pine,Catacount,Comanche Peak
2106,2645,31,30,90,56,1120,197,162,84,866,Douglas-fir,Catacount,Comanche Peak
2107,2646,31,22,30,17,1406,208,186,105,1772,Douglas-fir,Catacount,Comanche Peak
2108,2669,332,27,175,76,1237,149,196,180,1959,Douglas-fir,Catacount,Comanche Peak
2109,2035,323,23,95,32,150,154,209,191,716,Ponderosa Pine,Catacount,Cache la Poudre
2110,2008,36,2,0,0,361,219,234,152,418,Cottonwood/Willow,Cryaquolis,Cache la Poudre
2111,2093,247,23,127,64,402,164,250,218,552,Ponderosa Pine,Cathedral,Cache la Poudre
2112,3365,102,16,218,1,2502,245,218,98,2508,Krummholz,Leighcan,Rawah
2113,3266,67,14,67,1,2300,233,211,107,2805,Krummholz,Leighcan,Rawah
2114,2807,12,9,190,9,720,211,221,147,480,Lodgepole Pine,Cryaquolis,Rawah
2115,2809,49,5,277,11,450,222,229,142,551,Aspen,Legault,Rawah
2116,2794,100,16,342,162,360,245,216,96,600,Aspen,Legault,Rawah
2117,2784,105,21,313,152,330,250,210,79,618,Aspen,Legault,Rawah
2118,2760,108,23,256,128,270,252,207,71,658,Aspen,Legault,Rawah
2119,2748,107,24,228,116,240,252,203,64,679,Aspen,Legault,Rawah
2120,2900,127,11,30,-1,1384,239,232,122,2524,Spruce_Fir,Catacount,Comanche Peak
2121,2742,297,29,295,168,1333,127,216,223,967,Douglas-fir,Catacount,Comanche Peak
2122,2786,298,29,379,222,1288,128,216,222,960,Douglas-fir,Catacount,Comanche Peak
2123,2800,300,27,408,241,1275,136,218,217,960,Douglas-fir,Catacount,Comanche Peak
2124,2541,330,11,0,0,1705,193,226,172,1473,Douglas-fir,Cryaquolis,Comanche Peak
2125,2647,341,22,30,9,1374,167,200,168,1811,Douglas-fir,Catacount,Comanche Peak
2126,2716,322,23,319,139,1146,154,209,192,2084,Douglas-fir,Catacount,Comanche Peak
2127,2045,313,23,124,40,170,152,216,201,732,Ponderosa Pine,Catacount,Cache la Poudre
2128,2023,83,29,30,15,361,245,176,0,457,Cottonwood/Willow,Catacount,Cache la Poudre
2129,2011,58,9,0,0,382,227,222,129,446,Cottonwood/Willow,Cryaquolis,Cache la Poudre
2130,2013,256,16,0,0,404,181,248,204,437,Ponderosa Pine,Cryaquolis,Cache la Poudre
2131,2021,342,16,30,2,576,185,214,167,437,Cottonwood/Willow,Cryaquolis,Cache la Poudre
2132,1974,125,22,85,21,124,250,219,86,390,Ponderosa Pine,Cathedral,Cache la Poudre
2133,3389,65,13,85,11,2674,232,214,112,2295,Krummholz,Leighcan,Rawah
2134,3317,101,14,127,24,2355,242,221,106,2696,Krummholz,Leighcan,Rawah
2135,3273,0,9,190,37,2135,206,222,154,2560,Spruce_Fir,Legault,Rawah
2136,2792,104,18,335,160,360,248,214,88,576,Aspen,Legault,Rawah
2137,2681,99,29,108,49,120,252,187,42,750,Aspen,Legault,Rawah
2138,2832,41,17,85,12,1170,219,200,110,2295,Spruce_Fir,Leighcan,Comanche Peak
2139,2548,318,18,0,0,1719,169,221,190,1456,Douglas-fir,Catacount,Comanche Peak
2140,2688,333,26,150,75,1298,152,197,179,1907,Douglas-fir,Catacount,Comanche Peak
2141,2714,330,25,270,127,1209,151,200,183,2017,Douglas-fir,Catacount,Comanche Peak
2142,2721,331,25,300,137,1188,153,200,181,2045,Douglas-fir,Catacount,Comanche Peak
2143,2728,330,23,323,-24,1167,158,204,182,2072,Douglas-fir,Catacount,Comanche Peak
2144,2037,29,24,0,0,582,204,182,104,485,Cottonwood/Willow,Catacount,Cache la Poudre
2145,2061,242,36,67,32,408,129,241,232,576,Ponderosa Pine,Cathedral,Cache la Poudre
2146,3322,98,11,127,22,2347,238,224,115,2689,Krummholz,Leighcan,Rawah
2147,3289,81,17,42,6,2280,241,207,90,2787,Krummholz,Leighcan,Rawah
2148,2798,121,16,361,0,391,246,225,103,534,Aspen,Legault,Rawah
2149,2682,62,22,124,40,1706,232,188,77,1215,Lodgepole Pine,Leighcan,Comanche Peak
2150,2636,5,15,0,0,1614,200,210,146,1140,Lodgepole Pine,Cryaquolis,Comanche Peak
2151,2812,279,25,430,245,1328,146,234,224,1020,Douglas-fir,Catacount,Comanche Peak
2152,2693,349,23,201,104,1201,171,195,158,808,Lodgepole Pine,Catacount,Comanche Peak
2153,2651,28,29,42,21,1230,195,164,90,755,Douglas-fir,Catacount,Comanche Peak
2154,2583,298,31,67,42,1682,118,211,225,1492,Douglas-fir,Catacount,Comanche Peak
2155,2601,297,31,95,65,1657,119,212,225,1518,Douglas-fir,Catacount,Comanche Peak
2156,2630,299,29,153,95,1606,127,214,221,1571,Douglas-fir,Catacount,Comanche Peak
2157,2671,309,26,120,42,1531,141,213,208,1650,Douglas-fir,Catacount,Comanche Peak
2158,2124,279,19,242,122,295,165,239,212,638,Ponderosa Pine,Cathedral,Cache la Poudre
2159,2025,33,19,42,9,424,213,195,111,503,Cottonwood/Willow,Catacount,Cache la Poudre
2160,2022,19,14,30,6,446,209,210,136,495,Cottonwood/Willow,Catacount,Cache la Poudre
2161,2018,27,9,0,0,467,217,221,140,488,Cottonwood/Willow,Catacount,Cache la Poudre
2162,2014,59,4,0,0,488,223,231,143,484,Cottonwood/Willow,Cryaquolis,Cache la Poudre
2163,2034,55,22,30,-2,547,228,188,83,524,Cottonwood/Willow,Catacount,Cache la Poudre
2164,2025,51,9,30,-1,518,225,220,128,537,Cottonwood/Willow,Catacount,Cache la Poudre
2165,2023,229,4,0,0,488,213,244,168,551,Cottonwood/Willow,Cryaquolis,Cache la Poudre
2166,3390,59,10,124,12,2610,228,219,124,2357,Krummholz,Leighcan,Rawah
2167,3383,350,5,150,5,2529,210,231,159,2447,Krummholz,Cryorthents,Rawah
2168,3291,78,15,30,8,2255,238,212,102,2804,Krummholz,Leighcan,Rawah
2169,2801,153,12,342,3,450,234,240,135,474,Aspen,Legault,Rawah
2170,2762,106,22,270,130,300,251,208,74,573,Aspen,Legault,Rawah
2171,2751,103,22,240,119,270,250,206,73,595,Aspen,Legault,Rawah
2172,2917,130,4,150,35,1177,226,237,145,2359,Lodgepole Pine,Catacount,Comanche Peak
2173,2791,102,30,524,247,1253,253,186,37,957,Lodgepole Pine,Catacount,Comanche Peak
2174,2649,16,24,0,0,1273,192,183,119,721,Douglas-fir,Cryaquolis,Comanche Peak
2175,2622,288,26,134,86,1648,139,228,224,1530,Douglas-fir,Catacount,Comanche Peak
2176,2685,25,19,30,15,1476,207,196,120,1718,Douglas-fir,Catacount,Comanche Peak
2177,2022,302,29,30,17,85,129,213,218,780,Ponderosa Pine,Cryaquolis,Cache la Poudre
2178,2037,309,29,60,34,108,130,207,211,769,Ponderosa Pine,Cryaquolis,Cache la Poudre
2179,2126,291,18,268,119,323,167,234,206,661,Ponderosa Pine,Cathedral,Cache la Poudre
2180,2034,35,21,67,18,446,213,189,104,532,Cottonwood/Willow,Catacount,Cache la Poudre
2181,2030,18,18,42,12,467,203,199,128,524,Cottonwood/Willow,Catacount,Cache la Poudre
2182,2020,358,25,0,0,531,174,186,143,511,Cottonwood/Willow,Catacount,Cache la Poudre
2183,2028,22,12,30,5,484,212,214,137,577,Cottonwood/Willow,Catacount,Cache la Poudre
2184,2027,349,4,0,0,454,213,233,158,592,Ponderosa Pine,Cryaquolis,Cache la Poudre
2185,2028,258,16,0,0,424,181,248,204,607,Ponderosa Pine,Cryaquolis,Cache la Poudre
2186,2069,258,38,60,41,365,105,230,245,642,Ponderosa Pine,Cathedral,Cache la Poudre
2187,1889,353,30,95,39,67,153,172,146,600,Douglas-fir,Vanet,Cache la Poudre
2188,3415,70,6,212,37,2673,226,229,137,2291,Krummholz,Cryorthents,Rawah
2189,2769,114,20,300,137,330,250,215,83,531,Aspen,Legault,Rawah
2190,2799,214,30,330,104,1384,178,251,193,1390,Lodgepole Pine,Catacount,Comanche Peak
2191,2914,227,10,240,28,1852,206,250,180,1710,Aspen,Cryaquolis,Comanche Peak
2192,2692,29,25,124,62,1277,202,177,100,706,Douglas-fir,Catacount,Comanche Peak
2193,2686,23,26,95,56,1283,195,176,107,700,Douglas-fir,Catacount,Comanche Peak
2194,2664,23,28,30,15,1302,191,168,100,691,Douglas-fir,Cryaquolis,Comanche Peak
2195,2769,6,12,162,62,1570,205,216,148,997,Lodgepole Pine,Catacount,Comanche Peak
2196,2699,6,15,60,29,1518,201,210,145,1678,Douglas-fir,Catacount,Comanche Peak
2197,2753,334,27,216,-18,1273,149,194,178,1984,Douglas-fir,Catacount,Comanche Peak
2198,2059,340,18,95,56,150,178,210,169,731,Ponderosa Pine,Catacount,Cache la Poudre
2199,2040,358,24,60,22,509,176,188,144,547,Cottonwood/Willow,Catacount,Cache la Poudre
2200,2036,39,16,42,9,481,219,203,114,604,Cottonwood/Willow,Catacount,Cache la Poudre
2201,2032,31,10,30,5,451,218,218,135,618,Cottonwood/Willow,Cryaquolis,Cache la Poudre
2202,1905,19,27,134,58,120,188,171,108,636,Douglas-fir,Vanet,Cache la Poudre
2203,3312,86,13,60,12,2256,239,217,107,2766,Krummholz,Leighcan,Rawah
2204,3100,77,9,323,-82,1565,232,224,125,1302,Spruce_Fir,Legault,Rawah
2205,2782,115,15,342,78,391,244,225,106,467,Aspen,Legault,Rawah
2206,2721,102,25,182,89,212,252,200,61,607,Aspen,Legault,Rawah
2207,2912,252,10,210,26,1871,197,247,188,1687,Aspen,Cryaquolis,Comanche Peak
2208,2895,122,14,150,6,1092,243,228,110,2284,Lodgepole Pine,Catacount,Comanche Peak
2209,2734,5,25,255,118,1291,179,183,134,725,Lodgepole Pine,Catacount,Comanche Peak
2210,2689,31,26,60,40,1324,203,173,93,663,Douglas-fir,Catacount,Comanche Peak
2211,2741,331,26,150,-1,1379,150,197,182,1861,Douglas-fir,Catacount,Comanche Peak
2212,2041,61,16,30,5,480,232,204,100,631,Cottonwood/Willow,Catacount,Cache la Poudre
2213,2036,49,9,0,0,450,224,220,129,644,Cottonwood/Willow,Cryaquolis,Cache la Poudre
2214,2081,117,31,150,53,270,254,194,42,553,Ponderosa Pine,Cathedral,Cache la Poudre
2215,1879,28,19,30,12,95,209,196,117,778,Douglas-fir,Vanet,Cache la Poudre
2216,1874,18,14,0,0,90,208,209,135,793,Douglas-fir,Vanet,Cache la Poudre
2217,3377,112,11,268,43,2402,239,228,118,2574,Krummholz,Leighcan,Rawah
2218,3303,57,10,0,0,2197,227,219,125,2832,Krummholz,Leighcan,Rawah
2219,3290,5,11,95,7,2115,205,218,149,2776,Krummholz,Leighcan,Rawah
2220,2741,109,19,247,109,277,249,214,85,541,Aspen,Legault,Rawah
2221,2718,101,24,190,86,218,251,199,61,592,Aspen,Legault,Rawah
2222,2734,34,28,201,104,1323,204,168,85,664,Douglas-fir,Catacount,Comanche Peak
2223,2724,36,28,175,94,1321,205,167,81,655,Douglas-fir,Catacount,Comanche Peak
2224,2565,62,17,0,0,1729,232,202,97,1276,Douglas-fir,Cryaquolis,Comanche Peak
2225,2606,319,41,108,53,1772,88,169,202,1409,Douglas-fir,Catacount,Comanche Peak
2226,2660,319,37,180,12,1650,102,179,203,1544,Douglas-fir,Catacount,Comanche Peak
2227,2767,331,24,134,-4,1358,157,203,181,1907,Douglas-fir,Catacount,Comanche Peak
2228,2072,346,19,150,67,190,181,207,163,664,Ponderosa Pine,Catacount,Cache la Poudre
2229,2044,92,15,30,8,480,242,215,98,658,Cottonwood/Willow,Cathedral,Cache la Poudre
2230,1905,33,27,90,46,150,204,171,89,725,Douglas-fir,Cathedral,Cache la Poudre
2231,1908,323,32,150,52,120,125,190,196,765,Douglas-fir,Vanet,Cache la Poudre
2232,1919,44,26,162,68,150,216,173,77,706,Douglas-fir,Vanet,Cache la Poudre
2233,1906,356,20,150,55,120,184,201,151,726,Douglas-fir,Vanet,Cache la Poudre
2234,1888,33,22,150,46,108,209,185,103,735,Douglas-fir,Vanet,Cache la Poudre
2235,1863,37,17,120,18,90,217,202,115,769,Douglas-fir,Vanet,Cache la Poudre
2236,3298,15,11,85,2,2122,210,217,143,2833,Krummholz,Leighcan,Rawah
2237,3296,3,12,124,10,2089,204,217,150,2773,Krummholz,Leighcan,Rawah
2238,3091,31,6,400,-83,1500,219,228,145,1201,Spruce_Fir,Legault,Rawah
2239,2976,64,23,553,149,1263,234,188,74,604,Spruce_Fir,Legault,Rawah
2240,2716,95,24,192,62,228,250,197,63,577,Aspen,Legault,Rawah
2241,2897,242,7,150,11,1867,207,246,177,1602,Aspen,Cryaquolis,Comanche Peak
2242,2618,301,52,124,59,1789,0,157,231,1396,Douglas-fir,Catacount,Comanche Peak
2243,2723,339,18,60,21,1575,178,211,170,1643,Douglas-fir,Catacount,Comanche Peak
2244,2745,320,25,67,2,1464,147,207,195,1784,Douglas-fir,Catacount,Comanche Peak
2245,2755,319,25,85,2,1442,148,209,197,1812,Douglas-fir,Catacount,Comanche Peak
2246,2771,327,21,95,0,1401,163,210,184,1869,Douglas-fir,Catacount,Comanche Peak
2247,2792,336,18,150,-9,1321,177,212,173,1983,Douglas-fir,Catacount,Comanche Peak
2248,2208,135,10,120,12,85,236,236,130,277,Ponderosa Pine,Vanet,Cache la Poudre
2249,2199,200,22,60,15,277,206,253,171,426,Ponderosa Pine,Vanet,Cache la Poudre
2250,2039,128,13,0,0,480,242,231,116,674,Cottonwood/Willow,Cathedral,Cache la Poudre
2251,1948,84,19,0,0,90,243,205,85,402,Ponderosa Pine,Cathedral,Cache la Poudre
2252,1904,51,26,67,30,162,222,175,72,711,Douglas-fir,Cathedral,Cache la Poudre
2253,1972,15,34,216,123,190,170,152,101,721,Douglas-fir,Vanet,Cache la Poudre
2254,1927,54,25,190,76,175,225,177,71,735,Douglas-fir,Cathedral,Cache la Poudre
2255,1898,34,23,175,56,134,210,184,99,765,Douglas-fir,Vanet,Cache la Poudre
2256,2790,112,15,295,56,466,245,223,102,361,Aspen,Legault,Rawah
2257,2662,82,24,95,8,150,245,191,63,674,Aspen,Legault,Rawah
2258,2898,199,9,120,12,1931,217,248,165,1617,Aspen,Cryaquolis,Comanche Peak
2259,2949,308,6,216,22,2014,204,236,171,1940,Lodgepole Pine,Catacount,Comanche Peak
2260,2779,353,24,382,163,1289,171,190,151,691,Lodgepole Pine,Catacount,Comanche Peak
2261,2761,34,29,228,124,1263,201,162,80,607,Douglas-fir,Catacount,Comanche Peak
2262,2700,356,19,42,5,1263,186,203,152,570,Douglas-fir,Leighcan,Comanche Peak
2263,2581,311,24,30,10,1702,148,215,204,1275,Douglas-fir,Catacount,Comanche Peak
2264,2707,336,22,180,37,1687,165,203,175,1521,Douglas-fir,Catacount,Comanche Peak
2265,2785,324,19,85,0,1403,170,217,185,1888,Douglas-fir,Catacount,Comanche Peak
2266,2801,14,15,228,-5,1273,205,209,138,2089,Douglas-fir,Catacount,Comanche Peak
2267,2078,311,33,95,73,150,115,197,213,644,Ponderosa Pine,Catacount,Cache la Poudre
2268,2109,326,27,228,104,268,143,198,189,589,Ponderosa Pine,Catacount,Cache la Poudre
2269,2145,310,25,382,133,433,145,214,206,571,Ponderosa Pine,Catacount,Cache la Poudre
2270,2041,112,25,30,2,510,253,203,62,685,Cottonwood/Willow,Cathedral,Cache la Poudre
2271,1896,337,12,30,6,175,195,224,168,732,Douglas-fir,Vanet,Cache la Poudre
2272,1951,33,36,150,96,150,188,137,60,907,Douglas-fir,Vanet,Cache la Poudre
2273,1916,320,24,190,60,162,151,210,195,832,Douglas-fir,Vanet,Cache la Poudre
2274,1983,334,33,210,134,180,128,177,177,779,Douglas-fir,Vanet,Cache la Poudre
2275,1992,358,33,228,143,212,151,160,132,750,Douglas-fir,Vanet,Cache la Poudre
2276,1977,42,33,256,128,228,205,149,55,752,Douglas-fir,Vanet,Cache la Poudre
2277,1916,24,25,212,74,175,197,177,105,789,Douglas-fir,Vanet,Cache la Poudre
2278,2764,103,15,228,60,390,244,219,100,417,Aspen,Legault,Rawah
2279,2739,98,18,175,35,309,247,211,86,497,Aspen,Legault,Rawah
2280,2677,82,22,85,23,192,244,195,70,636,Aspen,Legault,Rawah
2281,2665,80,23,67,11,170,243,192,67,664,Aspen,Legault,Rawah
2282,2875,202,15,150,-10,1826,212,252,172,1482,Aspen,Catacount,Comanche Peak
2283,2888,234,13,95,2,1888,198,251,189,1537,Aspen,Cryaquolis,Comanche Peak
2284,2902,242,12,95,19,1996,196,250,191,1635,Aspen,Cryaquolis,Comanche Peak
2285,2929,79,11,190,16,1033,235,220,115,2197,Lodgepole Pine,Catacount,Comanche Peak
2286,2793,18,25,295,163,1239,192,178,113,604,Douglas-fir,Catacount,Comanche Peak
2287,2736,55,26,134,63,1230,225,174,66,547,Douglas-fir,Leighcan,Comanche Peak
2288,2724,56,25,108,43,1230,227,180,72,543,Douglas-fir,Leighcan,Comanche Peak
2289,2761,314,20,30,8,1506,163,220,195,1765,Douglas-fir,Catacount,Comanche Peak
2290,2039,88,25,30,6,511,248,189,0,671,Cottonwood/Willow,Cathedral,Cache la Poudre
2291,2030,121,4,0,0,481,227,236,144,644,Cottonwood/Willow,Cryaquolis,Cache la Poudre
2292,2076,297,32,90,39,391,114,210,227,566,Ponderosa Pine,Catacount,Cache la Poudre
2293,1999,46,37,67,51,153,204,135,36,384,Ponderosa Pine,Cathedral,Cache la Poudre
2294,1936,48,28,127,57,190,217,168,68,644,Douglas-fir,Cathedral,Cache la Poudre
2295,1903,5,13,42,4,201,203,214,148,708,Douglas-fir,Cathedral,Cache la Poudre
2296,1901,311,9,30,2,190,195,234,179,726,Douglas-fir,Cathedral,Cache la Poudre
2297,1928,252,31,30,14,180,138,243,233,765,Douglas-fir,Cathedral,Cache la Poudre
2298,1967,40,35,180,112,180,199,143,54,918,Douglas-fir,Vanet,Cache la Poudre
2299,1927,333,27,218,72,190,149,195,180,859,Douglas-fir,Vanet,Cache la Poudre
2300,1944,339,30,240,93,210,142,181,169,815,Douglas-fir,Vanet,Cache la Poudre
2301,2931,78,23,404,104,1154,242,191,66,457,Aspen,Legault,Rawah
2302,2879,80,22,309,52,1006,243,194,69,324,Lodgepole Pine,Legault,Rawah
2303,2816,105,8,242,29,626,234,230,128,216,Aspen,Legault,Rawah
2304,2800,114,15,240,13,541,244,224,106,277,Aspen,Legault,Rawah
2305,2792,107,16,240,5,513,245,220,99,300,Aspen,Legault,Rawah
2306,2776,95,13,228,42,457,240,221,110,350,Aspen,Legault,Rawah
2307,2662,256,20,180,9,1276,171,248,213,1170,Aspen,Leighcan,Comanche Peak
2308,2673,255,18,180,20,1298,175,248,209,1172,Aspen,Catacount,Comanche Peak
2309,2774,238,22,153,17,1600,174,252,210,1254,Lodgepole Pine,Catacount,Comanche Peak
2310,2872,229,17,108,-13,1869,192,253,195,1476,Aspen,Cryaquolis,Comanche Peak
2311,2957,311,5,277,30,1906,206,236,169,1974,Lodgepole Pine,Catacount,Comanche Peak
2312,2828,31,32,534,239,1271,194,152,75,743,Lodgepole Pine,Catacount,Comanche Peak
2313,2805,26,24,309,168,1209,202,182,107,577,Douglas-fir,Catacount,Comanche Peak
2314,2796,42,26,283,147,1206,214,175,82,564,Douglas-fir,Catacount,Comanche Peak
2315,2591,311,25,30,13,1637,144,213,205,1222,Douglas-fir,Catacount,Comanche Peak
2316,2715,313,11,218,33,1748,189,231,182,1471,Douglas-fir,Catacount,Comanche Peak
2317,2786,316,21,0,0,1487,161,218,195,1813,Douglas-fir,Catacount,Comanche Peak
2318,2116,320,27,150,109,212,142,203,196,577,Ponderosa Pine,Catacount,Cache la Poudre
2319,2122,341,23,175,117,234,165,198,168,564,Ponderosa Pine,Catacount,Cache la Poudre
2320,2176,307,26,424,165,485,141,215,210,514,Ponderosa Pine,Catacount,Cache la Poudre
2321,2042,79,28,30,12,514,243,176,0,658,Cottonwood/Willow,Cathedral,Cache la Poudre
2322,1982,46,38,42,29,108,201,130,32,324,Ponderosa Pine,Cathedral,Cache la Poudre
2323,3111,32,14,450,-63,1376,216,208,125,1120,Spruce_Fir,Legault,Rawah
2324,2838,159,7,256,11,779,227,241,148,153,Lodgepole Pine,Legault,Rawah
2325,2723,95,19,108,19,301,246,209,84,503,Aspen,Legault,Rawah
2326,2690,88,21,67,23,212,246,201,74,589,Aspen,Legault,Rawah
2327,2686,255,15,134,-8,1364,186,248,200,1146,Aspen,Cryaquolis,Comanche Peak
2328,2694,251,13,124,0,1387,191,249,195,1150,Aspen,Catacount,Comanche Peak
2329,2705,240,13,120,10,1434,196,250,191,1159,Aspen,Catacount,Comanche Peak
2330,2878,264,18,67,-7,1911,173,246,210,1471,Aspen,Cryaquolis,Comanche Peak
2331,2892,227,11,30,9,1994,204,251,183,1550,Aspen,Cryaquolis,Comanche Peak
2332,2729,355,17,134,34,1172,189,207,154,481,Douglas-fir,Catacount,Comanche Peak
2333,2782,330,21,30,16,1550,165,209,181,1747,Douglas-fir,Catacount,Comanche Peak
2334,2788,326,21,30,16,1530,164,212,186,1776,Douglas-fir,Catacount,Comanche Peak
2335,2802,322,19,0,0,1490,169,218,187,1834,Douglas-fir,Catacount,Comanche Peak
2336,2227,170,12,258,91,85,229,245,146,330,Ponderosa Pine,Vanet,Cache la Poudre
2337,2046,84,29,30,16,518,246,177,39,646,Cottonwood/Willow,Cathedral,Cache la Poudre
2338,2032,81,10,0,0,488,234,222,118,618,Cottonwood/Willow,Cryaquolis,Cache la Poudre
2339,2105,263,26,120,66,371,147,242,228,510,Ponderosa Pine,Catacount,Cache la Poudre
2340,2063,27,38,150,115,228,176,133,66,384,Ponderosa Pine,Catacount,Cache la Poudre
2341,1919,30,22,67,9,256,208,188,107,661,Douglas-fir,Cathedral,Cache la Poudre
2342,1964,233,31,90,42,240,153,249,218,787,Douglas-fir,Cathedral,Cache la Poudre
2343,2010,303,30,300,161,270,125,210,218,866,Douglas-fir,Vanet,Cache la Poudre
2344,2062,360,30,300,213,272,162,171,135,845,Douglas-fir,Vanet,Cache la Poudre
2345,1983,11,35,300,132,270,162,148,103,871,Douglas-fir,Vanet,Cache la Poudre
2346,2811,108,10,182,24,646,238,228,120,170,Aspen,Legault,Rawah
2347,2795,97,10,180,8,564,237,225,119,242,Aspen,Legault,Rawah
2348,2784,88,12,180,-2,510,238,220,112,295,Aspen,Legault,Rawah
2349,2743,86,18,124,29,360,243,207,87,437,Aspen,Legault,Rawah
2350,2713,87,20,67,9,270,244,204,80,524,Aspen,Legault,Rawah
2351,2647,261,22,124,-5,1294,159,245,221,1110,Aspen,Leighcan,Comanche Peak
2352,2668,260,18,120,15,1338,173,247,210,1112,Aspen,Cryaquolis,Comanche Peak
2353,2703,247,10,90,8,1452,198,248,188,1130,Aspen,Cryaquolis,Comanche Peak
2354,2713,239,13,90,18,1500,196,251,191,1142,Aspen,Cryaquolis,Comanche Peak
2355,2838,231,12,90,24,1855,200,251,187,1374,Aspen,Cryaquolis,Comanche Peak
2356,2739,32,16,175,44,1140,215,204,122,454,Douglas-fir,Catacount,Comanche Peak
2357,2809,118,5,335,86,1224,228,236,142,595,Lodgepole Pine,Catacount,Comanche Peak
2358,2220,178,11,201,84,150,225,246,153,365,Ponderosa Pine,Vanet,Cache la Poudre
2359,2217,111,6,182,81,192,230,234,137,379,Ponderosa Pine,Vanet,Cache la Poudre
2360,2199,325,11,376,144,537,191,227,176,459,Ponderosa Pine,Catacount,Cache la Poudre
2361,1980,9,37,30,15,90,154,141,103,218,Ponderosa Pine,Catacount,Cache la Poudre
2362,1970,9,24,285,115,270,185,184,128,942,Douglas-fir,Cathedral,Cache la Poudre
2363,1968,45,35,277,118,272,206,142,44,918,Douglas-fir,Vanet,Cache la Poudre
2364,1903,67,16,108,36,120,234,207,100,969,Ponderosa Pine,Haploborolis,Cache la Poudre
2365,2981,100,22,430,154,1213,250,203,70,518,Aspen,Legault,Rawah
2366,2941,87,23,350,114,1172,246,195,65,430,Aspen,Legault,Rawah
2367,2810,89,11,153,23,658,236,223,117,150,Aspen,Legault,Rawah
2368,2770,104,15,134,31,450,244,220,101,342,Aspen,Legault,Rawah
2369,2761,101,16,124,27,420,245,217,97,371,Aspen,Legault,Rawah
2370,2691,88,21,30,12,210,246,200,72,577,Aspen,Legault,Rawah
2371,2690,261,12,67,-4,1425,191,246,194,1090,Aspen,Cryaquolis,Comanche Peak
2372,2824,242,16,60,17,1842,188,251,199,1315,Aspen,Cryaquolis,Comanche Peak
2373,2838,262,13,60,15,1879,189,246,196,1350,Aspen,Cryaquolis,Comanche Peak
2374,2846,270,15,67,15,1898,178,244,204,1368,Aspen,Cryaquolis,Comanche Peak
2375,2882,198,4,0,0,1996,218,243,161,1465,Aspen,Cryaquolis,Comanche Peak
2376,2762,66,20,234,67,1110,235,197,85,437,Douglas-fir,Leighcan,Comanche Peak
2377,2777,328,23,150,28,1697,159,207,184,1587,Douglas-fir,Catacount,Comanche Peak
2378,2819,330,19,60,24,1537,173,214,179,1819,Douglas-fir,Catacount,Comanche Peak
2379,2116,260,25,192,102,258,151,244,226,499,Ponderosa Pine,Catacount,Cache la Poudre
2380,1980,3,22,300,125,300,185,193,140,927,Douglas-fir,Cathedral,Cache la Poudre
2381,2055,327,37,360,206,330,108,172,189,918,Douglas-fir,Vanet,Cache la Poudre
2382,2094,21,25,361,245,335,194,178,110,902,Douglas-fir,Vanet,Cache la Poudre
2383,2048,61,32,379,199,362,227,157,38,900,Douglas-fir,Cathedral,Cache la Poudre
2384,2013,343,36,360,162,331,126,162,160,924,Douglas-fir,Vanet,Cache la Poudre
2385,2027,2,39,360,176,330,139,138,114,930,Douglas-fir,Vanet,Cache la Poudre
2386,2831,80,4,192,4,780,225,232,142,60,Aspen,Legault,Rawah
2387,2828,82,7,170,41,750,230,228,130,67,Aspen,Legault,Rawah
2388,2792,119,12,120,5,570,241,229,117,218,Aspen,Legault,Rawah
2389,2786,120,13,120,0,540,241,229,115,247,Aspen,Legault,Rawah
2390,2665,89,27,30,-13,150,248,185,48,633,Aspen,Legault,Rawah
2391,2630,266,22,85,25,1316,157,243,221,1050,Aspen,Cryaquolis,Comanche Peak
2392,2643,264,22,67,-9,1337,158,244,221,1050,Aspen,Cryaquolis,Comanche Peak
2393,2655,264,21,60,2,1358,163,244,218,1050,Aspen,Cryaquolis,Comanche Peak
2394,2695,269,10,30,0,1468,194,244,189,1065,Aspen,Cryaquolis,Comanche Peak
2395,2705,273,9,30,3,1513,197,243,185,1077,Aspen,Cryaquolis,Comanche Peak
2396,2728,259,14,30,7,1608,187,247,199,1110,Aspen,Cryaquolis,Comanche Peak
2397,2751,247,17,42,-5,1681,183,251,204,1142,Aspen,Cryaquolis,Comanche Peak
2398,2831,272,14,30,8,1884,183,244,199,1308,Aspen,Cryaquolis,Comanche Peak
2399,2888,317,9,30,6,2038,197,233,175,1464,Aspen,Cryaquolis,Comanche Peak
2400,2758,350,19,228,63,1080,183,205,158,395,Lodgepole Pine,Catacount,Comanche Peak
2401,2812,336,20,108,17,1617,170,207,174,1725,Douglas-fir,Catacount,Comanche Peak
2402,2828,334,19,90,33,1560,175,212,175,1812,Douglas-fir,Catacount,Comanche Peak
2403,2083,310,35,60,60,150,107,193,215,642,Ponderosa Pine,Catacount,Cache la Poudre
2404,2045,108,24,30,10,541,252,206,68,618,Cottonwood/Willow,Cathedral,Cache la Poudre
2405,1949,347,22,60,28,330,173,199,161,708,Douglas-fir,Cathedral,Cache la Poudre
2406,1999,28,15,270,77,330,213,207,127,886,Douglas-fir,Cathedral,Cache la Poudre
2407,2105,32,25,361,41,365,205,178,97,932,Douglas-fir,Vanet,Cache la Poudre
2408,2042,41,32,371,-21,400,206,154,62,932,Douglas-fir,Cathedral,Cache la Poudre
2409,2906,104,19,242,79,1101,248,214,87,331,Aspen,Legault,Rawah
2410,2896,105,22,216,69,1072,251,207,72,301,Aspen,Legault,Rawah
2411,2809,122,15,95,22,660,244,227,109,124,Aspen,Legault,Rawah
2412,2783,121,13,90,-3,540,241,229,116,242,Aspen,Legault,Rawah
2413,2649,94,26,67,-29,120,250,190,51,661,Aspen,Legault,Rawah
2414,2695,276,11,0,0,1487,191,242,191,1036,Aspen,Cryaquolis,Comanche Peak
2415,2702,281,10,0,0,1510,192,241,189,1041,Aspen,Cryaquolis,Comanche Peak
2416,2715,288,10,0,0,1579,193,239,186,1063,Aspen,Cryaquolis,Comanche Peak
2417,2721,280,11,0,0,1602,190,241,191,1072,Aspen,Cryaquolis,Comanche Peak
2418,2727,273,12,0,0,1626,186,243,196,1082,Aspen,Cryaquolis,Comanche Peak
2419,2734,269,13,0,0,1650,185,244,199,1092,Aspen,Cryaquolis,Comanche Peak
2420,2861,274,15,30,2,1982,178,242,203,1360,Aspen,Cryaquolis,Comanche Peak
2421,2902,266,9,0,0,2143,197,244,187,1530,Aspen,Cryaquolis,Comanche Peak
2422,2867,322,20,120,51,779,166,217,188,1961,Lodgepole Pine,Leighcan,Comanche Peak
2423,2163,148,28,90,27,313,243,225,90,497,Ponderosa Pine,Cathedral,Cache la Poudre
2424,2209,293,21,376,204,443,157,230,211,371,Ponderosa Pine,Vanet,Cache la Poudre
2425,2218,329,13,382,159,467,187,223,175,365,Ponderosa Pine,Vanet,Cache la Poudre
2426,2037,126,17,0,0,552,246,226,103,612,Cottonwood/Willow,Cryaquolis,Cache la Poudre
2427,2129,259,12,210,96,342,190,247,195,379,Ponderosa Pine,Cathedral,Cache la Poudre
2428,1946,49,17,30,4,330,225,202,105,595,Douglas-fir,Cathedral,Cache la Poudre
2429,1946,319,17,0,0,360,175,222,187,642,Douglas-fir,Cathedral,Cache la Poudre
2430,1964,343,21,60,35,360,174,204,166,691,Douglas-fir,Cathedral,Cache la Poudre
2431,2058,28,32,342,-5,430,191,155,82,962,Douglas-fir,Vanet,Cache la Poudre
2432,2071,43,28,390,204,390,213,167,73,992,Ponderosa Pine,Vanet,Cache la Poudre
2433,2911,120,19,256,84,1110,249,220,91,360,Aspen,Legault,Rawah
2434,2876,111,27,175,49,1050,254,199,54,270,Aspen,Legault,Rawah
2435,2796,130,16,60,9,630,244,229,109,150,Aspen,Legault,Rawah
2436,2741,85,22,458,63,872,245,197,70,1173,Lodgepole Pine,Catacount,Comanche Peak
2437,2653,268,21,0,0,1401,161,243,218,990,Aspen,Cryaquolis,Comanche Peak
2438,2683,269,15,0,0,1464,181,244,202,997,Aspen,Cryaquolis,Comanche Peak
2439,2785,286,19,30,13,1832,163,236,211,1158,Aspen,Cryaquolis,Comanche Peak
2440,2820,308,17,30,13,1897,172,227,195,1224,Aspen,Cryaquolis,Comanche Peak
2441,2884,261,9,0,0,2063,199,245,185,1400,Aspen,Cryaquolis,Comanche Peak
2442,2894,234,9,30,3,2103,206,248,180,1443,Aspen,Cryaquolis,Comanche Peak
2443,2896,248,5,30,3,2123,209,244,173,1465,Aspen,Cryaquolis,Comanche Peak
2444,2856,53,16,60,21,721,227,205,107,1920,Lodgepole Pine,Catacount,Comanche Peak
2445,2922,14,18,658,59,1199,201,200,133,819,Lodgepole Pine,Catacount,Comanche Peak
2446,2798,66,18,361,103,1024,234,200,90,391,Douglas-fir,Leighcan,Comanche Peak
2447,2832,339,20,162,37,1663,175,208,170,1712,Douglas-fir,Catacount,Comanche Peak
2448,2113,141,20,30,2,457,245,231,106,424,Ponderosa Pine,Cathedral,Cache la Poudre
2449,2112,15,39,175,101,242,157,133,87,511,Ponderosa Pine,Catacount,Cache la Poudre
2450,2102,353,30,212,78,277,155,174,146,467,Ponderosa Pine,Catacount,Cache la Poudre
2451,2125,291,23,277,114,339,149,229,217,408,Ponderosa Pine,Catacount,Cache la Poudre
2452,2224,326,14,361,165,484,184,224,179,335,Ponderosa Pine,Vanet,Cache la Poudre
2453,2038,137,19,30,1,591,246,229,104,636,Cottonwood/Willow,Cathedral,Cache la Poudre
2454,1950,87,20,0,0,30,245,203,0,127,Ponderosa Pine,Cathedral,Cache la Poudre
2455,1983,324,15,162,-1,150,180,223,182,450,Ponderosa Pine,Cathedral,Cache la Poudre
2456,1962,69,22,42,2,300,237,190,72,553,Douglas-fir,Cathedral,Cache la Poudre
2457,2051,295,25,391,196,400,141,224,219,969,Douglas-fir,Cathedral,Cache la Poudre
2458,2063,293,24,404,0,408,147,227,217,997,Douglas-fir,Vanet,Cache la Poudre
2459,2084,335,38,404,20,420,111,163,175,1019,Douglas-fir,Vanet,Cache la Poudre
2460,2101,1,31,446,37,420,160,165,130,1020,Douglas-fir,Vanet,Cache la Poudre
2461,2914,123,22,277,87,1082,251,216,81,391,Aspen,Legault,Rawah
2462,2896,125,21,218,69,1080,249,221,89,331,Aspen,Legault,Rawah
2463,2753,135,18,42,0,451,245,229,106,331,Aspen,Legault,Rawah
2464,2746,139,19,30,7,421,245,231,107,361,Aspen,Legault,Rawah
2465,2607,284,20,0,0,1340,161,236,214,964,Aspen,Catacount,Comanche Peak
2466,2618,278,21,0,0,1364,159,239,217,962,Aspen,Cryaquolis,Comanche Peak
2467,2653,268,21,0,0,1423,162,243,218,960,Aspen,Cryaquolis,Comanche Peak
2468,2719,288,10,60,14,1617,193,239,186,1006,Aspen,Cryaquolis,Comanche Peak
2469,2798,274,19,60,26,1873,167,242,212,1148,Aspen,Cryaquolis,Comanche Peak
2470,2819,275,17,60,30,1905,172,242,208,1182,Aspen,Cryaquolis,Comanche Peak
2471,2836,269,10,42,-7,1956,195,244,188,1237,Aspen,Cryaquolis,Comanche Peak
2472,2849,253,18,30,5,1992,178,249,208,1276,Aspen,Cryaquolis,Comanche Peak
2473,2881,209,6,42,-2,2105,215,246,167,1401,Aspen,Cryaquolis,Comanche Peak
2474,2607,39,10,0,0,1401,221,217,130,1034,Douglas-fir,Cryaquolis,Comanche Peak
2475,2836,344,19,212,41,1725,178,206,165,1648,Douglas-fir,Catacount,Comanche Peak
2476,2855,345,14,180,60,1615,192,217,163,1825,Douglas-fir,Catacount,Comanche Peak
2477,2210,106,22,127,61,90,251,208,73,514,Ponderosa Pine,Cathedral,Cache la Poudre
2478,2103,4,13,0,0,417,202,214,148,390,Douglas-fir,Catacount,Cache la Poudre
2479,2093,47,12,30,-6,342,224,214,122,400,Douglas-fir,Catacount,Cache la Poudre
2480,2094,358,22,42,16,216,180,193,146,474,Douglas-fir,Catacount,Cache la Poudre
2481,2091,29,25,60,10,201,202,176,99,492,Douglas-fir,Catacount,Cache la Poudre
2482,2052,122,29,42,16,658,254,203,56,693,Cottonwood/Willow,Cathedral,Cache la Poudre
2483,2095,306,30,134,60,450,126,208,215,454,Ponderosa Pine,Catacount,Cache la Poudre
2484,2121,85,23,247,91,361,246,194,66,335,Ponderosa Pine,Cathedral,Cache la Poudre
2485,1992,288,17,247,70,420,169,236,206,819,Douglas-fir,Cathedral,Cache la Poudre
2486,2089,274,25,342,25,450,145,237,227,1044,Douglas-fir,Cathedral,Cache la Poudre
2487,2096,351,36,295,32,474,132,154,143,1024,Douglas-fir,Vanet,Cache la Poudre
2488,2029,107,34,330,162,360,254,178,23,992,Ponderosa Pine,Haploborolis,Cache la Poudre
2489,2897,129,21,242,70,1050,249,222,91,365,Aspen,Legault,Rawah
2490,2761,116,14,0,0,514,244,226,107,277,Aspen,Legault,Rawah
2491,2747,121,16,30,-6,454,246,225,103,335,Aspen,Legault,Rawah
2492,2689,117,27,67,-33,247,254,204,60,543,Aspen,Legault,Rawah
2493,2738,280,12,60,3,1706,186,241,195,1008,Aspen,Catacount,Comanche Peak
2494,2744,281,13,60,9,1729,183,241,197,1020,Aspen,Catacount,Comanche Peak
2495,2796,261,17,90,27,1897,177,247,207,1123,Aspen,Catacount,Comanche Peak
2496,2836,273,9,67,-7,1981,196,243,186,1214,Aspen,Catacount,Comanche Peak
2497,2891,274,11,90,7,2167,190,243,192,1425,Aspen,Cryaquolis,Comanche Peak
2498,2896,283,9,90,5,2188,196,241,184,1448,Aspen,Cryaquolis,Comanche Peak
2499,2833,327,20,268,38,1789,169,214,183,1554,Douglas-fir,Catacount,Comanche Peak
2500,2868,337,16,218,73,1606,184,217,171,1879,Douglas-fir,Catacount,Comanche Peak
2501,2104,7,26,60,4,339,180,180,129,379,Douglas-fir,Catacount,Cache la Poudre
2502,2164,10,37,180,141,295,154,141,102,474,Ponderosa Pine,Catacount,Cache la Poudre
2503,2152,21,40,210,126,309,162,126,71,450,Ponderosa Pine,Catacount,Cache la Poudre
2504,2055,312,28,42,19,566,134,207,207,571,Ponderosa Pine,Cryaquolis,Cache la Poudre
2505,2110,41,24,285,80,361,215,181,89,301,Ponderosa Pine,Cathedral,Cache la Poudre
2506,1988,79,18,60,20,247,241,204,87,469,Douglas-fir,Cathedral,Cache la Poudre
2507,3131,70,17,573,-43,1113,236,205,96,994,Lodgepole Pine,Legault,Rawah
2508,2987,105,35,480,160,1055,253,175,19,607,Lodgepole Pine,Legault,Rawah
2509,2792,81,9,0,0,658,232,225,125,150,Aspen,Legault,Rawah
2510,2782,74,12,30,-4,604,235,217,112,201,Aspen,Legault,Rawah
2511,2724,118,14,42,-8,371,243,227,111,430,Aspen,Legault,Rawah
2512,2860,243,15,90,16,2076,190,251,197,1273,Aspen,Cryaquolis,Comanche Peak
2513,2958,48,17,134,33,792,224,201,105,1917,Lodgepole Pine,Catacount,Comanche Peak
2514,2869,342,13,240,74,1681,193,220,166,1786,Douglas-fir,Catacount,Comanche Peak
2515,2132,15,25,30,6,424,189,180,119,446,Douglas-fir,Catacount,Cache la Poudre
2516,2097,26,21,0,0,300,204,188,113,601,Ponderosa Pine,Catacount,Cache la Poudre
2517,2176,310,33,150,128,313,115,198,213,484,Ponderosa Pine,Catacount,Cache la Poudre
2518,2120,9,34,268,155,335,162,154,112,210,Ponderosa Pine,Catacount,Cache la Poudre
2519,2006,23,14,95,21,201,211,209,132,404,Douglas-fir,Catacount,Cache la Poudre
2520,1979,34,21,190,41,480,211,189,105,713,Douglas-fir,Cathedral,Cache la Poudre
2521,2075,285,27,319,11,503,134,227,227,997,Douglas-fir,Cathedral,Cache la Poudre
2522,2790,74,10,30,-1,618,232,222,122,192,Aspen,Legault,Rawah
2523,2777,85,15,60,-9,564,240,214,100,242,Aspen,Legault,Rawah
2524,2744,96,17,30,-7,458,245,214,92,351,Aspen,Legault,Rawah
2525,2735,103,16,30,-8,433,245,217,96,379,Aspen,Legault,Rawah
2526,2720,122,16,67,-18,379,245,226,105,437,Aspen,Legault,Rawah
2527,2977,75,21,85,10,1616,240,195,75,1972,Lodgepole Pine,Catacount,Comanche Peak
2528,2820,290,32,124,70,1179,116,216,232,1337,Lodgepole Pine,Catacount,Comanche Peak
2529,2871,356,15,272,76,1740,196,213,154,1723,Douglas-fir,Catacount,Comanche Peak
2530,2138,9,25,108,32,424,185,183,127,306,Douglas-fir,Catacount,Cache la Poudre
2531,2162,289,36,120,94,335,99,209,237,497,Ponderosa Pine,Catacount,Cache la Poudre
2532,2139,27,27,283,106,426,198,172,97,331,Ponderosa Pine,Cathedral,Cache la Poudre
2533,2015,33,28,85,50,127,203,167,85,67,Ponderosa Pine,Cathedral,Cache la Poudre
2534,1983,17,21,228,45,510,197,190,123,731,Douglas-fir,Cathedral,Cache la Poudre
2535,2001,271,15,309,81,510,179,244,204,816,Douglas-fir,Cathedral,Cache la Poudre
2536,2054,285,24,342,-3,518,147,232,221,931,Douglas-fir,Cathedral,Cache la Poudre
2537,2112,237,25,234,48,540,167,252,214,1065,Douglas-fir,Cathedral,Cache la Poudre
2538,3061,157,35,612,284,1027,234,220,86,853,Lodgepole Pine,Legault,Rawah
2539,2815,91,9,30,-5,808,235,226,122,162,Aspen,Legault,Rawah
2540,2803,51,6,0,0,721,223,226,138,153,Aspen,Legault,Rawah
2541,2802,54,7,0,0,693,224,225,136,162,Aspen,Legault,Rawah
2542,2799,72,8,0,0,664,229,226,130,175,Aspen,Legault,Rawah
2543,2776,107,16,85,-10,552,245,220,99,258,Aspen,Legault,Rawah
2544,2768,108,16,85,16,524,245,220,98,283,Aspen,Legault,Rawah
2545,2760,110,16,67,8,497,246,220,97,309,Aspen,Legault,Rawah
2546,2732,116,19,60,-19,417,249,218,89,390,Aspen,Legault,Rawah
2547,2654,273,16,30,1,1504,175,243,206,841,Aspen,Catacount,Comanche Peak
2548,2915,275,15,190,24,2120,177,242,204,1465,Lodgepole Pine,Catacount,Comanche Peak
2549,2877,359,12,301,82,1765,202,218,153,1719,Douglas-fir,Catacount,Comanche Peak
2550,2883,341,16,301,88,1698,186,215,167,1839,Douglas-fir,Cryorthents,Comanche Peak
2551,2144,24,26,120,16,566,196,174,103,309,Douglas-fir,Catacount,Cache la Poudre
2552,2126,344,17,153,30,323,183,211,164,382,Douglas-fir,Catacount,Cache la Poudre
2553,2040,288,7,30,-3,716,201,240,178,684,Cottonwood/Willow,Cryaquolis,Cache la Poudre
2554,2050,287,21,42,12,691,159,234,214,663,Cottonwood/Willow,Cryaquolis,Cache la Poudre
2555,1944,33,22,0,0,30,210,187,104,277,Ponderosa Pine,Catacount,Cache la Poudre
2556,2025,349,29,175,3,170,154,179,154,297,Ponderosa Pine,Catacount,Cache la Poudre
2557,2025,13,19,120,3,212,198,197,132,342,Douglas-fir,Catacount,Cache la Poudre
2558,2003,23,24,95,35,418,198,180,109,552,Douglas-fir,Catacount,Cache la Poudre
2559,1988,354,18,150,28,474,188,206,154,607,Douglas-fir,Catacount,Cache la Poudre
2560,2022,261,26,376,100,541,146,242,229,866,Douglas-fir,Cathedral,Cache la Poudre
2561,2083,225,25,255,25,569,178,254,203,1012,Douglas-fir,Cathedral,Cache la Poudre
2562,3260,170,18,600,72,1476,230,245,140,2317,Spruce_Fir,Leighcan,Rawah
2563,2856,23,13,95,29,930,212,211,134,277,Aspen,Legault,Rawah
2564,2851,47,18,67,24,918,223,199,104,255,Aspen,Legault,Rawah
2565,2842,58,20,42,13,888,230,195,89,234,Aspen,Legault,Rawah
2566,2816,60,12,0,0,800,229,215,118,190,Aspen,Legault,Rawah
2567,2736,122,22,90,-15,430,251,217,82,376,Aspen,Legault,Rawah
2568,2663,273,15,30,1,1544,178,243,203,812,Aspen,Catacount,Comanche Peak
2569,2670,271,14,0,0,1571,182,244,201,815,Aspen,Catacount,Comanche Peak
2570,2622,260,18,0,0,1406,173,247,210,1150,Douglas-fir,Cryaquolis,Comanche Peak
2571,2883,343,9,331,88,1789,202,227,163,1717,Douglas-fir,Cryorthents,Comanche Peak
2572,2180,33,31,134,54,532,197,155,76,319,Douglas-fir,Catacount,Cache la Poudre
2573,2116,58,31,192,71,268,225,160,46,433,Douglas-fir,Catacount,Cache la Poudre
2574,2067,181,27,30,12,876,217,244,142,335,Cottonwood/Willow,Cathedral,Cache la Poudre
2575,2046,101,17,0,0,782,246,214,90,618,Cottonwood/Willow,Cathedral,Cache la Poudre
2576,2041,61,6,0,0,757,225,228,137,648,Cottonwood/Willow,Cryaquolis,Cache la Poudre
2577,2005,352,14,309,67,570,194,214,158,771,Douglas-fir,Cathedral,Cache la Poudre
2578,2063,221,24,258,5,589,184,254,197,977,Douglas-fir,Cathedral,Cache la Poudre
2579,3132,150,11,457,-42,1020,235,240,134,1159,Lodgepole Pine,Legault,Rawah
2580,2887,138,25,365,60,912,248,222,87,524,Lodgepole Pine,Legault,Rawah
2581,2828,61,17,30,5,824,232,202,96,228,Aspen,Legault,Rawah
2582,2817,25,10,42,5,735,215,219,140,210,Aspen,Legault,Rawah
2583,2814,49,10,60,3,706,224,218,127,212,Aspen,Legault,Rawah
2584,2809,72,12,60,3,677,234,216,112,218,Aspen,Legault,Rawah
2585,2801,89,14,60,-1,648,240,217,104,228,Aspen,Legault,Rawah
2586,2776,118,18,108,-20,560,248,221,93,277,Aspen,Legault,Rawah
2587,2767,121,18,127,-26,532,247,223,97,297,Aspen,Legault,Rawah
2588,2750,120,20,124,-1,474,250,218,87,342,Aspen,Legault,Rawah
2589,2718,129,25,120,-33,390,251,216,76,417,Aspen,Legault,Rawah
2590,2765,231,18,175,39,1894,189,253,198,932,Aspen,Catacount,Comanche Peak
2591,2971,95,15,30,4,1556,242,217,100,1962,Lodgepole Pine,Catacount,Comanche Peak
2592,2962,96,6,0,0,1528,231,231,133,1989,Lodgepole Pine,Catacount,Comanche Peak
2593,2977,335,11,382,97,1048,196,226,169,938,Lodgepole Pine,Catacount,Comanche Peak
2594,2169,349,16,90,20,300,189,212,160,497,Lodgepole Pine,Catacount,Cache la Poudre
2595,2183,330,25,180,58,552,153,201,182,212,Douglas-fir,Catacount,Cache la Poudre
2596,2148,3,22,210,50,384,183,191,139,319,Douglas-fir,Catacount,Cache la Poudre
2597,2054,176,7,0,0,895,224,244,154,323,Cottonwood/Willow,Cryaquolis,Cache la Poudre
2598,2055,189,9,0,0,918,221,247,160,351,Cottonwood/Willow,Cryaquolis,Cache la Poudre
2599,2062,199,29,0,0,966,197,250,170,408,Cottonwood/Willow,Cryaquolis,Cache la Poudre
2600,2046,98,10,0,0,799,237,225,118,612,Cottonwood/Willow,Cathedral,Cache la Poudre
2601,2046,3,5,30,0,774,214,231,155,641,Cottonwood/Willow,Cryaquolis,Cache la Poudre
2602,2046,313,10,42,5,750,194,233,179,671,Cottonwood/Willow,Cryaquolis,Cache la Poudre
2603,2152,268,32,212,114,594,121,232,240,495,Ponderosa Pine,Catacount,Cache la Poudre
2604,2208,335,25,277,174,534,157,198,176,408,Ponderosa Pine,Catacount,Cache la Poudre
2605,2205,27,30,300,168,516,191,159,87,379,Ponderosa Pine,Catacount,Cache la Poudre
2606,2059,359,29,153,37,212,163,173,136,258,Ponderosa Pine,Catacount,Cache la Poudre
2607,2038,237,20,295,-19,607,179,253,206,912,Douglas-fir,Cathedral,Cache la Poudre
2608,2103,225,20,127,39,564,188,254,197,875,Ponderosa Pine,Vanet,Cache la Poudre
2609,2005,122,30,277,102,277,254,200,50,810,Ponderosa Pine,Haploborolis,Cache la Poudre
2610,2751,234,17,134,25,1891,189,253,198,890,Aspen,Catacount,Comanche Peak
2611,2766,229,11,150,30,1936,204,250,182,924,Aspen,Catacount,Comanche Peak
2612,2973,80,14,30,11,1546,238,213,102,1950,Lodgepole Pine,Catacount,Comanche Peak
2613,2859,13,19,277,6,789,198,198,133,95,Lodgepole Pine,Catacount,Comanche Peak
2614,2210,41,26,190,77,541,213,174,82,277,Douglas-fir,Catacount,Cache la Poudre
2615,2175,353,20,210,52,631,181,200,154,216,Douglas-fir,Catacount,Cache la Poudre
2616,2168,43,22,240,61,458,218,186,92,234,Douglas-fir,Vanet,Cache la Poudre
2617,2147,51,24,255,101,323,223,180,78,376,Douglas-fir,Catacount,Cache la Poudre
2618,2059,128,22,0,0,841,250,220,87,228,Cottonwood/Willow,Cathedral,Cache la Poudre
2619,2055,108,2,0,0,865,221,237,151,256,Cottonwood/Willow,Cathedral,Cache la Poudre
2620,2058,338,15,0,0,890,187,218,170,285,Cottonwood/Willow,Cryaquolis,Cache la Poudre
2621,2062,357,20,30,7,914,184,199,149,313,Cottonwood/Willow,Cryaquolis,Cache la Poudre
2622,2056,22,11,30,1,960,213,217,139,371,Cottonwood/Willow,Cryaquolis,Cache la Poudre
2623,2053,135,2,0,0,984,222,238,151,400,Cottonwood/Willow,Cryaquolis,Cache la Poudre
2624,2055,198,15,0,0,967,214,252,169,430,Cottonwood/Willow,Cryaquolis,Cache la Poudre
2625,2051,131,18,30,5,841,246,227,102,577,Cottonwood/Willow,Cathedral,Cache la Poudre
2626,2044,139,5,0,0,816,228,238,144,607,Cottonwood/Willow,Cryaquolis,Cache la Poudre
2627,2048,284,4,30,2,792,209,240,169,636,Cottonwood/Willow,Cryaquolis,Cache la Poudre
2628,2048,297,10,60,2,768,193,237,184,666,Cottonwood/Willow,Cryaquolis,Cache la Poudre
2629,2078,274,26,127,14,700,142,236,228,618,Ponderosa Pine,Catacount,Cache la Poudre
2630,2111,267,30,170,32,658,130,235,236,560,Ponderosa Pine,Catacount,Cache la Poudre
2631,2036,61,29,30,14,319,229,168,52,351,Douglas-fir,Cathedral,Cache la Poudre
2632,2020,15,23,180,44,510,194,187,123,582,Douglas-fir,Catacount,Cache la Poudre
2633,2022,340,15,342,-35,631,188,217,168,849,Douglas-fir,Cathedral,Cache la Poudre
2634,2114,239,11,127,56,660,200,249,186,949,Douglas-fir,Cathedral,Cache la Poudre
2635,2100,143,27,85,36,661,246,223,86,916,Ponderosa Pine,Vanet,Cache la Poudre
2636,1939,153,18,134,40,153,239,238,122,800,Ponderosa Pine,Haploborolis,Cache la Poudre
2637,1936,163,13,120,37,127,232,243,140,816,Ponderosa Pine,Haploborolis,Cache la Poudre
2638,2833,105,14,90,10,815,243,222,106,285,Aspen,Legault,Rawah
2639,2688,283,13,30,2,1667,185,240,195,735,Aspen,Catacount,Comanche Peak
2640,2693,283,11,0,0,1693,188,240,192,742,Aspen,Catacount,Comanche Peak
2641,2743,230,13,108,11,1911,200,251,187,865,Aspen,Catacount,Comanche Peak
2642,2660,238,26,42,12,1473,163,251,217,1291,Douglas-fir,Vanet,Comanche Peak
2643,2184,6,21,153,38,335,190,195,137,446,Lodgepole Pine,Catacount,Cache la Poudre
2644,2141,86,27,240,91,300,247,184,49,390,Douglas-fir,Vanet,Cache la Poudre
2645,2085,77,32,150,35,210,240,164,29,474,Douglas-fir,Catacount,Cache la Poudre
2646,2170,218,25,0,0,306,185,254,195,446,Ponderosa Pine,Catacount,Cache la Poudre
2647,2056,56,7,0,0,858,225,226,135,218,Cottonwood/Willow,Cathedral,Cache la Poudre
2648,2062,322,21,30,3,882,162,214,189,247,Cottonwood/Willow,Cryaquolis,Cache la Poudre
2649,2053,48,11,30,0,983,224,215,123,424,Cottonwood/Willow,Cryaquolis,Cache la Poudre
2650,2049,180,7,0,0,957,223,244,156,454,Cottonwood/Willow,Cryaquolis,Cache la Poudre
2651,2055,164,19,30,1,907,234,242,131,514,Cottonwood/Willow,Cryaquolis,Cache la Poudre
2652,2044,270,2,0,0,834,214,239,163,603,Cottonwood/Willow,Cryaquolis,Cache la Poudre
2653,2052,307,14,42,0,787,180,231,190,663,Cottonwood/Willow,Cryaquolis,Cache la Poudre
2654,2036,34,20,331,74,658,213,193,109,726,Douglas-fir,Catacount,Cache la Poudre
2655,2035,353,20,365,-22,660,181,200,154,815,Douglas-fir,Catacount,Cache la Poudre
2656,1929,172,16,90,30,108,229,246,143,787,Ponderosa Pine,Haploborolis,Cache la Poudre
2657,3010,124,27,485,233,888,253,209,65,949,Lodgepole Pine,Legault,Rawah
2658,2858,177,10,192,29,810,225,246,153,384,Aspen,Legault,Rawah
2659,2803,139,22,134,-19,693,247,227,96,301,Aspen,Legault,Rawah
2660,2775,135,26,153,-35,603,250,219,81,323,Aspen,Legault,Rawah
2661,2685,134,26,108,37,365,250,218,79,469,Aspen,Legault,Rawah
2662,2660,76,14,0,0,1364,237,212,104,731,Aspen,Catacount,Comanche Peak
2663,2706,286,10,0,0,1760,193,240,186,731,Aspen,Catacount,Comanche Peak
2664,2740,263,8,67,8,1910,201,244,182,824,Aspen,Catacount,Comanche Peak
2665,2871,49,13,192,18,742,225,211,118,95,Lodgepole Pine,Catacount,Comanche Peak
2666,2215,331,26,270,92,636,149,197,182,134,Douglas-fir,Catacount,Cache la Poudre
2667,2188,27,16,295,67,525,212,205,126,170,Douglas-fir,Catacount,Cache la Poudre
2668,2070,87,25,120,20,180,247,190,57,495,Douglas-fir,Catacount,Cache la Poudre
2669,2067,103,21,0,0,853,250,208,76,182,Cottonwood/Willow,Cathedral,Cache la Poudre
2670,2062,304,7,0,0,876,201,237,175,212,Cottonwood/Willow,Cryaquolis,Cache la Poudre
2671,2054,40,20,30,5,973,217,192,101,451,Cottonwood/Willow,Cryaquolis,Cache la Poudre
2672,2047,50,8,0,0,949,224,223,134,481,Cottonwood/Willow,Cryaquolis,Cache la Poudre
2673,2047,101,5,30,1,900,228,233,139,541,Cottonwood/Willow,Cryaquolis,Cache la Poudre
2674,2045,45,2,30,1,876,220,234,151,571,Cottonwood/Willow,Cryaquolis,Cache la Poudre
2675,2045,308,8,0,0,853,197,235,178,601,Cottonwood/Willow,Cryaquolis,Cache la Poudre
2676,2052,307,15,0,0,830,178,230,192,631,Cottonwood/Willow,Cryaquolis,Cache la Poudre
2677,2059,311,17,30,7,807,170,225,194,661,Cottonwood/Willow,Cryaquolis,Cache la Poudre
2678,2059,78,39,150,119,175,237,140,0,297,Ponderosa Pine,Cathedral,Cache la Poudre
2679,2055,323,32,30,23,404,124,189,196,395,Douglas-fir,Catacount,Cache la Poudre
2680,2057,332,28,247,81,592,145,193,181,633,Douglas-fir,Catacount,Cache la Poudre
2681,1965,78,22,170,60,175,242,193,70,722,Ponderosa Pine,Haploborolis,Cache la Poudre
2682,2855,188,7,300,28,781,221,245,159,488,Aspen,Legault,Rawah
2683,2809,140,20,150,-13,751,246,229,102,331,Aspen,Legault,Rawah
2684,2739,272,9,42,3,1931,197,243,185,799,Aspen,Catacount,Comanche Peak
2685,3029,11,11,335,96,642,208,217,145,1699,Lodgepole Pine,Catacount,Comanche Peak
2686,2742,41,23,255,14,1061,216,183,91,810,Lodgepole Pine,Catacount,Comanche Peak
2687,2655,339,8,0,0,1441,203,228,164,1290,Douglas-fir,Cryaquolis,Comanche Peak
2688,2082,93,26,150,32,210,250,190,52,459,Douglas-fir,Catacount,Cache la Poudre
2689,2257,328,30,150,85,540,133,189,187,510,Ponderosa Pine,Vanet,Cache la Poudre
2690,2060,254,12,30,-6,895,193,248,193,210,Cottonwood/Willow,Cryaquolis,Cache la Poudre
2691,2096,275,31,67,40,942,123,229,237,270,Ponderosa Pine,Catacount,Cache la Poudre
2692,2057,35,24,30,10,966,209,178,93,480,Cottonwood/Willow,Catacount,Cache la Poudre
2693,2052,29,16,0,0,942,213,204,123,510,Cottonwood/Willow,Cryaquolis,Cache la Poudre
2694,2047,25,11,0,0,918,215,216,137,540,Cottonwood/Willow,Cryaquolis,Cache la Poudre
2695,2045,352,10,0,0,895,202,222,158,570,Cottonwood/Willow,Cryaquolis,Cache la Poudre
2696,2057,315,18,0,0,850,169,222,192,630,Cottonwood/Willow,Cryaquolis,Cache la Poudre
2697,2001,103,46,90,66,120,244,138,0,361,Ponderosa Pine,Cathedral,Cache la Poudre
2698,1940,106,34,30,6,60,253,178,0,408,Ponderosa Pine,Cathedral,Cache la Poudre
2699,1931,214,7,0,0,30,213,247,0,433,Ponderosa Pine,Cathedral,Cache la Poudre
2700,1946,334,25,60,32,108,155,198,178,499,Ponderosa Pine,Catacount,Cache la Poudre
2701,1988,7,33,95,80,124,162,156,116,382,Ponderosa Pine,Catacount,Cache la Poudre
2702,2047,318,40,228,159,218,89,171,205,42,Ponderosa Pine,Catacount,Cache la Poudre
2703,2128,24,34,150,106,300,181,147,82,212,Douglas-fir,Catacount,Cache la Poudre
2704,2073,42,36,162,-28,534,201,140,48,541,Douglas-fir,Catacount,Cache la Poudre
2705,2076,19,24,277,-104,633,194,181,114,661,Douglas-fir,Catacount,Cache la Poudre
2706,2108,240,17,120,44,474,186,252,201,752,Ponderosa Pine,Vanet,Cache la Poudre
2707,2070,97,31,242,60,323,251,179,32,700,Ponderosa Pine,Haploborolis,Cache la Poudre
2708,3204,209,12,342,50,1205,211,251,173,2072,Spruce_Fir,Leighcan,Rawah
2709,2845,166,15,234,22,750,232,244,139,433,Aspen,Legault,Rawah
2710,2792,134,22,182,-30,720,249,223,91,360,Aspen,Legault,Rawah
2711,2713,135,27,192,60,510,250,216,75,417,Aspen,Legault,Rawah
2712,2675,64,7,0,0,1358,227,226,133,698,Aspen,Catacount,Comanche Peak
2713,2728,294,9,0,0,1889,194,238,184,726,Aspen,Catacount,Comanche Peak
2714,2740,281,8,30,4,1952,199,241,182,774,Aspen,Catacount,Comanche Peak
2715,2756,244,12,30,9,2016,195,250,192,830,Aspen,Catacount,Comanche Peak
2716,2891,339,19,108,32,700,174,208,171,1744,Lodgepole Pine,Leighcan,Comanche Peak
2717,2955,38,19,576,-11,752,217,196,108,481,Lodgepole Pine,Catacount,Comanche Peak
2718,2165,86,27,330,115,390,247,185,50,277,Douglas-fir,Vanet,Cache la Poudre
2719,2062,88,19,0,0,892,244,206,84,182,Cottonwood/Willow,Cathedral,Cache la Poudre
2720,2058,257,11,0,0,914,195,247,190,212,Cottonwood/Willow,Cryaquolis,Cache la Poudre
2721,2006,351,29,124,98,150,155,177,150,404,Ponderosa Pine,Catacount,Cache la Poudre
2722,1993,15,42,85,72,108,148,120,78,366,Ponderosa Pine,Catacount,Cache la Poudre
2723,2113,310,46,270,91,268,59,162,218,90,Ponderosa Pine,Catacount,Cache la Poudre
2724,2075,27,30,30,15,404,193,162,89,330,Douglas-fir,Cathedral,Cache la Poudre
2725,2069,325,13,210,11,765,187,225,178,933,Douglas-fir,Cathedral,Cache la Poudre
2726,2838,169,16,277,15,720,230,245,141,474,Aspen,Legault,Rawah
2727,2784,129,20,212,-38,720,249,223,92,390,Aspen,Legault,Rawah
2728,2753,124,24,240,-69,630,252,214,75,400,Aspen,Legault,Rawah
2729,2723,73,6,150,-7,1165,228,228,134,828,Spruce_Fir,Catacount,Comanche Peak
2730,2714,115,12,67,18,1240,241,227,114,768,Aspen,Catacount,Comanche Peak
2731,2647,58,9,30,5,1513,227,221,127,612,Spruce_Fir,Catacount,Comanche Peak
2732,2726,301,11,42,-1,1883,189,235,186,685,Aspen,Catacount,Comanche Peak
2733,2738,304,9,0,0,1952,196,236,180,732,Aspen,Catacount,Comanche Peak
2734,2747,283,8,0,0,2015,199,241,181,787,Aspen,Catacount,Comanche Peak
2735,2781,241,20,67,25,2103,178,252,208,870,Lodgepole Pine,Catacount,Comanche Peak
2736,2959,12,18,67,11,331,200,202,135,1530,Lodgepole Pine,Leighcan,Comanche Peak
2737,2676,271,20,30,9,1465,165,242,215,1381,Douglas-fir,Vanet,Comanche Peak
2738,2245,346,20,360,109,684,176,203,163,95,Douglas-fir,Catacount,Cache la Poudre
2739,2238,58,20,360,112,660,230,193,87,30,Douglas-fir,Vanet,Cache la Poudre
2740,2210,92,12,390,85,510,238,222,112,153,Douglas-fir,Vanet,Cache la Poudre
2741,2201,101,16,390,80,480,245,217,97,182,Douglas-fir,Vanet,Cache la Poudre
2742,2191,83,17,390,70,450,241,208,91,212,Douglas-fir,Vanet,Cache la Poudre
2743,2171,55,27,330,121,390,225,172,64,272,Douglas-fir,Catacount,Cache la Poudre
2744,2078,103,30,42,16,891,253,187,39,162,Cottonwood/Willow,Cathedral,Cache la Poudre
2745,2063,100,18,30,1,912,247,212,87,190,Cottonwood/Willow,Cathedral,Cache la Poudre
2746,2057,257,8,0,0,934,201,245,183,218,Cottonwood/Willow,Cryaquolis,Cache la Poudre
2747,2099,68,34,85,47,1026,232,153,25,454,Ponderosa Pine,Cathedral,Cache la Poudre
2748,2200,300,39,124,58,716,88,194,230,566,Ponderosa Pine,Catacount,Cache la Poudre
2749,2102,352,26,228,-78,642,165,184,151,631,Douglas-fir,Catacount,Cache la Poudre
2750,2093,357,32,362,-87,767,154,166,137,781,Douglas-fir,Catacount,Cache la Poudre
2751,2084,22,29,330,26,781,187,164,98,841,Douglas-fir,Catacount,Cache la Poudre
2752,2076,168,8,150,18,711,227,243,150,870,Ponderosa Pine,Vanet,Cache la Poudre
2753,2829,169,19,300,6,690,231,244,138,499,Aspen,Legault,Rawah
2754,2809,141,22,247,-13,690,246,228,99,446,Aspen,Legault,Rawah
2755,2752,351,10,153,-2,1019,203,224,159,966,Lodgepole Pine,Catacount,Comanche Peak
2756,2704,107,14,30,8,1282,243,223,106,726,Aspen,Catacount,Comanche Peak
2757,2696,92,11,0,0,1307,238,222,114,708,Aspen,Catacount,Comanche Peak
2758,2729,307,12,67,1,1899,186,233,186,659,Aspen,Catacount,Comanche Peak
2759,2748,326,10,30,6,2015,195,229,173,745,Aspen,Catacount,Comanche Peak
2760,2769,10,23,319,155,1068,188,187,129,904,Lodgepole Pine,Catacount,Comanche Peak
2761,2678,290,13,30,11,1443,182,238,195,1383,Douglas-fir,Cryaquolis,Comanche Peak
2762,2192,33,23,360,142,421,209,183,101,240,Douglas-fir,Catacount,Cache la Poudre
2763,2258,322,22,127,20,379,159,212,191,492,Ponderosa Pine,Catacount,Cache la Poudre
2764,2071,116,26,30,-4,912,253,206,63,175,Cottonwood/Willow,Cathedral,Cache la Poudre
2765,2166,280,37,60,45,782,96,215,244,633,Ponderosa Pine,Catacount,Cache la Poudre
2766,2073,98,13,150,15,698,241,222,109,849,Ponderosa Pine,Vanet,Cache la Poudre
2767,2049,127,20,60,0,618,248,223,94,787,Ponderosa Pine,Vanet,Cache la Poudre
2768,3327,123,5,842,100,4650,228,236,142,1718,Krummholz,Leighcan,Rawah
2769,3333,211,16,721,106,4155,205,253,179,1987,Krummholz,Leighcan,Rawah
2770,3339,203,17,726,112,4097,209,253,174,2024,Krummholz,Leighcan,Rawah
2771,2816,162,21,309,-6,660,235,240,125,510,Aspen,Legault,Rawah
2772,2807,150,22,285,-15,660,242,233,109,485,Aspen,Legault,Rawah
2773,2788,147,18,270,-34,663,242,235,115,459,Aspen,Legault,Rawah
2774,2697,76,8,0,0,1323,230,226,128,684,Aspen,Catacount,Comanche Peak
2775,2753,325,10,60,15,2037,196,230,173,722,Aspen,Catacount,Comanche Peak
2776,2777,254,14,30,4,2165,188,248,198,853,Aspen,Catacount,Comanche Peak
2777,2759,17,25,212,108,1199,190,178,115,1087,Lodgepole Pine,Catacount,Comanche Peak
2778,2678,10,12,0,0,1401,207,216,145,1355,Douglas-fir,Cryaquolis,Comanche Peak
2779,2270,25,22,395,121,577,203,187,112,212,Douglas-fir,Catacount,Cache la Poudre
2780,2265,355,21,408,122,636,181,198,151,153,Douglas-fir,Catacount,Cache la Poudre
2781,2263,17,11,420,127,696,211,216,141,95,Douglas-fir,Vanet,Cache la Poudre
2782,2257,55,13,420,121,693,228,211,114,42,Douglas-fir,Vanet,Cache la Poudre
2783,2141,49,32,182,90,247,215,155,51,421,Douglas-fir,Catacount,Cache la Poudre
2784,2122,288,35,120,45,192,102,211,237,711,Ponderosa Pine,Catacount,Cache la Poudre
2785,2185,285,39,134,108,258,88,208,243,633,Ponderosa Pine,Catacount,Cache la Poudre
2786,2361,304,15,30,8,787,176,231,195,331,Ponderosa Pine,Catacount,Cache la Poudre
2787,2286,335,5,150,41,660,209,233,163,582,Ponderosa Pine,Vanet,Cache la Poudre
2788,2063,349,10,0,0,955,202,224,160,216,Cottonwood/Willow,Cryaquolis,Cache la Poudre
2789,2066,325,23,0,0,976,158,209,188,242,Cottonwood/Willow,Catacount,Cache la Poudre
2790,2147,110,31,342,203,365,254,190,39,361,Ponderosa Pine,Cathedral,Cache la Poudre
2791,1987,305,40,95,94,124,83,184,224,228,Ponderosa Pine,Catacount,Cache la Poudre
2792,2032,303,44,153,136,182,65,175,228,175,Ponderosa Pine,Catacount,Cache la Poudre
2793,1949,82,20,108,37,108,243,200,77,573,Ponderosa Pine,Haploborolis,Cache la Poudre
2794,3304,144,10,741,77,4468,235,238,133,1827,Krummholz,Leighcan,Rawah
2795,2809,181,22,301,88,630,221,248,148,566,Aspen,Legault,Rawah
2796,2785,147,20,301,-37,631,242,234,112,495,Aspen,Legault,Rawah
2797,2759,320,8,67,6,2079,199,233,173,721,Aspen,Catacount,Comanche Peak
2798,2769,309,13,0,0,2143,184,231,187,787,Aspen,Catacount,Comanche Peak
2799,2773,301,11,0,0,2164,189,235,186,811,Aspen,Catacount,Comanche Peak
2800,2988,285,18,95,17,1438,168,237,208,1871,Lodgepole Pine,Catacount,Comanche Peak
2801,2890,238,4,212,71,1441,212,244,170,1956,Lodgepole Pine,Cryorthents,Comanche Peak
2802,2087,55,25,85,34,150,226,177,70,543,Douglas-fir,Catacount,Cache la Poudre
2803,2111,317,31,150,72,192,124,196,204,752,Ponderosa Pine,Catacount,Cache la Poudre
2804,2278,283,20,127,-19,485,161,237,214,469,Ponderosa Pine,Catacount,Cache la Poudre
2805,2289,349,9,134,27,690,204,225,160,618,Ponderosa Pine,Vanet,Cache la Poudre
2806,2064,335,13,30,-11,955,189,221,171,212,Cottonwood/Willow,Cryaquolis,Cache la Poudre
2807,2283,338,24,234,45,636,161,198,172,492,Ponderosa Pine,Vanet,Cache la Poudre
2808,2077,83,30,242,144,256,245,172,34,418,Ponderosa Pine,Cathedral,Cache la Poudre
2809,2004,340,38,108,77,124,117,158,163,708,Ponderosa Pine,Catacount,Cache la Poudre
2810,2183,35,39,150,108,443,184,127,48,268,Douglas-fir,Catacount,Cache la Poudre
2811,2164,26,37,108,-16,636,177,135,69,553,Douglas-fir,Catacount,Cache la Poudre
2812,2141,18,30,218,-39,722,182,163,103,671,Douglas-fir,Catacount,Cache la Poudre
2813,2141,24,33,361,83,841,183,151,86,819,Douglas-fir,Catacount,Cache la Poudre
2814,1962,87,20,124,50,124,245,203,79,541,Ponderosa Pine,Haploborolis,Cache la Poudre
2815,2795,176,24,268,42,601,224,244,138,624,Aspen,Legault,Rawah
2816,2797,174,23,272,91,600,226,245,138,577,Aspen,Legault,Rawah
2817,2780,315,6,0,0,2207,205,235,170,816,Aspen,Catacount,Comanche Peak
2818,2244,19,14,421,123,524,208,209,135,175,Douglas-fir,Catacount,Cache la Poudre
2819,2234,33,19,400,184,466,213,196,112,228,Douglas-fir,Vanet,Cache la Poudre
2820,2206,43,26,285,155,351,215,174,80,342,Douglas-fir,Vanet,Cache la Poudre
2821,2192,53,31,256,141,323,220,158,50,371,Douglas-fir,Vanet,Cache la Poudre
2822,2141,64,33,175,90,242,229,154,31,459,Douglas-fir,Vanet,Cache la Poudre
2823,2233,230,23,216,-4,391,177,253,206,573,Ponderosa Pine,Cathedral,Cache la Poudre
2824,2299,310,27,127,-13,524,136,210,209,474,Ponderosa Pine,Catacount,Cache la Poudre
2825,2290,35,10,201,34,720,219,219,135,569,Ponderosa Pine,Vanet,Cache la Poudre
2826,2076,118,23,30,12,918,252,211,74,190,Cottonwood/Willow,Cathedral,Cache la Poudre
2827,2064,98,5,0,0,937,228,233,138,201,Cottonwood/Willow,Cryaquolis,Cache la Poudre
2828,2293,27,14,268,55,616,213,210,130,484,Ponderosa Pine,Vanet,Cache la Poudre
2829,2137,97,27,335,196,351,251,190,49,424,Ponderosa Pine,Cathedral,Cache la Poudre
2830,2163,19,30,182,-17,721,184,163,101,648,Douglas-fir,Catacount,Cache la Poudre
2831,2159,21,33,361,-21,858,180,151,89,824,Douglas-fir,Catacount,Cache la Poudre
2832,2013,163,23,85,25,256,234,239,122,532,Ponderosa Pine,Haploborolis,Cache la Poudre
2833,3289,208,11,655,62,4367,212,251,173,1924,Krummholz,Leighcan,Rawah
2834,3294,216,13,648,67,4338,206,252,180,1940,Krummholz,Leighcan,Rawah
2835,3310,207,11,630,83,4191,213,250,171,2023,Krummholz,Cryaquolis,Rawah
2836,3442,193,22,641,-24,3466,212,251,163,2529,Spruce_Fir,Cryorthents,Rawah
2837,3308,136,21,787,-39,1316,247,226,97,2607,Spruce_Fir,Leighcan,Rawah
2838,2784,176,23,242,78,570,225,245,140,604,Aspen,Legault,Rawah
2839,2778,166,21,240,72,570,233,242,129,579,Aspen,Legault,Rawah
2840,2699,310,20,30,12,1358,163,223,198,1396,Spruce_Fir,Cryaquolis,Comanche Peak
2841,2231,89,12,379,131,446,239,220,109,268,Douglas-fir,Vanet,Cache la Poudre
2842,2216,58,20,295,165,362,230,195,89,351,Douglas-fir,Vanet,Cache la Poudre
2843,2248,297,30,228,-26,433,123,215,225,573,Ponderosa Pine,Catacount,Cache la Poudre
2844,2320,316,25,134,7,564,146,210,200,484,Ponderosa Pine,Catacount,Cache la Poudre
2845,2329,49,24,0,0,779,222,181,81,516,Ponderosa Pine,Catacount,Cache la Poudre
2846,2190,298,35,30,16,830,103,203,229,680,Ponderosa Pine,Catacount,Cache la Poudre
2847,2234,292,37,85,25,785,95,205,236,636,Ponderosa Pine,Catacount,Cache la Poudre
2848,2128,131,31,350,193,362,252,206,57,454,Ponderosa Pine,Cathedral,Cache la Poudre
2849,1993,48,31,60,55,134,214,157,56,532,Ponderosa Pine,Catacount,Cache la Poudre
2850,1918,321,28,42,17,85,139,201,196,402,Ponderosa Pine,Catacount,Cache la Poudre
2851,2225,312,26,247,165,457,143,211,204,234,Ponderosa Pine,Catacount,Cache la Poudre
2852,2163,33,33,313,105,800,194,151,72,888,Douglas-fir,Catacount,Cache la Poudre
2853,3332,195,24,685,105,3834,207,251,166,2272,Spruce_Fir,Cryaquolis,Rawah
2854,2768,184,21,210,50,540,219,249,153,659,Aspen,Legault,Rawah
2855,2731,77,9,0,0,1253,232,224,125,732,Spruce_Fir,Catacount,Comanche Peak
2856,2929,265,8,30,-1,1853,200,244,182,1328,Aspen,Catacount,Comanche Peak
2857,2958,216,8,30,4,1673,212,248,173,1529,Aspen,Catacount,Comanche Peak
2858,2874,3,19,212,48,638,191,200,143,510,Lodgepole Pine,Catacount,Comanche Peak
2859,2126,26,33,150,76,212,186,151,83,560,Douglas-fir,Catacount,Cache la Poudre
2860,2158,331,35,170,110,212,118,173,182,849,Ponderosa Pine,Catacount,Cache la Poudre
2861,2304,15,12,212,33,780,209,215,142,618,Ponderosa Pine,Vanet,Cache la Poudre
2862,2073,267,8,0,0,984,200,244,183,256,Cottonwood/Willow,Cryaquolis,Cache la Poudre
2863,2084,261,21,30,14,1003,164,246,217,268,Cottonwood/Willow,Cryaquolis,Cache la Poudre
2864,2186,330,28,0,0,872,142,193,184,722,Ponderosa Pine,Catacount,Cache la Poudre
2865,2124,121,27,391,189,402,253,207,64,481,Ponderosa Pine,Cathedral,Cache la Poudre
2866,1989,302,18,0,0,150,167,229,201,537,Cottonwood/Willow,Vanet,Cache la Poudre
2867,2011,67,37,153,103,190,228,141,12,524,Ponderosa Pine,Cathedral,Cache la Poudre
2868,2125,274,35,258,232,283,109,224,243,228,Ponderosa Pine,Catacount,Cache la Poudre
2869,2241,39,37,150,116,537,195,136,49,342,Douglas-fir,Catacount,Cache la Poudre
2870,2188,9,34,42,18,600,163,153,110,443,Douglas-fir,Catacount,Cache la Poudre
2871,2209,312,38,30,28,658,96,184,213,524,Douglas-fir,Catacount,Cache la Poudre
2872,2218,34,36,120,37,721,188,137,58,607,Douglas-fir,Catacount,Cache la Poudre
2873,2206,33,36,150,25,743,189,140,61,636,Douglas-fir,Catacount,Cache la Poudre
2874,2030,77,22,67,9,474,241,195,74,616,Ponderosa Pine,Vanet,Cache la Poudre
2875,3292,213,11,573,65,4237,210,251,175,2039,Krummholz,Cryaquolis,Rawah
2876,2742,158,21,216,36,514,238,238,120,607,Aspen,Legault,Rawah
2877,2808,311,14,0,0,2268,182,230,187,872,Aspen,Catacount,Comanche Peak
2878,2928,275,8,30,-2,1865,199,242,182,1290,Aspen,Catacount,Comanche Peak
2879,2931,288,8,0,0,1839,197,239,182,1319,Aspen,Catacount,Comanche Peak
2880,2935,282,8,0,0,1812,198,241,182,1348,Aspen,Catacount,Comanche Peak
2881,2944,254,9,0,0,1760,200,246,185,1405,Aspen,Cryaquolis,Comanche Peak
2882,2947,253,9,0,0,1734,201,246,184,1434,Aspen,Cryaquolis,Comanche Peak
2883,2976,235,8,0,0,1507,207,247,178,1695,Aspen,Catacount,Comanche Peak
2884,2194,341,34,270,153,319,130,169,165,768,Ponderosa Pine,Catacount,Cache la Poudre
2885,2362,325,28,162,32,644,140,198,191,513,Ponderosa Pine,Catacount,Cache la Poudre
2886,2330,29,25,127,24,812,202,176,99,658,Ponderosa Pine,Catacount,Cache la Poudre
2887,2073,74,14,30,0,990,236,212,104,277,Cottonwood/Willow,Catacount,Cache la Poudre
2888,2069,189,3,0,0,1008,219,241,158,285,Cottonwood/Willow,Cryaquolis,Cache la Poudre
2889,2075,229,20,0,0,1026,187,254,199,295,Cottonwood/Willow,Cryaquolis,Cache la Poudre
2890,2159,253,27,153,75,1167,148,245,228,426,Ponderosa Pine,Cathedral,Cache la Poudre
2891,2137,76,29,417,86,443,241,172,0,497,Ponderosa Pine,Cathedral,Cache la Poudre
2892,1991,337,16,0,0,180,183,216,171,510,Cottonwood/Willow,Catacount,Cache la Poudre
2893,2074,75,20,277,155,309,240,199,81,591,Ponderosa Pine,Cathedral,Cache la Poudre
2894,2038,59,31,190,130,228,225,160,45,560,Ponderosa Pine,Cathedral,Cache la Poudre
2895,1962,320,34,90,66,150,114,185,200,408,Ponderosa Pine,Catacount,Cache la Poudre
2896,2250,313,17,242,159,524,172,225,192,300,Ponderosa Pine,Vanet,Cache la Poudre
2897,2209,25,32,362,151,819,187,156,87,874,Douglas-fir,Catacount,Cache la Poudre
2898,3294,128,26,841,-53,1273,252,213,71,2656,Spruce_Fir,Legault,Rawah
2899,2741,166,20,153,35,480,232,242,132,655,Aspen,Legault,Rawah
2900,2844,294,22,30,3,2173,154,229,213,942,Aspen,Cryaquolis,Comanche Peak
2901,2898,255,14,30,12,2012,187,248,199,1110,Aspen,Cryaquolis,Comanche Peak
2902,2907,273,10,0,0,1959,194,243,189,1167,Aspen,Cryaquolis,Comanche Peak
2903,2934,276,10,0,0,1825,194,242,187,1310,Aspen,Cryaquolis,Comanche Peak
2904,2972,264,2,30,2,1514,214,240,164,1660,Aspen,Cryaquolis,Comanche Peak
2905,2764,320,23,67,11,1392,155,212,193,1530,Spruce_Fir,Leighcan,Comanche Peak
2906,2160,34,28,150,65,242,203,167,83,579,Douglas-fir,Catacount,Cache la Poudre
2907,2090,252,23,150,41,150,163,248,219,865,Ponderosa Pine,Cathedral,Cache la Poudre
2908,2413,49,9,124,42,902,224,221,131,518,Ponderosa Pine,Vanet,Cache la Poudre
2909,2072,45,14,30,3,1032,223,210,118,313,Cottonwood/Willow,Cryaquolis,Cache la Poudre
2910,2068,201,4,30,0,1050,218,243,161,323,Cottonwood/Willow,Cryaquolis,Cache la Poudre
2911,2074,216,21,0,0,1068,194,254,189,335,Cottonwood/Willow,Cryaquolis,Cache la Poudre
2912,2091,51,23,306,49,350,224,184,82,631,Ponderosa Pine,Cathedral,Cache la Poudre
2913,2022,66,34,134,39,192,230,152,25,577,Ponderosa Pine,Cathedral,Cache la Poudre
2914,1958,314,30,30,25,134,129,202,206,474,Ponderosa Pine,Catacount,Cache la Poudre
2915,2149,289,31,319,248,342,119,219,232,277,Ponderosa Pine,Catacount,Cache la Poudre
2916,2260,311,14,228,135,564,182,230,187,342,Ponderosa Pine,Vanet,Cache la Poudre
2917,3278,164,4,532,51,4313,224,241,152,2043,Krummholz,Cryaquolis,Rawah
2918,3310,207,4,564,83,3901,217,244,163,2282,Spruce_Fir,Cryaquolis,Rawah
2919,2728,165,18,134,22,450,233,243,133,677,Aspen,Legault,Rawah
2920,2832,315,21,0,0,2214,159,217,196,875,Aspen,Catacount,Comanche Peak
2921,2859,294,18,0,0,2133,165,232,206,959,Aspen,Cryaquolis,Comanche Peak
2922,2877,288,13,30,-3,2080,183,239,195,1015,Aspen,Cryaquolis,Comanche Peak
2923,2886,274,14,0,0,2026,183,243,199,1072,Aspen,Cryaquolis,Comanche Peak
2924,2908,277,12,0,0,1945,188,242,194,1158,Aspen,Cryaquolis,Comanche Peak
2925,2072,234,21,0,0,1110,180,253,205,376,Cottonwood/Willow,Cryaquolis,Cache la Poudre
2926,2068,68,30,67,39,247,235,167,43,418,Cottonwood/Willow,Catacount,Cache la Poudre
2927,2029,61,27,30,26,240,230,173,58,443,Cottonwood/Willow,Haploborolis,Cache la Poudre
2928,2016,5,22,0,0,240,187,192,137,458,Cottonwood/Willow,Vanet,Cache la Poudre
2929,2075,282,28,95,71,247,133,229,230,531,Ponderosa Pine,Catacount,Cache la Poudre
2930,2255,16,34,127,59,659,170,149,97,469,Douglas-fir,Catacount,Cache la Poudre
2931,2256,323,30,95,60,726,131,194,195,566,Douglas-fir,Catacount,Cache la Poudre
2932,2245,9,33,228,64,849,164,154,111,725,Douglas-fir,Catacount,Cache la Poudre
2933,2246,22,28,371,65,842,190,168,102,864,Douglas-fir,Catacount,Cache la Poudre
2934,2052,55,27,150,37,484,224,170,62,576,Ponderosa Pine,Vanet,Cache la Poudre
2935,3280,223,11,484,53,4218,206,251,180,2115,Krummholz,Cryaquolis,Rawah
2936,2877,278,13,0,0,2066,185,242,196,1006,Aspen,Cryaquolis,Comanche Peak
2937,3007,292,20,85,12,571,159,232,211,997,Lodgepole Pine,Leighcan,Comanche Peak
2938,2706,316,13,0,0,1191,185,228,183,1339,Douglas-fir,Cryaquolis,Comanche Peak
2939,2083,313,17,0,0,180,171,224,193,684,Cottonwood/Willow,Pachic Argiborolis,Cache la Poudre
2940,2207,251,21,319,163,361,170,249,214,850,Ponderosa Pine,Cathedral,Cache la Poudre
2941,2299,307,26,342,-13,531,141,215,210,691,Ponderosa Pine,Catacount,Cache la Poudre
2942,2067,45,14,30,-4,1116,223,210,118,390,Cottonwood/Willow,Cryaquolis,Cache la Poudre
2943,2069,278,12,0,0,1134,188,242,193,402,Cottonwood/Willow,Cryaquolis,Cache la Poudre
2944,2313,299,29,108,23,808,125,214,222,674,Ponderosa Pine,Vanet,Cache la Poudre
2945,2113,55,30,134,69,309,223,161,50,365,Cottonwood/Willow,Catacount,Cache la Poudre
2946,2040,106,28,30,11,272,254,193,48,402,Cottonwood/Willow,Haploborolis,Cache la Poudre
2947,1948,347,13,0,0,180,194,218,162,558,Ponderosa Pine,Catacount,Cache la Poudre
2948,2035,312,39,162,129,255,92,181,213,426,Ponderosa Pine,Catacount,Cache la Poudre
2949,2281,325,19,234,128,631,171,217,184,408,Ponderosa Pine,Vanet,Cache la Poudre
2950,2277,13,31,170,81,671,174,161,109,467,Douglas-fir,Vanet,Cache la Poudre
2951,3285,206,11,450,58,4124,213,250,171,2188,Krummholz,Cryaquolis,Rawah
2952,3293,218,12,454,66,4066,207,251,179,2222,Krummholz,Cryaquolis,Rawah
2953,2866,310,11,30,2,2106,189,232,183,940,Aspen,Catacount,Comanche Peak
2954,2870,295,12,30,6,2080,185,237,192,968,Aspen,Catacount,Comanche Peak
2955,3006,13,20,150,22,190,196,194,130,1262,Lodgepole Pine,Leighcan,Comanche Peak
2956,2977,33,20,297,29,300,212,192,109,1342,Lodgepole Pine,Leighcan,Comanche Peak
2957,2092,300,29,30,8,210,127,214,220,655,Ponderosa Pine,Catacount,Cache la Poudre
2958,2417,68,21,150,38,947,236,193,79,685,Ponderosa Pine,Catacount,Cache la Poudre
2959,2304,124,15,361,16,930,245,227,107,642,Ponderosa Pine,Vanet,Cache la Poudre
2960,2239,341,17,295,104,1176,183,213,168,666,Ponderosa Pine,Vanet,Cache la Poudre
2961,2171,27,38,285,120,446,176,133,66,351,Ponderosa Pine,Catacount,Cache la Poudre
2962,2140,63,34,150,89,350,227,150,29,331,Cottonwood/Willow,Catacount,Cache la Poudre
2963,2119,83,34,124,68,335,244,161,18,335,Cottonwood/Willow,Catacount,Cache la Poudre
2964,2079,102,35,67,35,313,252,170,14,351,Cottonwood/Willow,Haploborolis,Cache la Poudre
2965,2054,98,34,42,10,306,251,172,0,362,Cottonwood/Willow,Haploborolis,Cache la Poudre
2966,2096,323,17,150,92,313,173,220,185,511,Ponderosa Pine,Catacount,Cache la Poudre
2967,2032,35,33,85,12,242,198,151,67,663,Ponderosa Pine,Cathedral,Cache la Poudre
2968,1979,289,30,60,37,218,123,220,230,531,Ponderosa Pine,Catacount,Cache la Poudre
2969,2265,311,20,324,130,566,163,222,198,390,Ponderosa Pine,Vanet,Cache la Poudre
2970,2292,16,29,212,96,850,182,167,109,700,Douglas-fir,Vanet,Cache la Poudre
2971,2752,89,28,150,55,1040,248,181,42,1215,Lodgepole Pine,Catacount,Comanche Peak
2972,2138,46,30,192,71,242,214,161,63,732,Ponderosa Pine,Catacount,Cache la Poudre
2973,2137,218,23,295,91,335,188,254,193,870,Ponderosa Pine,Cathedral,Cache la Poudre
2974,2252,257,28,424,204,467,142,243,231,830,Ponderosa Pine,Cathedral,Cache la Poudre
2975,2416,102,13,175,37,977,242,222,107,711,Ponderosa Pine,Vanet,Cache la Poudre
2976,2360,69,22,277,31,960,237,192,76,782,Ponderosa Pine,Catacount,Cache la Poudre
2977,2078,6,9,0,0,1182,209,222,151,457,Cottonwood/Willow,Cryaquolis,Cache la Poudre
2978,2084,291,15,30,11,1200,175,236,200,470,Ponderosa Pine,Cryaquolis,Cache la Poudre
2979,2258,298,21,258,92,1149,155,227,210,732,Ponderosa Pine,Vanet,Cache la Poudre
2980,2183,12,28,218,132,426,181,172,117,306,Ponderosa Pine,Catacount,Cache la Poudre
2981,2168,75,31,162,117,391,239,166,35,300,Cottonwood/Willow,Catacount,Cache la Poudre
2982,2145,90,38,134,94,376,246,152,0,301,Cottonwood/Willow,Haploborolis,Cache la Poudre
2983,2117,96,38,108,66,362,249,157,0,306,Cottonwood/Willow,Haploborolis,Cache la Poudre
2984,2094,100,37,85,43,351,251,164,0,313,Cottonwood/Willow,Haploborolis,Cache la Poudre
2985,2055,90,26,30,11,335,248,190,54,335,Cottonwood/Willow,Haploborolis,Cache la Poudre
2986,2044,13,14,0,0,331,205,209,139,350,Cottonwood/Willow,Haploborolis,Cache la Poudre
2987,2110,334,19,216,106,362,173,211,176,541,Ponderosa Pine,Catacount,Cache la Poudre
2988,2031,59,34,42,11,256,223,149,33,691,Ponderosa Pine,Cathedral,Cache la Poudre
2989,2029,291,41,120,94,268,80,198,240,511,Ponderosa Pine,Catacount,Cache la Poudre
2990,2304,15,28,255,108,892,183,170,112,741,Douglas-fir,Vanet,Cache la Poudre
2991,2300,16,27,277,119,912,185,172,112,767,Douglas-fir,Catacount,Cache la Poudre
2992,2282,51,20,335,84,840,226,192,92,854,Ponderosa Pine,Vanet,Cache la Poudre
2993,2035,39,23,210,56,390,214,183,93,450,Ponderosa Pine,Vanet,Cache la Poudre
2994,3281,224,15,395,54,4054,200,253,187,2271,Krummholz,Cryaquolis,Rawah
2995,2889,297,15,90,25,2026,176,234,197,983,Aspen,Catacount,Comanche Peak
2996,2987,17,6,134,10,1410,215,228,150,1663,Lodgepole Pine,Catacount,Comanche Peak
2997,2981,9,20,162,25,513,194,197,136,1282,Lodgepole Pine,Leighcan,Comanche Peak
2998,2389,83,22,268,27,992,244,196,70,799,Ponderosa Pine,Catacount,Cache la Poudre
2999,2338,103,25,339,17,990,252,199,59,750,Ponderosa Pine,Catacount,Cache la Poudre
3000,2081,76,2,0,0,1207,222,235,150,485,Cottonwood/Willow,Cryaquolis,Cache la Poudre
3001,2226,256,37,270,142,1284,111,233,243,636,Ponderosa Pine,Catacount,Cache la Poudre
3002,2333,273,27,90,43,845,139,236,230,631,Ponderosa Pine,Vanet,Cache la Poudre
3003,2339,106,29,210,49,741,254,192,45,525,Ponderosa Pine,Vanet,Cache la Poudre
3004,2137,94,40,124,86,402,246,150,0,272,Cottonwood/Willow,Haploborolis,Cache la Poudre
3005,2114,90,37,95,63,390,246,154,0,277,Cottonwood/Willow,Haploborolis,Cache la Poudre
3006,2067,96,35,42,16,371,250,168,0,295,Cottonwood/Willow,Haploborolis,Cache la Poudre
3007,2013,293,36,95,65,285,101,207,234,553,Ponderosa Pine,Catacount,Cache la Poudre
3008,2314,324,21,277,118,700,163,213,187,499,Ponderosa Pine,Vanet,Cache la Poudre
3009,2313,353,25,218,117,841,168,187,150,661,Douglas-fir,Vanet,Cache la Poudre
3010,3267,124,21,553,40,4553,250,220,87,2061,Krummholz,Leighcan,Rawah
3011,3286,219,9,379,59,3990,210,249,175,2330,Krummholz,Cryaquolis,Rawah
3012,3302,217,9,573,80,3666,210,249,175,2532,Spruce_Fir,Cryaquolis,Rawah
3013,3385,222,28,674,262,3283,174,253,202,2801,Spruce_Fir,Leighcan,Rawah
3014,2760,93,5,60,-16,360,228,232,138,1020,Lodgepole Pine,Legault,Rawah
3015,2769,0,9,240,14,1400,206,222,154,655,Lodgepole Pine,Catacount,Comanche Peak
3016,3005,118,17,170,47,518,246,223,100,1507,Lodgepole Pine,Catacount,Comanche Peak
3017,2981,40,14,90,14,228,220,208,119,480,Lodgepole Pine,Catacount,Comanche Peak
3018,2719,53,18,30,11,1092,227,198,98,1348,Douglas-fir,Cryaquolis,Comanche Peak
3019,2906,319,9,162,25,1020,197,232,175,2105,Lodgepole Pine,Catacount,Comanche Peak
3020,2088,59,1,0,0,350,220,235,152,540,Cottonwood/Willow,Pachic Argiborolis,Cache la Poudre
3021,2135,15,32,319,77,335,174,157,104,764,Ponderosa Pine,Catacount,Cache la Poudre
3022,2131,6,26,335,73,350,179,181,131,785,Ponderosa Pine,Catacount,Cache la Poudre
3023,2314,217,24,430,-15,636,188,254,193,778,Ponderosa Pine,Cathedral,Cache la Poudre
3024,2344,249,37,402,14,679,119,237,238,752,Ponderosa Pine,Cathedral,Cache la Poudre
3025,2382,230,30,379,52,721,159,250,213,731,Ponderosa Pine,Cathedral,Cache la Poudre
3026,2085,114,24,0,0,1215,252,209,70,503,Cottonwood/Willow,Cryaquolis,Cache la Poudre
3027,2079,262,2,0,0,1231,215,239,162,513,Cottonwood/Willow,Cryaquolis,Cache la Poudre
3028,2099,288,24,60,21,1266,145,230,221,537,Ponderosa Pine,Catacount,Cache la Poudre
3029,2220,272,37,270,136,1302,101,222,246,658,Ponderosa Pine,Catacount,Cache la Poudre
3030,2270,347,20,306,84,1211,177,203,161,745,Ponderosa Pine,Vanet,Cache la Poudre
3031,2282,11,40,361,-7,638,149,130,94,384,Ponderosa Pine,Catacount,Cache la Poudre
3032,2248,36,34,330,197,552,197,146,61,300,Ponderosa Pine,Catacount,Cache la Poudre
3033,2212,58,27,240,161,492,228,174,63,256,Cottonwood/Willow,Catacount,Cache la Poudre
3034,2184,90,30,180,133,458,249,179,37,242,Cottonwood/Willow,Haploborolis,Cache la Poudre
3035,2139,84,37,120,88,430,242,151,0,242,Cottonwood/Willow,Haploborolis,Cache la Poudre
3036,2096,86,42,60,45,408,240,137,0,256,Cottonwood/Willow,Haploborolis,Cache la Poudre
3037,2090,286,28,60,46,390,131,226,228,339,Ponderosa Pine,Catacount,Cache la Poudre
3038,2098,26,30,95,-12,366,192,162,90,765,Ponderosa Pine,Cathedral,Cache la Poudre
3039,2068,275,38,134,69,335,93,216,247,541,Ponderosa Pine,Catacount,Cache la Poudre
3040,2081,28,32,277,102,450,190,155,82,470,Ponderosa Pine,Vanet,Cache la Poudre
3041,2995,36,9,190,18,1382,220,221,136,1657,Spruce_Fir,Cryaquolis,Comanche Peak
3042,3049,25,20,283,58,124,206,194,118,1170,Lodgepole Pine,Leighcan,Comanche Peak
3043,2972,11,19,309,55,339,196,198,134,592,Lodgepole Pine,Catacount,Comanche Peak
3044,2188,21,36,268,111,331,173,142,84,661,Ponderosa Pine,Catacount,Cache la Poudre
3045,2178,23,37,283,95,335,173,138,77,680,Ponderosa Pine,Catacount,Cache la Poudre
3046,2081,144,13,0,0,1240,238,237,126,532,Cottonwood/Willow,Cryaquolis,Cache la Poudre
3047,2084,275,8,30,0,1256,199,242,182,541,Cottonwood/Willow,Cryaquolis,Cache la Poudre
3048,2120,289,33,95,42,1308,110,215,234,577,Ponderosa Pine,Catacount,Cache la Poudre
3049,2172,308,33,182,100,1364,114,199,216,624,Ponderosa Pine,Catacount,Cache la Poudre
3050,2320,228,17,150,47,1087,193,253,194,837,Ponderosa Pine,Vanet,Cache la Poudre
3051,2314,321,23,67,20,927,155,211,193,664,Ponderosa Pine,Vanet,Cache la Poudre
3052,2295,34,37,390,217,616,188,135,56,319,Ponderosa Pine,Catacount,Cache la Poudre
3053,2198,95,29,210,147,499,251,182,38,218,Cottonwood/Willow,Haploborolis,Cache la Poudre
3054,2183,100,32,180,132,484,252,178,27,212,Cottonwood/Willow,Haploborolis,Cache la Poudre
3055,2161,100,35,150,110,470,252,170,16,210,Cottonwood/Willow,Haploborolis,Cache la Poudre
3056,2144,97,34,120,93,457,251,169,17,212,Cottonwood/Willow,Haploborolis,Cache la Poudre
3057,2095,89,41,60,44,437,243,143,0,228,Cottonwood/Willow,Haploborolis,Cache la Poudre
3058,2068,81,35,30,17,430,242,157,0,242,Cottonwood/Willow,Haploborolis,Cache la Poudre
3059,2298,111,16,242,100,845,246,221,98,859,Ponderosa Pine,Vanet,Cache la Poudre
3060,3267,246,14,306,40,4039,190,250,197,2347,Krummholz,Cryaquolis,Rawah
3061,2809,316,26,592,54,1015,142,207,200,1266,Lodgepole Pine,Leighcan,Comanche Peak
3062,3025,341,17,361,20,295,181,212,168,1273,Lodgepole Pine,Leighcan,Comanche Peak
3063,2092,106,19,0,0,450,248,214,86,488,Cottonwood/Willow,Pachic Argiborolis,Cache la Poudre
3064,2127,341,16,95,32,371,186,215,167,488,Ponderosa Pine,Catacount,Cache la Poudre
3065,2187,230,29,499,144,541,161,251,213,942,Ponderosa Pine,Cathedral,Cache la Poudre
3066,2323,38,28,400,245,658,207,166,78,324,Cottonwood/Willow,Catacount,Cache la Poudre
3067,2309,60,31,376,231,636,227,159,43,300,Cottonwood/Willow,Catacount,Cache la Poudre
3068,2291,68,32,350,213,616,234,160,33,277,Cottonwood/Willow,Catacount,Cache la Poudre
3069,2274,75,30,323,202,595,239,168,37,255,Cottonwood/Willow,Haploborolis,Cache la Poudre
3070,2256,85,32,295,184,576,246,170,28,234,Cottonwood/Willow,Haploborolis,Cache la Poudre
3071,2235,93,33,268,163,558,250,171,22,216,Cottonwood/Willow,Haploborolis,Cache la Poudre
3072,2196,102,33,212,128,525,253,177,23,190,Cottonwood/Willow,Haploborolis,Cache la Poudre
3073,2094,92,35,67,43,466,248,163,12,201,Cottonwood/Willow,Haploborolis,Cache la Poudre
3074,2074,78,31,42,21,459,242,168,33,216,Cottonwood/Willow,Haploborolis,Cache la Poudre
3075,2060,62,19,30,7,454,232,197,90,234,Cottonwood/Willow,Haploborolis,Cache la Poudre
3076,2054,311,10,0,0,451,194,233,179,255,Cottonwood/Willow,Vanet,Cache la Poudre
3077,2114,34,34,268,105,443,194,147,66,446,Ponderosa Pine,Vanet,Cache la Poudre
3078,3248,170,4,404,21,4421,223,241,154,2190,Krummholz,Leighcan,Rawah
3079,3278,210,8,309,51,3946,214,247,169,2421,Krummholz,Cryaquolis,Rawah
3080,2733,334,19,95,26,212,173,211,176,711,Spruce_Fir,Legault,Rawah
3081,2729,320,11,0,0,1091,191,229,178,1438,Douglas-fir,Cryaquolis,Comanche Peak
3082,2314,329,13,182,-10,90,189,225,175,722,Lodgepole Pine,Catacount,Cache la Poudre
3083,2343,253,34,474,13,764,124,238,238,825,Ponderosa Pine,Cathedral,Cache la Poudre
3084,2073,119,11,30,-1,1276,239,230,120,582,Cottonwood/Willow,Cryaquolis,Cache la Poudre
3085,2076,271,9,0,0,1291,196,243,187,589,Cottonwood/Willow,Cryaquolis,Cache la Poudre
3086,2357,244,10,192,67,858,200,248,186,532,Cottonwood/Willow,Vanet,Cache la Poudre
3087,2363,247,12,216,73,834,195,249,191,503,Cottonwood/Willow,Vanet,Cache la Poudre
3088,2350,40,33,351,60,721,203,150,60,362,Cottonwood/Willow,Catacount,Cache la Poudre
3089,2341,61,25,379,51,700,231,181,68,335,Cottonwood/Willow,Catacount,Cache la Poudre
3090,2328,93,26,390,241,679,250,190,51,309,Cottonwood/Willow,Catacount,Cache la Poudre
3091,2292,105,32,335,214,638,254,182,30,258,Cottonwood/Willow,Haploborolis,Cache la Poudre
3092,2254,96,33,283,182,600,251,174,24,212,Cottonwood/Willow,Haploborolis,Cache la Poudre
3093,2170,110,36,175,102,537,253,174,15,153,Cottonwood/Willow,Haploborolis,Cache la Poudre
3094,2149,112,36,150,81,524,253,177,18,150,Cottonwood/Willow,Haploborolis,Cache la Poudre
3095,2130,111,35,127,62,513,254,180,22,153,Cottonwood/Willow,Haploborolis,Cache la Poudre
3096,2110,107,32,108,59,503,254,183,30,162,Cottonwood/Willow,Haploborolis,Cache la Poudre
3097,2094,99,29,85,41,495,252,185,40,175,Cottonwood/Willow,Haploborolis,Cache la Poudre
3098,2078,90,27,67,25,488,249,187,50,192,Cottonwood/Willow,Haploborolis,Cache la Poudre
3099,2060,318,11,30,6,481,190,230,179,234,Cottonwood/Willow,Haploborolis,Cache la Poudre
3100,2071,292,26,0,0,480,140,225,221,258,Cottonwood/Willow,Vanet,Cache la Poudre
3101,2151,351,18,210,87,495,186,207,158,446,Ponderosa Pine,Catacount,Cache la Poudre
3102,2162,51,23,85,40,492,224,184,82,769,Ponderosa Pine,Cathedral,Cache la Poudre
3103,2033,52,27,67,37,390,222,170,66,722,Ponderosa Pine,Catacount,Cache la Poudre
3104,2036,285,29,42,13,400,126,224,231,649,Ponderosa Pine,Catacount,Cache la Poudre
3105,2195,277,40,228,105,511,85,212,248,553,Ponderosa Pine,Catacount,Cache la Poudre
3106,2224,288,36,242,121,531,98,210,239,547,Ponderosa Pine,Catacount,Cache la Poudre
3107,2340,212,15,342,83,816,205,253,180,633,Ponderosa Pine,Vanet,Cache la Poudre
3108,2141,33,30,258,132,457,200,161,80,466,Ponderosa Pine,Vanet,Cache la Poudre
3109,2117,38,32,228,108,402,203,154,66,408,Ponderosa Pine,Vanet,Cache la Poudre
3110,3276,221,9,300,49,3912,210,249,175,2463,Krummholz,Cryaquolis,Rawah
3111,3305,241,20,360,84,1917,178,252,208,3375,Spruce_Fir,Legault,Rawah
3112,2745,63,13,234,43,1718,231,214,113,306,Spruce_Fir,Catacount,Comanche Peak
3113,2872,225,18,285,37,1077,192,254,194,1756,Aspen,Catacount,Comanche Peak
3114,2879,188,15,256,24,1061,220,250,159,1841,Aspen,Catacount,Comanche Peak
3115,2118,200,23,30,7,594,205,253,172,484,Cottonwood/Willow,Vanet,Cache la Poudre
3116,2121,179,25,30,3,573,221,245,141,470,Cottonwood/Willow,Vanet,Cache la Poudre
3117,2118,154,21,0,0,553,239,237,117,457,Cottonwood/Willow,Vanet,Cache la Poudre
3118,2249,6,27,319,165,420,175,175,127,573,Ponderosa Pine,Catacount,Cache la Poudre
3119,2246,16,33,339,163,421,174,155,100,594,Ponderosa Pine,Catacount,Cache la Poudre
3120,2237,29,34,361,160,424,187,146,73,616,Ponderosa Pine,Catacount,Cache la Poudre
3121,2079,120,16,30,6,1288,246,225,103,607,Cottonwood/Willow,Cathedral,Cache la Poudre
3122,2073,72,2,0,0,1302,222,234,149,612,Cottonwood/Willow,Cryaquolis,Cache la Poudre
3123,2202,281,31,210,124,1434,120,224,236,700,Ponderosa Pine,Catacount,Cache la Poudre
3124,2340,309,25,192,46,1101,144,214,207,789,Ponderosa Pine,Vanet,Cache la Poudre
3125,2354,219,9,212,60,876,210,249,175,524,Cottonwood/Willow,Vanet,Cache la Poudre
3126,2358,234,15,234,68,853,194,252,194,495,Cottonwood/Willow,Vanet,Cache la Poudre
3127,2366,259,17,258,76,830,176,247,209,466,Cottonwood/Willow,Vanet,Cache la Poudre
3128,2380,62,27,335,90,764,231,173,58,379,Cottonwood/Willow,Catacount,Cache la Poudre
3129,2364,86,32,362,74,743,246,168,25,351,Cottonwood/Willow,Haploborolis,Cache la Poudre
3130,2280,125,35,323,202,661,252,191,34,242,Cottonwood/Willow,Haploborolis,Cache la Poudre
3131,2252,113,31,268,174,624,254,192,41,192,Cottonwood/Willow,Haploborolis,Cache la Poudre
3132,2211,97,38,216,139,592,249,159,1,150,Cottonwood/Willow,Haploborolis,Cache la Poudre
3133,2184,98,38,190,112,577,249,158,0,134,Cottonwood/Willow,Haploborolis,Cache la Poudre
3134,2161,102,37,162,89,564,252,166,0,124,Cottonwood/Willow,Haploborolis,Cache la Poudre
3135,2140,105,36,134,72,552,253,173,0,120,Cottonwood/Willow,Haploborolis,Cache la Poudre
3136,2103,109,30,85,35,532,254,191,41,134,Cottonwood/Willow,Haploborolis,Cache la Poudre
3137,2075,105,24,42,10,518,252,203,66,170,Cottonwood/Willow,Haploborolis,Cache la Poudre
3138,2063,81,9,30,0,514,232,225,125,192,Cottonwood/Willow,Haploborolis,Cache la Poudre
3139,2064,307,16,0,0,511,174,229,194,216,Cottonwood/Willow,Haploborolis,Cache la Poudre
3140,2196,359,23,175,35,616,179,190,143,671,Ponderosa Pine,Catacount,Cache la Poudre
3141,2035,281,28,30,12,430,133,230,230,674,Ponderosa Pine,Catacount,Cache la Poudre
3142,2178,291,36,190,88,516,99,208,236,589,Ponderosa Pine,Catacount,Cache la Poudre
3143,2132,47,27,201,123,390,217,169,70,400,Ponderosa Pine,Vanet,Cache la Poudre
3144,3247,36,4,417,20,4473,220,230,147,2223,Krummholz,Leighcan,Rawah
3145,3310,223,20,391,89,1879,191,254,195,3416,Spruce_Fir,Legault,Rawah
3146,2997,279,12,360,83,1489,186,242,195,1470,Lodgepole Pine,Catacount,Comanche Peak
3147,3036,323,15,306,56,424,181,224,182,1463,Lodgepole Pine,Catacount,Comanche Peak
3148,2740,76,20,60,11,1008,240,199,82,1409,Douglas-fir,Cryaquolis,Comanche Peak
3149,2863,210,20,297,92,1048,201,254,182,1766,Aspen,Catacount,Comanche Peak
3150,2913,337,14,228,39,1006,189,221,170,1995,Lodgepole Pine,Catacount,Comanche Peak
3151,2114,75,7,0,0,726,229,226,130,552,Cottonwood/Willow,Pachic Argiborolis,Cache la Poudre
3152,2076,322,11,0,0,1329,193,229,176,641,Cottonwood/Willow,Cryaquolis,Cache la Poudre
3153,2083,309,23,30,10,1343,150,218,205,648,Ponderosa Pine,Cryaquolis,Cache la Poudre
3154,2352,0,5,201,58,942,213,231,156,577,Cottonwood/Willow,Vanet,Cache la Poudre
3155,2348,192,9,234,54,895,220,248,162,518,Cottonwood/Willow,Vanet,Cache la Poudre
3156,2363,254,24,277,73,850,159,247,222,459,Cottonwood/Willow,Vanet,Cache la Poudre
3157,2381,250,24,300,91,828,161,248,220,430,Cottonwood/Willow,Vanet,Cache la Poudre
3158,2397,158,19,324,107,806,237,239,125,400,Cottonwood/Willow,Vanet,Cache la Poudre
3159,2376,129,39,350,86,785,249,186,25,371,Cottonwood/Willow,Haploborolis,Cache la Poudre
3160,2328,125,44,366,228,743,247,169,0,313,Cottonwood/Willow,Haploborolis,Cache la Poudre
3161,2304,126,40,350,213,722,249,179,16,285,Cottonwood/Willow,Haploborolis,Cache la Poudre
3162,2285,128,38,335,198,703,250,186,25,256,Cottonwood/Willow,Haploborolis,Cache la Poudre
3163,2266,130,36,313,179,684,250,194,38,228,Cottonwood/Willow,Haploborolis,Cache la Poudre
3164,2252,136,32,285,174,666,249,207,58,201,Cottonwood/Willow,Haploborolis,Cache la Poudre
3165,2240,133,32,256,162,649,251,206,58,175,Cottonwood/Willow,Haploborolis,Cache la Poudre
3166,2226,120,33,228,148,633,254,193,38,150,Cottonwood/Willow,Haploborolis,Cache la Poudre
3167,2183,98,38,175,111,604,249,158,0,108,Cottonwood/Willow,Haploborolis,Cache la Poudre
3168,2161,98,38,150,89,591,250,160,3,95,Cottonwood/Willow,Haploborolis,Cache la Poudre
3169,2117,101,33,95,49,569,253,177,26,95,Cottonwood/Willow,Haploborolis,Cache la Poudre
3170,2099,104,29,67,31,560,253,189,42,108,Cottonwood/Willow,Haploborolis,Cache la Poudre
3171,2084,106,26,42,16,553,253,197,54,127,Cottonwood/Willow,Haploborolis,Cache la Poudre
3172,2065,338,8,0,0,543,202,228,165,175,Cottonwood/Willow,Haploborolis,Cache la Poudre
3173,2073,312,24,0,0,541,150,215,202,201,Cottonwood/Willow,Vanet,Cache la Poudre
3174,2141,293,28,124,77,541,131,221,224,342,Ponderosa Pine,Catacount,Cache la Poudre
3175,2175,337,20,242,111,560,172,208,173,459,Ponderosa Pine,Catacount,Cache la Poudre
3176,2192,331,25,277,31,591,153,200,181,547,Ponderosa Pine,Catacount,Cache la Poudre
3177,2198,332,24,247,37,604,156,201,179,577,Ponderosa Pine,Catacount,Cache la Poudre
3178,2205,333,23,218,44,618,160,203,179,607,Ponderosa Pine,Catacount,Cache la Poudre
3179,2090,37,28,108,28,451,207,168,81,660,Ponderosa Pine,Catacount,Cache la Poudre
3180,2141,143,26,175,132,379,247,223,87,395,Ponderosa Pine,Vanet,Cache la Poudre
3181,3250,32,9,376,23,4439,218,221,138,2262,Krummholz,Leighcan,Rawah
3182,3252,340,6,300,25,4350,208,232,162,2297,Krummholz,Leighcan,Rawah
3183,3245,53,2,234,18,4261,221,234,150,2335,Krummholz,Leighcan,Rawah
3184,2955,155,18,297,54,426,238,239,124,834,Aspen,Catacount,Comanche Peak
3185,2825,83,25,190,79,865,245,188,57,1291,Aspen,Catacount,Comanche Peak
3186,2810,90,29,162,64,890,249,180,38,1317,Aspen,Catacount,Comanche Peak
3187,2790,95,32,134,51,916,251,175,27,1343,Aspen,Catacount,Comanche Peak
3188,2771,96,29,108,32,942,251,185,41,1370,Aspen,Catacount,Comanche Peak
3189,2848,215,18,255,77,1026,200,254,185,1749,Aspen,Catacount,Comanche Peak
3190,2856,223,13,300,85,1012,203,252,183,1805,Aspen,Catacount,Comanche Peak
3191,2121,0,9,0,0,768,206,222,154,553,Cottonwood/Willow,Pachic Argiborolis,Cache la Poudre
3192,2126,2,36,30,15,618,146,147,120,417,Ponderosa Pine,Pachic Argiborolis,Cache la Poudre
3193,2161,333,36,85,53,537,117,170,178,365,Ponderosa Pine,Catacount,Cache la Poudre
3194,2224,61,29,443,147,495,229,168,52,624,Ponderosa Pine,Catacount,Cache la Poudre
3195,2190,1,41,524,33,566,133,133,113,778,Ponderosa Pine,Catacount,Cache la Poudre
3196,2193,8,41,518,36,582,140,126,97,805,Ponderosa Pine,Catacount,Cache la Poudre
3197,2078,326,9,0,0,1342,198,230,172,666,Cottonwood/Willow,Cryaquolis,Cache la Poudre
3198,2320,337,11,339,36,1262,196,225,168,912,Ponderosa Pine,Vanet,Cache la Poudre
3199,2360,257,11,228,66,1107,193,247,192,752,Cottonwood/Willow,Vanet,Cache la Poudre
3200,2365,57,21,212,71,1008,229,191,86,633,Cottonwood/Willow,Vanet,Cache la Poudre
3201,2358,73,12,218,64,984,234,217,113,603,Cottonwood/Willow,Vanet,Cache la Poudre
3202,2348,136,13,242,54,937,240,234,121,543,Cottonwood/Willow,Vanet,Cache la Poudre
3203,2342,180,12,258,48,914,224,247,154,514,Cottonwood/Willow,Vanet,Cache la Poudre
3204,2372,213,21,319,82,849,196,254,187,424,Cottonwood/Willow,Vanet,Cache la Poudre
3205,2348,136,46,366,58,806,238,173,9,365,Cottonwood/Willow,Haploborolis,Cache la Poudre
3206,2325,137,46,361,225,785,238,175,12,335,Cottonwood/Willow,Haploborolis,Cache la Poudre
3207,2271,128,37,309,180,726,251,191,33,247,Cottonwood/Willow,Haploborolis,Cache la Poudre
3208,2252,128,35,295,165,708,252,195,39,218,Cottonwood/Willow,Haploborolis,Cache la Poudre
3209,2238,134,32,277,151,691,250,207,58,190,Cottonwood/Willow,Haploborolis,Cache la Poudre
3210,2199,119,33,190,121,644,254,191,35,108,Cottonwood/Willow,Haploborolis,Cache la Poudre
3211,2153,103,38,134,81,618,251,163,0,67,Cottonwood/Willow,Haploborolis,Cache la Poudre
3212,2113,101,33,85,41,598,253,177,24,67,Cottonwood/Willow,Haploborolis,Cache la Poudre
3213,2095,105,30,60,27,589,254,187,37,85,Cottonwood/Willow,Haploborolis,Cache la Poudre
3214,2080,106,24,30,12,582,252,202,64,108,Cottonwood/Willow,Haploborolis,Cache la Poudre
3215,2068,74,6,0,0,577,228,228,135,134,Cottonwood/Willow,Haploborolis,Cache la Poudre
3216,2073,312,18,0,0,573,168,224,195,162,Cottonwood/Willow,Vanet,Cache la Poudre
3217,2290,119,34,134,61,1024,254,189,32,850,Ponderosa Pine,Vanet,Cache la Poudre
3218,2254,121,34,108,56,964,254,191,35,891,Ponderosa Pine,Vanet,Cache la Poudre
3219,3252,2,8,335,25,4406,209,225,154,2301,Krummholz,Leighcan,Rawah
3220,3227,187,34,371,104,2683,202,240,144,3132,Lodgepole Pine,Legault,Rawah
3221,3175,183,15,30,-12,2242,222,249,155,3290,Spruce_Fir,Legault,Rawah
3222,2963,181,26,190,45,297,218,245,143,778,Aspen,Catacount,Comanche Peak
3223,2958,156,24,216,45,339,239,234,110,808,Aspen,Catacount,Comanche Peak
3224,2944,163,19,277,43,408,234,242,130,858,Aspen,Catacount,Comanche Peak
3225,2943,169,17,277,88,433,231,245,140,876,Aspen,Catacount,Comanche Peak
3226,2927,149,11,270,72,558,234,240,135,997,Aspen,Catacount,Comanche Peak
3227,2916,135,11,270,61,616,237,235,127,1064,Aspen,Catacount,Comanche Peak
3228,2904,111,12,272,49,658,241,227,114,1110,Aspen,Catacount,Comanche Peak
3229,2741,262,13,0,0,1033,189,246,196,1489,Douglas-fir,Cryaquolis,Comanche Peak
3230,2821,239,20,170,59,1025,178,252,207,1678,Aspen,Catacount,Comanche Peak
3231,2848,244,16,258,77,990,186,251,201,1788,Aspen,Catacount,Comanche Peak
3232,2371,274,24,350,46,210,150,238,224,778,Ponderosa Pine,Catacount,Cache la Poudre
3233,2431,280,22,390,135,330,156,237,218,886,Ponderosa Pine,Catacount,Cache la Poudre
3234,2130,76,6,0,0,957,228,229,136,603,Cottonwood/Willow,Pachic Argiborolis,Cache la Poudre
3235,2126,345,7,0,0,882,206,229,161,601,Cottonwood/Willow,Pachic Argiborolis,Cache la Poudre
3236,2128,2,11,0,0,858,205,219,151,603,Cottonwood/Willow,Pachic Argiborolis,Cache la Poudre
3237,2235,40,28,467,152,524,209,166,75,607,Ponderosa Pine,Catacount,Cache la Poudre
3238,2076,275,3,0,0,1356,212,240,166,693,Cottonwood/Willow,Cathedral,Cache la Poudre
3239,2170,273,28,175,95,1473,133,234,233,752,Ponderosa Pine,Catacount,Cache la Poudre
3240,2189,270,33,201,108,1489,116,229,241,765,Ponderosa Pine,Catacount,Cache la Poudre
3241,2310,300,22,400,238,1355,155,225,209,876,Ponderosa Pine,Vanet,Cache la Poudre
3242,2343,233,12,283,49,1173,200,251,187,811,Cottonwood/Willow,Vanet,Cache la Poudre
3243,2349,227,15,268,55,1148,196,253,191,781,Cottonwood/Willow,Vanet,Cache la Poudre
3244,2353,239,15,256,59,1123,191,252,197,751,Cottonwood/Willow,Vanet,Cache la Poudre
3245,2362,266,20,247,68,1099,164,244,217,721,Cottonwood/Willow,Vanet,Cache la Poudre
3246,2378,280,18,242,84,1074,169,239,209,691,Cottonwood/Willow,Vanet,Cache la Poudre
3247,2384,81,11,240,90,1050,235,221,117,661,Cottonwood/Willow,Vanet,Cache la Poudre
3248,2368,102,26,242,74,1026,252,196,55,631,Cottonwood/Willow,Vanet,Cache la Poudre
3249,2354,126,22,247,60,1003,250,219,85,601,Cottonwood/Willow,Vanet,Cache la Poudre
3250,2347,144,20,256,53,979,244,232,108,571,Cottonwood/Willow,Vanet,Cache la Poudre
3251,2341,234,23,300,47,912,174,253,209,481,Cottonwood/Willow,Vanet,Cache la Poudre
3252,2366,179,18,339,72,870,224,248,149,421,Cottonwood/Willow,Vanet,Cache la Poudre
3253,2354,129,35,361,64,849,251,195,40,391,Cottonwood/Willow,Vanet,Cache la Poudre
3254,2330,123,41,361,230,828,249,173,0,361,Cottonwood/Willow,Haploborolis,Cache la Poudre
3255,2309,125,40,339,209,807,250,178,15,331,Cottonwood/Willow,Haploborolis,Cache la Poudre
3256,2287,128,39,319,187,787,249,185,23,301,Cottonwood/Willow,Haploborolis,Cache la Poudre
3257,2241,128,34,268,150,732,252,197,42,212,Cottonwood/Willow,Haploborolis,Cache la Poudre
3258,2212,134,31,242,125,700,250,208,61,153,Cottonwood/Willow,Haploborolis,Cache la Poudre
3259,2188,128,31,182,110,671,252,203,52,95,Cottonwood/Willow,Haploborolis,Cache la Poudre
3260,2172,115,36,153,94,658,253,179,20,67,Cottonwood/Willow,Haploborolis,Cache la Poudre
3261,2149,108,37,124,77,646,253,170,9,42,Cottonwood/Willow,Haploborolis,Cache la Poudre
3262,2090,105,31,42,18,618,254,186,36,67,Cottonwood/Willow,Haploborolis,Cache la Poudre
3263,2073,102,18,30,5,612,247,215,90,95,Cottonwood/Willow,Haploborolis,Cache la Poudre
3264,2070,317,9,0,0,607,196,232,176,124,Cottonwood/Willow,Haploborolis,Cache la Poudre
3265,2136,39,28,30,-3,564,208,167,78,636,Ponderosa Pine,Catacount,Cache la Poudre
3266,2119,3,21,108,-1,524,186,194,141,607,Ponderosa Pine,Catacount,Cache la Poudre
3267,2118,19,20,124,11,518,201,194,124,603,Ponderosa Pine,Catacount,Cache la Poudre
3268,2193,265,36,108,75,592,110,229,244,677,Ponderosa Pine,Catacount,Cache la Poudre
3269,2315,204,14,234,58,914,212,252,172,752,Ponderosa Pine,Vanet,Cache la Poudre
3270,2087,145,35,127,78,365,243,210,64,390,Ponderosa Pine,Vanet,Cache la Poudre
3271,2075,157,40,108,66,335,229,210,71,360,Ponderosa Pine,Vanet,Cache la Poudre
3272,2796,278,18,272,121,2208,168,240,210,247,Lodgepole Pine,Catacount,Comanche Peak
3273,2816,269,19,319,105,2256,168,243,213,306,Lodgepole Pine,Catacount,Comanche Peak
3274,2947,179,27,150,29,255,220,244,140,792,Aspen,Catacount,Comanche Peak
3275,2948,180,27,162,35,277,218,245,142,805,Aspen,Catacount,Comanche Peak
3276,2946,166,25,192,38,319,231,239,124,834,Aspen,Catacount,Comanche Peak
3277,2934,167,18,255,42,391,232,244,136,882,Aspen,Catacount,Comanche Peak
3278,2906,130,11,240,51,616,239,234,123,1106,Aspen,Catacount,Comanche Peak
3279,2739,86,7,0,0,993,231,228,130,1477,Douglas-fir,Cryaquolis,Comanche Peak
3280,2814,228,20,150,52,997,187,254,198,1691,Aspen,Catacount,Comanche Peak
3281,2882,286,17,350,83,938,170,237,206,1911,Spruce_Fir,Catacount,Comanche Peak
3282,2240,3,34,466,83,618,155,156,123,752,Ponderosa Pine,Catacount,Cache la Poudre
3283,2252,307,16,443,110,811,173,229,195,997,Ponderosa Pine,Catacount,Cache la Poudre
3284,2075,292,9,0,0,1383,196,239,183,722,Cottonwood/Willow,Cryaquolis,Cache la Poudre
3285,2111,300,30,60,33,1409,123,212,222,730,Ponderosa Pine,Catacount,Cache la Poudre
3286,2336,235,6,342,42,1240,210,245,173,870,Cottonwood/Willow,Vanet,Cache la Poudre
3287,2336,200,8,324,42,1215,217,247,165,840,Cottonwood/Willow,Vanet,Cache la Poudre
3288,2336,204,12,309,42,1190,213,251,171,810,Cottonwood/Willow,Vanet,Cache la Poudre
3289,2350,251,20,285,56,1140,172,249,213,750,Cottonwood/Willow,Vanet,Cache la Poudre
3290,2377,253,16,272,83,1092,183,249,203,690,Cottonwood/Willow,Vanet,Cache la Poudre
3291,2335,150,25,285,41,999,242,230,100,570,Cottonwood/Willow,Vanet,Cache la Poudre
3292,2329,157,23,295,35,977,238,236,114,540,Cottonwood/Willow,Haploborolis,Cache la Poudre
3293,2325,189,19,309,31,955,217,251,159,510,Cottonwood/Willow,Haploborolis,Cache la Poudre
3294,2346,224,28,342,52,912,171,252,205,450,Cottonwood/Willow,Vanet,Cache la Poudre
3295,2353,172,21,361,59,891,229,244,137,420,Cottonwood/Willow,Vanet,Cache la Poudre
3296,2341,121,33,361,237,870,254,192,37,390,Cottonwood/Willow,Vanet,Cache la Poudre
3297,2318,112,38,339,214,850,253,173,11,360,Cottonwood/Willow,Haploborolis,Cache la Poudre
3298,2298,112,37,319,198,830,253,173,12,330,Cottonwood/Willow,Haploborolis,Cache la Poudre
3299,2243,129,34,258,143,774,252,199,46,240,Cottonwood/Willow,Haploborolis,Cache la Poudre
3300,2228,130,33,242,128,757,252,200,47,210,Cottonwood/Willow,Haploborolis,Cache la Poudre
3301,2214,131,31,228,123,741,252,206,57,180,Cottonwood/Willow,Haploborolis,Cache la Poudre
3302,2201,131,30,218,114,726,252,208,61,150,Cottonwood/Willow,Haploborolis,Cache la Poudre
3303,2188,132,29,201,101,711,251,211,66,120,Cottonwood/Willow,Haploborolis,Cache la Poudre
3304,2161,117,33,150,83,685,254,191,37,60,Cottonwood/Willow,Haploborolis,Cache la Poudre
3305,2103,108,32,60,31,655,254,184,31,30,Cottonwood/Willow,Haploborolis,Cache la Poudre
3306,2072,68,8,0,0,641,228,225,130,90,Cottonwood/Willow,Haploborolis,Cache la Poudre
3307,2148,240,34,60,45,591,136,244,229,674,Ponderosa Pine,Catacount,Cache la Poudre
3308,2212,251,38,108,82,633,114,235,241,700,Ponderosa Pine,Catacount,Cache la Poudre
3309,2317,192,10,150,60,1003,219,248,162,824,Ponderosa Pine,Vanet,Cache la Poudre
3310,2294,113,32,108,65,1050,254,189,36,876,Ponderosa Pine,Vanet,Cache la Poudre
3311,2074,131,34,108,65,361,251,198,44,391,Ponderosa Pine,Vanet,Cache la Poudre
3312,3248,224,14,212,26,3863,201,253,186,2605,Krummholz,Cryaquolis,Rawah
3313,3271,169,8,420,95,3356,227,244,149,2912,Spruce_Fir,Cryaquolis,Rawah
3314,2773,96,7,268,49,1739,232,230,131,430,Spruce_Fir,Catacount,Comanche Peak
3315,2932,177,26,150,24,277,222,244,138,845,Aspen,Catacount,Comanche Peak
3316,2929,167,21,212,37,350,232,242,131,890,Aspen,Catacount,Comanche Peak
3317,2913,173,17,210,58,511,228,246,143,1040,Aspen,Catacount,Comanche Peak
3318,2806,111,30,153,51,819,254,193,43,1340,Aspen,Catacount,Comanche Peak
3319,2746,93,13,30,7,953,240,220,108,1466,Douglas-fir,Cryaquolis,Comanche Peak
3320,2799,232,20,108,37,981,183,253,203,1677,Aspen,Catacount,Comanche Peak
3321,2339,180,1,361,-49,67,219,239,157,618,Ponderosa Pine,Vanet,Cache la Poudre
3322,2143,101,6,0,0,934,230,232,135,684,Cottonwood/Willow,Pachic Argiborolis,Cache la Poudre
3323,2144,357,12,30,-3,955,200,217,154,677,Cottonwood/Willow,Pachic Argiborolis,Cache la Poudre
3324,2148,358,24,60,18,942,175,187,143,631,Ponderosa Pine,Catacount,Cache la Poudre
3325,2270,2,17,402,183,570,194,206,146,426,Ponderosa Pine,Catacount,Cache la Poudre
3326,2328,286,12,446,44,1358,185,239,194,942,Ponderosa Pine,Vanet,Cache la Poudre
3327,2331,135,1,424,37,1333,221,238,153,960,Cottonwood/Willow,Vanet,Cache la Poudre
3328,2329,191,12,384,35,1282,219,249,162,900,Cottonwood/Willow,Vanet,Cache la Poudre
3329,2331,185,15,350,37,1231,222,249,156,841,Cottonwood/Willow,Vanet,Cache la Poudre
3330,2331,198,14,335,37,1207,215,251,167,811,Cottonwood/Willow,Vanet,Cache la Poudre
3331,2334,234,18,323,40,1182,186,253,200,781,Cottonwood/Willow,Vanet,Cache la Poudre
3332,2346,255,25,313,52,1158,154,246,225,751,Cottonwood/Willow,Vanet,Cache la Poudre
3333,2362,261,26,306,68,1134,149,243,227,721,Cottonwood/Willow,Vanet,Cache la Poudre
3334,2368,125,29,300,74,1087,253,205,58,661,Cottonwood/Willow,Vanet,Cache la Poudre
3335,2331,133,30,306,37,1041,251,210,63,601,Cottonwood/Willow,Haploborolis,Cache la Poudre
3336,2322,149,26,313,28,1019,243,227,95,571,Cottonwood/Willow,Haploborolis,Cache la Poudre
3337,2315,164,24,323,21,997,234,239,122,541,Cottonwood/Willow,Haploborolis,Cache la Poudre
3338,2315,196,21,335,21,976,210,252,168,511,Cottonwood/Willow,Haploborolis,Cache la Poudre
3339,2333,229,26,366,39,933,171,253,208,451,Cottonwood/Willow,Vanet,Cache la Poudre
3340,2232,120,32,234,132,799,254,194,40,242,Cottonwood/Willow,Haploborolis,Cache la Poudre
3341,2216,124,31,216,116,782,253,200,48,212,Cottonwood/Willow,Haploborolis,Cache la Poudre
3342,2202,129,30,201,102,767,252,207,59,182,Cottonwood/Willow,Haploborolis,Cache la Poudre
3343,2139,101,32,108,61,702,253,180,30,42,Cottonwood/Willow,Haploborolis,Cache la Poudre
3344,2117,22,30,162,93,570,186,161,96,541,Ponderosa Pine,Catacount,Cache la Poudre
3345,2301,124,26,95,44,1068,253,210,67,882,Ponderosa Pine,Vanet,Cache la Poudre
3346,3233,210,9,127,11,3949,213,249,171,2583,Krummholz,Cryaquolis,Rawah
3347,3235,199,24,330,20,1930,203,252,171,3503,Spruce_Fir,Legault,Rawah
3348,2918,182,20,127,17,258,222,248,150,872,Aspen,Catacount,Comanche Peak
3349,2910,168,24,190,55,390,231,241,127,949,Aspen,Catacount,Comanche Peak
3350,2903,174,22,180,48,469,227,245,138,1041,Aspen,Catacount,Comanche Peak
3351,2900,140,8,182,57,600,233,238,137,1168,Aspen,Catacount,Comanche Peak
3352,2785,114,26,120,30,832,254,203,60,1381,Aspen,Catacount,Comanche Peak
3353,2759,109,18,60,13,886,248,217,90,1431,Aspen,Cryaquolis,Comanche Peak
3354,2753,102,13,30,7,914,242,222,107,1456,Aspen,Cryaquolis,Comanche Peak
3355,2153,158,24,0,0,900,237,236,114,741,Cottonwood/Willow,Pachic Argiborolis,Cache la Poudre
3356,2143,135,2,0,0,937,222,238,151,721,Cottonwood/Willow,Pachic Argiborolis,Cache la Poudre
3357,2166,353,27,90,40,892,163,181,149,537,Ponderosa Pine,Catacount,Cache la Poudre
3358,2281,14,28,408,124,824,181,169,112,1019,Ponderosa Pine,Catacount,Cache la Poudre
3359,2109,160,25,30,4,1376,236,236,114,789,Cottonwood/Willow,Cathedral,Cache la Poudre
3360,2106,194,23,30,7,1385,209,251,165,785,Cottonwood/Willow,Cathedral,Cache la Poudre
3361,2112,268,34,60,37,1463,115,230,242,789,Ponderosa Pine,Catacount,Cache la Poudre
3362,2321,139,14,426,27,1323,240,235,122,932,Cottonwood/Willow,Vanet,Cache la Poudre
3363,2319,183,19,391,25,1273,222,249,152,872,Cottonwood/Willow,Vanet,Cache la Poudre
3364,2328,243,21,351,34,1200,175,251,210,782,Cottonwood/Willow,Vanet,Cache la Poudre
3365,2342,257,28,342,48,1176,145,243,230,752,Cottonwood/Willow,Vanet,Cache la Poudre
3366,2360,251,25,335,66,1153,158,248,222,722,Cottonwood/Willow,Vanet,Cache la Poudre
3367,2356,124,33,330,62,1106,253,194,39,663,Cottonwood/Willow,Vanet,Cache la Poudre
3368,2309,145,26,342,15,1040,245,225,91,573,Cottonwood/Willow,Haploborolis,Cache la Poudre
3369,2304,211,20,362,10,997,199,254,183,514,Cottonwood/Willow,Haploborolis,Cache la Poudre
3370,2325,243,23,366,212,955,167,251,216,454,Cottonwood/Willow,Haploborolis,Cache la Poudre
3371,2337,206,11,342,226,934,213,250,171,424,Cottonwood/Willow,Vanet,Cache la Poudre
3372,2315,103,37,297,204,895,252,166,6,365,Cottonwood/Willow,Haploborolis,Cache la Poudre
3373,2289,105,41,277,185,876,250,157,0,335,Cottonwood/Willow,Haploborolis,Cache la Poudre
3374,2264,109,39,255,160,858,252,167,0,306,Cottonwood/Willow,Haploborolis,Cache la Poudre
3375,2224,115,32,212,124,824,254,190,36,247,Cottonwood/Willow,Haploborolis,Cache la Poudre
3376,2179,126,27,162,79,778,253,209,65,162,Cottonwood/Willow,Haploborolis,Cache la Poudre
3377,2167,129,26,153,76,765,252,214,73,134,Cottonwood/Willow,Haploborolis,Cache la Poudre
3378,2146,126,25,124,59,741,252,214,74,85,Cottonwood/Willow,Haploborolis,Cache la Poudre
3379,2137,113,29,95,59,731,254,195,47,67,Cottonwood/Willow,Haploborolis,Cache la Poudre
3380,2095,98,31,42,17,713,252,180,32,67,Cottonwood/Willow,Haploborolis,Cache la Poudre
3381,2078,97,16,30,2,706,244,215,95,85,Cottonwood/Willow,Haploborolis,Cache la Poudre
3382,2078,279,9,0,0,700,196,241,184,108,Cottonwood/Willow,Vanet,Cache la Poudre
3383,2131,11,34,150,90,600,164,151,106,514,Ponderosa Pine,Catacount,Cache la Poudre
3384,2091,5,30,30,16,607,167,167,124,552,Ponderosa Pine,Catacount,Cache la Poudre
3385,2290,131,30,67,33,1080,252,208,60,907,Ponderosa Pine,Vanet,Cache la Poudre
3386,2203,59,21,0,0,900,231,190,83,934,Cottonwood/Willow,Vanet,Cache la Poudre
3387,2195,50,26,30,-2,870,221,176,74,904,Cottonwood/Willow,Vanet,Cache la Poudre
3388,2162,73,27,0,0,810,239,177,51,845,Cottonwood/Willow,Vanet,Cache la Poudre
3389,2149,98,19,0,0,780,247,210,84,815,Cottonwood/Willow,Vanet,Cache la Poudre
3390,2004,106,10,0,0,240,238,228,120,285,Cottonwood/Willow,Vanet,Cache la Poudre
3391,1990,126,10,0,0,180,238,233,125,228,Cottonwood/Willow,Vanet,Cache la Poudre
3392,3256,73,16,182,29,4275,237,207,96,2458,Krummholz,Leighcan,Rawah
3393,3237,130,8,95,10,4186,233,236,135,2496,Krummholz,Leighcan,Rawah
3394,3231,158,8,42,4,4126,229,242,146,2522,Krummholz,Leighcan,Rawah
3395,2996,149,27,417,115,832,243,227,95,2657,Spruce_Fir,Legault,Rawah
3396,3018,330,17,134,30,180,177,216,178,1406,Lodgepole Pine,Catacount,Comanche Peak
3397,2911,163,15,150,19,295,233,243,137,927,Aspen,Catacount,Comanche Peak
3398,2907,155,17,170,23,323,237,239,126,942,Aspen,Catacount,Comanche Peak
3399,2899,158,20,162,44,362,237,239,122,973,Aspen,Catacount,Comanche Peak
3400,2894,161,14,153,54,582,233,242,136,1189,Aspen,Catacount,Comanche Peak
3401,2889,141,15,162,53,607,241,235,119,1211,Aspen,Catacount,Comanche Peak
3402,2780,105,21,108,25,819,250,208,75,1398,Aspen,Catacount,Comanche Peak
3403,2758,89,16,60,12,875,243,212,95,1448,Aspen,Cryaquolis,Comanche Peak
3404,2367,256,23,457,7,228,159,247,221,731,Ponderosa Pine,Catacount,Cache la Poudre
3405,2145,144,9,0,0,907,233,239,137,780,Cottonwood/Willow,Pachic Argiborolis,Cache la Poudre
3406,2177,1,23,95,38,1026,182,191,142,664,Ponderosa Pine,Catacount,Cache la Poudre
3407,2241,333,27,180,129,741,149,195,179,297,Ponderosa Pine,Catacount,Cache la Poudre
3408,2307,358,29,365,150,726,164,175,139,779,Ponderosa Pine,Catacount,Cache la Poudre
3409,2304,359,31,360,147,757,158,166,133,837,Ponderosa Pine,Catacount,Cache la Poudre
3410,2308,354,29,360,151,792,159,175,144,895,Ponderosa Pine,Catacount,Cache la Poudre
3411,2107,242,24,0,0,1418,166,251,216,812,Cottonwood/Willow,Cathedral,Cache la Poudre
3412,2100,76,27,30,19,1430,241,179,50,811,Cottonwood/Willow,Cathedral,Cache la Poudre
3413,2108,274,33,60,31,1448,116,227,240,819,Ponderosa Pine,Catacount,Cache la Poudre
3414,2151,279,33,120,75,1463,113,223,239,830,Ponderosa Pine,Catacount,Cache la Poudre
3415,2310,286,28,391,225,1466,132,226,228,942,Ponderosa Pine,Catacount,Cache la Poudre
3416,2317,109,17,450,23,1340,247,219,96,934,Cottonwood/Willow,Vanet,Cache la Poudre
3417,2310,145,15,433,16,1315,240,236,122,904,Cottonwood/Willow,Vanet,Cache la Poudre
3418,2310,202,17,402,16,1266,210,253,172,845,Cottonwood/Willow,Vanet,Cache la Poudre
3419,2314,237,17,390,20,1242,187,253,200,815,Cottonwood/Willow,Vanet,Cache la Poudre
3420,2325,266,24,379,31,1218,151,242,225,785,Cottonwood/Willow,Vanet,Cache la Poudre
3421,2355,253,17,365,61,1172,180,249,206,726,Cottonwood/Willow,Vanet,Cache la Poudre
3422,2360,143,18,361,66,1149,243,233,111,696,Cottonwood/Willow,Vanet,Cache la Poudre
3423,2323,121,35,361,29,1104,253,188,30,636,Cottonwood/Willow,Haploborolis,Cache la Poudre
3424,2308,129,30,365,14,1082,252,207,60,607,Cottonwood/Willow,Haploborolis,Cache la Poudre
3425,2291,177,17,379,-2,1040,226,247,147,547,Cottonwood/Willow,Haploborolis,Cache la Poudre
3426,2322,246,21,350,209,977,171,251,213,459,Cottonwood/Willow,Haploborolis,Cache la Poudre
3427,2331,185,15,324,218,957,221,249,157,430,Cottonwood/Willow,Vanet,Cache la Poudre
3428,2304,117,41,277,193,918,251,169,3,371,Cottonwood/Willow,Haploborolis,Cache la Poudre
3429,2278,115,43,255,167,900,249,159,0,342,Cottonwood/Willow,Haploborolis,Cache la Poudre
3430,2253,117,41,234,149,882,251,168,0,313,Cottonwood/Willow,Haploborolis,Cache la Poudre
3431,2216,122,33,192,116,849,254,193,37,256,Cottonwood/Willow,Haploborolis,Cache la Poudre
3432,2199,122,31,170,99,834,254,199,48,228,Cottonwood/Willow,Haploborolis,Cache la Poudre
3433,2185,121,28,150,85,819,254,205,59,201,Cottonwood/Willow,Haploborolis,Cache la Poudre
3434,2159,125,25,124,59,792,252,213,72,150,Cottonwood/Willow,Haploborolis,Cache la Poudre
3435,2124,128,29,85,37,759,253,207,59,95,Cottonwood/Willow,Haploborolis,Cache la Poudre
3436,2110,113,30,60,32,750,254,194,44,90,Cottonwood/Willow,Haploborolis,Cache la Poudre
3437,2078,85,13,0,0,735,238,218,109,108,Cottonwood/Willow,Haploborolis,Cache la Poudre
3438,2165,305,29,175,97,720,128,210,215,285,Ponderosa Pine,Catacount,Cache la Poudre
3439,2233,326,26,319,162,735,148,202,189,459,Ponderosa Pine,Catacount,Cache la Poudre
3440,2239,329,25,342,175,742,154,202,184,488,Ponderosa Pine,Catacount,Cache la Poudre
3441,2217,68,18,30,-11,930,236,200,89,967,Cottonwood/Willow,Vanet,Cache la Poudre
3442,2139,83,24,0,0,750,245,189,60,789,Cottonwood/Willow,Vanet,Cache la Poudre
3443,2106,148,21,30,3,630,243,233,109,671,Ponderosa Pine,Vanet,Cache la Poudre
3444,2008,21,3,0,0,270,217,232,152,323,Cottonwood/Willow,Pachic Argiborolis,Cache la Poudre
3445,2011,8,15,30,2,240,202,209,143,295,Cottonwood/Willow,Pachic Argiborolis,Cache la Poudre
3446,2006,35,23,30,2,210,210,182,97,268,Cottonwood/Willow,Pachic Argiborolis,Cache la Poudre
3447,3236,228,11,150,15,3854,203,251,183,2681,Krummholz,Cryaquolis,Rawah
3448,2897,54,10,612,147,1490,226,218,124,888,Lodgepole Pine,Catacount,Comanche Peak
3449,2833,106,20,446,82,1634,249,211,81,684,Aspen,Catacount,Comanche Peak
3450,2905,183,16,108,13,256,222,249,154,939,Aspen,Catacount,Comanche Peak
3451,2899,154,18,150,15,313,239,238,122,967,Aspen,Catacount,Comanche Peak
3452,2885,153,18,124,30,350,239,238,122,1015,Aspen,Catacount,Comanche Peak
3453,2880,170,19,120,25,366,230,244,137,1032,Aspen,Catacount,Comanche Peak
3454,2881,175,21,120,26,384,226,246,141,1050,Aspen,Catacount,Comanche Peak
3455,2869,124,22,150,46,644,251,217,82,1276,Aspen,Catacount,Comanche Peak
3456,2376,249,24,497,16,268,163,249,219,750,Ponderosa Pine,Catacount,Cache la Poudre
3457,2149,68,9,0,0,916,229,223,126,819,Cottonwood/Willow,Pachic Argiborolis,Cache la Poudre
3458,2151,349,12,30,1,932,198,220,161,808,Cottonwood/Willow,Pachic Argiborolis,Cache la Poudre
3459,2267,335,27,212,155,738,149,192,176,234,Ponderosa Pine,Catacount,Cache la Poudre
3460,2287,347,35,268,178,684,134,162,152,180,Ponderosa Pine,Catacount,Cache la Poudre
3461,2104,134,15,0,0,1380,243,231,113,859,Cottonwood/Willow,Cathedral,Cache la Poudre
3462,2103,25,4,0,0,1381,218,231,150,853,Cottonwood/Willow,Cathedral,Cache la Poudre
3463,2102,31,14,30,-2,1383,216,209,127,849,Cottonwood/Willow,Cryaquolis,Cache la Poudre
3464,2095,8,9,30,-3,1385,210,223,150,845,Cottonwood/Willow,Cryaquolis,Cache la Poudre
3465,2101,268,18,0,0,1388,172,244,210,842,Cottonwood/Willow,Cryaquolis,Cache la Poudre
3466,2093,16,6,0,0,1406,215,227,149,842,Cottonwood/Willow,Cryaquolis,Cache la Poudre
3467,2256,301,28,330,181,1505,132,215,217,926,Ponderosa Pine,Catacount,Cache la Poudre
3468,2328,91,16,492,34,1381,243,214,97,967,Cottonwood/Willow,Vanet,Cache la Poudre
3469,2305,119,18,458,11,1332,248,222,96,908,Cottonwood/Willow,Vanet,Cache la Poudre
3470,2298,126,29,395,4,1103,253,206,60,612,Cottonwood/Willow,Haploborolis,Cache la Poudre
3471,2287,141,22,400,167,1082,246,228,99,582,Cottonwood/Willow,Haploborolis,Cache la Poudre
3472,2320,229,20,324,207,999,187,254,199,466,Cottonwood/Willow,Haploborolis,Cache la Poudre
3473,2319,160,22,309,206,979,237,239,121,437,Cottonwood/Willow,Vanet,Cache la Poudre
3474,2311,135,35,283,198,960,249,199,46,408,Cottonwood/Willow,Haploborolis,Cache la Poudre
3475,2220,125,37,192,116,890,252,188,29,295,Cottonwood/Willow,Haploborolis,Cache la Poudre
3476,2203,128,34,170,99,875,252,196,41,268,Cottonwood/Willow,Haploborolis,Cache la Poudre
3477,2188,129,31,150,88,860,252,204,55,242,Cottonwood/Willow,Haploborolis,Cache la Poudre
3478,2164,128,28,108,64,832,252,209,64,192,Cottonwood/Willow,Haploborolis,Cache la Poudre
3479,2126,133,31,85,35,797,251,208,60,134,Cottonwood/Willow,Haploborolis,Cache la Poudre
3480,2112,135,28,67,25,787,250,215,72,124,Cottonwood/Willow,Haploborolis,Cache la Poudre
3481,2103,126,24,42,16,779,251,216,78,120,Cottonwood/Willow,Haploborolis,Cache la Poudre
3482,2080,62,8,0,0,765,227,223,130,134,Cottonwood/Willow,Vanet,Cache la Poudre
3483,2289,36,36,192,128,782,192,140,57,595,Ponderosa Pine,Vanet,Cache la Poudre
3484,2257,102,16,0,0,1050,245,217,96,973,Cottonwood/Willow,Vanet,Cache la Poudre
3485,2250,72,17,0,0,1020,237,206,95,990,Cottonwood/Willow,Vanet,Cache la Poudre
3486,1997,45,25,0,0,150,218,177,81,234,Cottonwood/Willow,Pachic Argiborolis,Cache la Poudre
3487,3224,223,8,85,3,3912,210,248,174,2676,Krummholz,Cryaquolis,Rawah
3488,2915,36,8,631,31,1379,220,221,137,1100,Lodgepole Pine,Catacount,Comanche Peak
3489,2884,233,2,420,86,2045,215,241,163,808,Aspen,Catacount,Comanche Peak
3490,2946,261,11,541,82,1670,192,246,193,1189,Lodgepole Pine,Catacount,Comanche Peak
3491,2895,183,14,85,11,247,223,249,155,966,Aspen,Catacount,Comanche Peak
3492,2861,190,23,90,18,474,213,250,158,1168,Aspen,Catacount,Comanche Peak
3493,2155,347,9,30,-3,942,204,226,161,847,Cottonwood/Willow,Pachic Argiborolis,Cache la Poudre
3494,2231,333,36,182,101,934,115,169,179,474,Ponderosa Pine,Catacount,Cache la Poudre
3495,2247,331,17,240,135,808,179,217,177,283,Ponderosa Pine,Catacount,Cache la Poudre
3496,2324,354,13,437,105,696,197,216,156,503,Ponderosa Pine,Vanet,Cache la Poudre
3497,2107,130,19,30,3,1350,247,226,100,895,Cottonwood/Willow,Cathedral,Cache la Poudre
3498,2111,321,17,30,7,1351,175,222,186,883,Cottonwood/Willow,Cryaquolis,Cache la Poudre
3499,2107,23,22,30,6,1355,202,188,115,875,Cottonwood/Willow,Cryaquolis,Cache la Poudre
3500,2104,328,13,0,0,1358,187,224,176,872,Cottonwood/Willow,Cryaquolis,Cache la Poudre
3501,2096,338,8,0,0,1377,204,229,165,872,Cottonwood/Willow,Cryaquolis,Cache la Poudre
3502,2324,274,21,450,243,1473,159,240,218,1008,Ponderosa Pine,Catacount,Cache la Poudre
3503,2335,68,8,499,256,1423,228,225,130,1001,Cottonwood/Willow,Vanet,Cache la Poudre
3504,2327,96,19,516,33,1398,247,209,84,972,Cottonwood/Willow,Vanet,Cache la Poudre
3505,2315,102,23,499,21,1374,251,202,66,942,Cottonwood/Willow,Vanet,Cache la Poudre
3506,2291,157,10,470,-2,1326,231,242,142,883,Cottonwood/Willow,Vanet,Cache la Poudre
3507,2298,240,18,457,4,1302,183,252,203,853,Cottonwood/Willow,Vanet,Cache la Poudre
3508,2341,231,26,430,47,1233,171,253,209,765,Cottonwood/Willow,Vanet,Cache la Poudre
3509,2322,127,34,420,28,1167,252,195,40,677,Cottonwood/Willow,Haploborolis,Cache la Poudre
3510,2289,125,29,404,164,1124,253,206,59,618,Cottonwood/Willow,Haploborolis,Cache la Poudre
3511,2277,143,22,382,152,1103,245,229,101,589,Cottonwood/Willow,Haploborolis,Cache la Poudre
3512,2275,197,18,361,155,1082,212,252,168,560,Cottonwood/Willow,Haploborolis,Cache la Poudre
3513,2284,229,24,339,164,1062,175,253,207,532,Cottonwood/Willow,Haploborolis,Cache la Poudre
3514,2296,234,29,319,176,1041,159,250,216,503,Cottonwood/Willow,Haploborolis,Cache la Poudre
3515,2311,208,23,300,191,1022,197,254,182,474,Cottonwood/Willow,Haploborolis,Cache la Poudre
3516,2308,150,27,283,195,1003,243,227,94,446,Cottonwood/Willow,Haploborolis,Cache la Poudre
3517,2293,131,38,268,180,984,249,190,31,418,Cottonwood/Willow,Haploborolis,Cache la Poudre
3518,2207,125,35,170,96,916,252,190,32,309,Cottonwood/Willow,Haploborolis,Cache la Poudre
3519,2191,127,33,150,87,900,253,198,44,283,Cottonwood/Willow,Haploborolis,Cache la Poudre
3520,2164,136,30,108,64,872,250,211,66,234,Cottonwood/Willow,Haploborolis,Cache la Poudre
3521,2126,137,32,60,26,836,249,209,61,175,Cottonwood/Willow,Haploborolis,Cache la Poudre
3522,2094,136,14,30,7,808,241,234,119,150,Cottonwood/Willow,Haploborolis,Cache la Poudre
3523,2087,79,10,0,0,800,233,223,121,153,Cottonwood/Willow,Haploborolis,Cache la Poudre
3524,2146,273,27,108,43,780,139,236,230,258,Ponderosa Pine,Catacount,Cache la Poudre
3525,2282,319,28,306,102,816,137,202,199,560,Ponderosa Pine,Catacount,Cache la Poudre
3526,2283,8,37,180,122,741,151,142,107,484,Ponderosa Pine,Catacount,Cache la Poudre
3527,2323,334,15,301,113,932,185,219,173,845,Ponderosa Pine,Vanet,Cache la Poudre
3528,2272,95,18,30,9,1110,245,211,89,926,Cottonwood/Willow,Vanet,Cache la Poudre
3529,2263,68,13,0,0,1080,233,214,111,939,Cottonwood/Willow,Vanet,Cache la Poudre
3530,2261,31,15,0,0,1050,215,207,125,953,Douglas-fir,Vanet,Cache la Poudre
3531,2086,56,22,0,0,570,228,186,80,626,Cottonwood/Willow,Vanet,Cache la Poudre
3532,2073,76,21,0,0,540,240,196,76,598,Cottonwood/Willow,Pachic Argiborolis,Cache la Poudre
3533,2015,93,12,0,0,330,239,222,111,402,Cottonwood/Willow,Pachic Argiborolis,Cache la Poudre
3534,1995,52,22,0,0,120,225,187,85,234,Cottonwood/Willow,Pachic Argiborolis,Cache la Poudre
3535,2872,214,17,319,115,2213,202,254,183,646,Aspen,Catacount,Comanche Peak
3536,2879,198,6,361,127,2154,218,245,163,702,Aspen,Catacount,Comanche Peak
3537,2888,173,10,42,4,212,226,245,150,981,Aspen,Catacount,Comanche Peak
3538,2873,152,14,85,18,283,236,240,131,1050,Aspen,Catacount,Comanche Peak
3539,2866,146,14,60,11,319,239,237,125,1082,Aspen,Catacount,Comanche Peak
3540,2859,165,16,60,4,361,232,244,138,1116,Aspen,Catacount,Comanche Peak
3541,2851,179,28,60,21,510,219,243,138,1231,Aspen,Catacount,Comanche Peak
3542,2848,170,32,85,25,564,224,233,115,1273,Aspen,Catacount,Comanche Peak
3543,2842,167,30,90,30,618,229,235,115,1316,Aspen,Catacount,Comanche Peak
3544,2825,136,32,90,23,674,249,209,61,1360,Aspen,Catacount,Comanche Peak
3545,2414,233,7,391,216,402,208,247,175,780,Ponderosa Pine,Catacount,Cache la Poudre
3546,2317,1,9,390,98,720,207,223,153,351,Ponderosa Pine,Vanet,Cache la Poudre
3547,2106,300,15,0,0,1320,176,232,196,918,Cottonwood/Willow,Cryaquolis,Cache la Poudre
3548,2128,354,20,60,24,1323,182,200,152,908,Ponderosa Pine,Catacount,Cache la Poudre
3549,2113,11,17,0,0,1328,201,204,138,902,Cottonwood/Willow,Cryaquolis,Cache la Poudre
3550,2297,294,29,391,222,1476,125,218,226,1006,Ponderosa Pine,Catacount,Cache la Poudre
3551,2324,92,24,541,245,1416,248,196,63,977,Cottonwood/Willow,Vanet,Cache la Poudre
3552,2311,102,25,525,17,1392,252,199,59,947,Cottonwood/Willow,Vanet,Cache la Poudre
3553,2298,107,22,510,4,1368,251,209,75,918,Cottonwood/Willow,Vanet,Cache la Poudre
3554,2289,141,10,497,-4,1345,236,237,131,888,Cottonwood/Willow,Vanet,Cache la Poudre
3555,2291,228,18,485,-2,1321,190,254,196,859,Cottonwood/Willow,Vanet,Cache la Poudre
3556,2327,215,26,459,33,1253,184,253,192,771,Cottonwood/Willow,Vanet,Cache la Poudre
3557,2333,172,24,454,39,1231,228,243,133,742,Cottonwood/Willow,Vanet,Cache la Poudre
3558,2309,128,32,433,183,1188,252,201,50,684,Cottonwood/Willow,Haploborolis,Cache la Poudre
3559,2280,124,29,384,155,1146,253,206,59,626,Cottonwood/Willow,Haploborolis,Cache la Poudre
3560,2267,142,23,361,142,1124,246,228,98,598,Cottonwood/Willow,Haploborolis,Cache la Poudre
3561,2265,194,20,339,140,1104,213,252,164,569,Cottonwood/Willow,Haploborolis,Cache la Poudre
3562,2273,220,27,319,153,1084,178,253,199,541,Cottonwood/Willow,Haploborolis,Cache la Poudre
3563,2296,194,28,277,176,1045,202,249,163,485,Cottonwood/Willow,Haploborolis,Cache la Poudre
3564,2294,153,32,258,174,1026,239,222,87,457,Cottonwood/Willow,Haploborolis,Cache la Poudre
3565,2279,130,39,242,166,1008,249,188,28,430,Cottonwood/Willow,Haploborolis,Cache la Poudre
3566,2255,123,41,228,142,990,250,174,0,402,Cottonwood/Willow,Haploborolis,Cache la Poudre
3567,2234,121,39,201,121,973,251,178,15,376,Cottonwood/Willow,Haploborolis,Cache la Poudre
3568,2214,120,37,175,103,957,253,183,22,350,Cottonwood/Willow,Haploborolis,Cache la Poudre
3569,2180,125,33,127,69,927,253,197,43,300,Cottonwood/Willow,Haploborolis,Cache la Poudre
3570,2138,136,33,67,38,886,249,206,57,234,Cottonwood/Willow,Haploborolis,Cache la Poudre
3571,2124,137,33,42,24,875,249,207,58,216,Cottonwood/Willow,Haploborolis,Cache la Poudre
3572,2110,138,28,30,10,864,249,217,76,201,Cottonwood/Willow,Haploborolis,Cache la Poudre
3573,2100,127,19,30,0,854,248,224,95,190,Cottonwood/Willow,Haploborolis,Cache la Poudre
3574,2090,90,7,30,0,845,231,229,130,182,Cottonwood/Willow,Haploborolis,Cache la Poudre
3575,2091,355,10,0,0,837,203,222,157,180,Cottonwood/Willow,Haploborolis,Cache la Poudre
3576,2094,4,17,0,0,830,195,205,145,182,Cottonwood/Willow,Vanet,Cache la Poudre
3577,2094,9,17,0,0,824,198,203,139,190,Cottonwood/Willow,Vanet,Cache la Poudre
3578,2092,343,13,0,0,819,193,219,165,201,Cottonwood/Willow,Vanet,Cache la Poudre
3579,2275,294,31,150,65,865,120,216,228,716,Douglas-fir,Vanet,Cache la Poudre
3580,2285,57,18,67,22,1124,229,200,97,886,Cottonwood/Willow,Vanet,Cache la Poudre
3581,2261,45,27,60,4,990,216,171,74,957,Douglas-fir,Vanet,Cache la Poudre
3582,2233,63,31,85,-7,930,230,161,41,983,Douglas-fir,Vanet,Cache la Poudre
3583,2149,59,21,67,21,750,230,192,85,808,Douglas-fir,Vanet,Cache la Poudre
3584,2097,53,26,30,3,570,223,174,69,636,Douglas-fir,Vanet,Cache la Poudre
3585,2049,87,24,0,0,480,247,194,63,552,Cottonwood/Willow,Pachic Argiborolis,Cache la Poudre
3586,2016,352,10,0,0,330,203,223,158,417,Cottonwood/Willow,Pachic Argiborolis,Cache la Poudre
3587,3229,30,8,42,5,4057,218,223,140,2656,Krummholz,Leighcan,Rawah
3588,3221,90,3,0,0,3967,224,234,146,2698,Krummholz,Cryaquolis,Rawah
3589,3225,110,31,192,102,3010,254,190,39,3268,Spruce_Fir,Legault,Rawah
3590,3146,204,32,247,-33,1994,185,248,177,3596,Spruce_Fir,Legault,Rawah
3591,2801,106,14,319,50,1761,243,223,107,631,Aspen,Catacount,Comanche Peak
3592,2878,231,12,361,113,2060,201,251,186,797,Aspen,Catacount,Comanche Peak
3593,2844,153,18,30,4,417,239,238,122,1195,Aspen,Catacount,Comanche Peak
3594,2829,167,29,60,6,552,229,235,115,1294,Aspen,Catacount,Comanche Peak
3595,2777,113,22,42,12,750,251,212,77,1448,Aspen,Catacount,Comanche Peak
3596,2328,155,5,395,66,182,226,240,149,495,Ponderosa Pine,Vanet,Cache la Poudre
3597,2337,267,19,437,75,255,168,244,213,641,Ponderosa Pine,Catacount,Cache la Poudre
3598,2264,310,15,300,152,845,178,229,190,228,Ponderosa Pine,Catacount,Cache la Poudre
3599,2299,296,23,306,187,808,151,226,213,150,Ponderosa Pine,Catacount,Cache la Poudre
3600,2330,35,8,360,106,760,219,224,140,108,Ponderosa Pine,Vanet,Cache la Poudre
3601,2115,163,16,42,5,1293,233,243,135,1008,Cottonwood/Willow,Cathedral,Cache la Poudre
3602,2104,154,9,30,-1,1290,231,241,141,977,Cottonwood/Willow,Cryaquolis,Cache la Poudre
3603,2122,50,14,0,0,1299,226,209,114,932,Cottonwood/Willow,Cryaquolis,Cache la Poudre
3604,2109,97,15,0,0,1307,244,216,98,930,Cottonwood/Willow,Cathedral,Cache la Poudre
3605,2146,304,40,85,50,1332,83,185,225,938,Ponderosa Pine,Catacount,Cache la Poudre
3606,2290,297,25,365,214,1436,142,222,217,1020,Ponderosa Pine,Catacount,Cache la Poudre
3607,2342,77,18,514,261,1458,240,205,89,1012,Cottonwood/Willow,Vanet,Cache la Poudre
3608,2326,86,27,543,241,1434,247,183,47,983,Cottonwood/Willow,Vanet,Cache la Poudre
3609,2295,95,21,537,1,1387,248,204,74,924,Cottonwood/Willow,Vanet,Cache la Poudre
3610,2294,241,23,503,0,1318,169,251,214,837,Cottonwood/Willow,Vanet,Cache la Poudre
3611,2306,234,24,495,12,1296,173,253,209,808,Cottonwood/Willow,Vanet,Cache la Poudre
3612,2298,133,30,417,172,1209,251,210,63,693,Cottonwood/Willow,Haploborolis,Cache la Poudre
3613,2271,122,28,366,145,1167,254,205,58,636,Cottonwood/Willow,Haploborolis,Cache la Poudre
3614,2258,137,24,342,133,1146,249,222,87,607,Cottonwood/Willow,Haploborolis,Cache la Poudre
3615,2253,183,22,319,128,1126,220,248,150,579,Cottonwood/Willow,Haploborolis,Cache la Poudre
3616,2260,210,29,297,135,1106,183,251,188,552,Cottonwood/Willow,Haploborolis,Cache la Poudre
3617,2271,207,33,277,151,1087,180,248,182,524,Cottonwood/Willow,Haploborolis,Cache la Poudre
3618,2273,161,37,234,153,1050,229,220,88,470,Cottonwood/Willow,Haploborolis,Cache la Poudre
3619,2242,126,38,201,129,1015,250,185,23,417,Cottonwood/Willow,Haploborolis,Cache la Poudre
3620,2169,116,32,108,58,953,254,191,38,319,Cottonwood/Willow,Haploborolis,Cache la Poudre
3621,2153,123,32,85,42,939,254,198,45,297,Cottonwood/Willow,Haploborolis,Cache la Poudre
3622,2139,129,31,67,35,926,252,204,54,277,Cottonwood/Willow,Haploborolis,Cache la Poudre
3623,2100,352,23,0,0,874,172,193,154,212,Cottonwood/Willow,Vanet,Cache la Poudre
3624,2100,6,19,0,0,849,194,201,141,228,Cottonwood/Willow,Vanet,Cache la Poudre
3625,2336,18,32,247,175,832,178,157,99,488,Ponderosa Pine,Vanet,Cache la Poudre
3626,2262,308,31,90,52,860,122,204,215,649,Ponderosa Pine,Catacount,Cache la Poudre
3627,2324,313,21,210,114,924,159,219,198,752,Douglas-fir,Vanet,Cache la Poudre
3628,2280,33,20,67,17,1020,212,192,108,916,Douglas-fir,Vanet,Cache la Poudre
3629,2027,102,12,0,0,420,239,225,114,510,Cottonwood/Willow,Pachic Argiborolis,Cache la Poudre
3630,2021,343,13,0,0,360,192,219,165,458,Cottonwood/Willow,Pachic Argiborolis,Cache la Poudre
3631,2838,108,18,424,88,1679,247,217,92,780,Aspen,Catacount,Comanche Peak
3632,2846,203,16,258,89,2230,210,253,173,644,Aspen,Catacount,Comanche Peak
3633,2852,223,19,277,100,2200,191,254,194,671,Aspen,Catacount,Comanche Peak
3634,2868,204,9,330,103,2083,215,248,168,780,Aspen,Catacount,Comanche Peak
3635,2885,273,12,331,87,1965,188,243,195,892,Lodgepole Pine,Catacount,Comanche Peak
3636,2876,167,8,30,0,182,226,243,150,1048,Aspen,Catacount,Comanche Peak
3637,2843,130,8,0,0,350,233,236,135,1182,Aspen,Catacount,Comanche Peak
3638,2830,139,13,0,0,430,240,235,123,1237,Aspen,Catacount,Comanche Peak
3639,2807,146,24,30,5,626,244,229,99,1379,Aspen,Catacount,Comanche Peak
3640,2361,280,22,430,109,319,155,236,219,696,Ponderosa Pine,Catacount,Cache la Poudre
3641,2158,351,11,0,0,981,199,221,159,738,Cottonwood/Willow,Pachic Argiborolis,Cache la Poudre
3642,2162,322,16,30,9,993,179,223,183,752,Ponderosa Pine,Catacount,Cache la Poudre
3643,2302,336,31,277,164,984,136,181,174,424,Ponderosa Pine,Catacount,Cache la Poudre
3644,2328,106,8,331,104,785,233,231,130,108,Ponderosa Pine,Vanet,Cache la Poudre
3645,2326,108,8,335,102,782,235,231,128,134,Ponderosa Pine,Vanet,Cache la Poudre
3646,2115,164,18,30,5,1273,234,242,132,1073,Cottonwood/Willow,Cathedral,Cache la Poudre
3647,2116,8,2,30,0,1266,217,235,155,1048,Cottonwood/Willow,Cathedral,Cache la Poudre
3648,2110,60,9,0,0,1261,228,221,126,1025,Cottonwood/Willow,Cryaquolis,Cache la Poudre
3649,2106,47,8,0,0,1260,223,223,135,1015,Cottonwood/Willow,Cryaquolis,Cache la Poudre
3650,2107,354,7,0,0,1260,209,228,157,1006,Cottonwood/Willow,Cryaquolis,Cache la Poudre
3651,2116,77,16,0,0,1273,238,210,98,960,Cottonwood/Willow,Cryaquolis,Cache la Poudre
3652,2106,52,13,0,0,1277,227,212,117,960,Cottonwood/Willow,Cryaquolis,Cache la Poudre
3653,2326,282,25,430,253,1437,144,232,224,1073,Ponderosa Pine,Catacount,Cache la Poudre
3654,2346,181,10,488,270,1466,224,247,155,1048,Cottonwood/Willow,Vanet,Cache la Poudre
3655,2339,126,21,518,264,1476,250,220,87,1019,Cottonwood/Willow,Vanet,Cache la Poudre
3656,2310,101,27,551,152,1429,252,194,52,960,Cottonwood/Willow,Vanet,Cache la Poudre
3657,2296,100,22,537,138,1406,250,205,72,931,Cottonwood/Willow,Vanet,Cache la Poudre
3658,2286,109,13,524,128,1383,242,225,110,902,Cottonwood/Willow,Vanet,Cache la Poudre
3659,2290,238,20,497,150,1338,180,253,206,845,Cottonwood/Willow,Vanet,Cache la Poudre
3660,2302,226,22,484,162,1316,184,254,200,816,Cottonwood/Willow,Vanet,Cache la Poudre
3661,2305,160,28,457,169,1273,235,233,108,759,Cottonwood/Willow,Haploborolis,Cache la Poudre
3662,2284,144,29,402,154,1230,246,220,80,702,Cottonwood/Willow,Haploborolis,Cache la Poudre
3663,2277,135,27,376,151,1209,250,216,75,674,Cottonwood/Willow,Haploborolis,Cache la Poudre
3664,2263,126,29,350,137,1189,253,206,59,646,Cottonwood/Willow,Haploborolis,Cache la Poudre
3665,2240,171,22,300,115,1149,229,243,134,591,Cottonwood/Willow,Haploborolis,Cache la Poudre
3666,2244,202,28,277,119,1129,195,251,175,564,Cottonwood/Willow,Haploborolis,Cache la Poudre
3667,2249,163,37,212,129,1074,226,221,92,484,Cottonwood/Willow,Haploborolis,Cache la Poudre
3668,2242,149,37,192,122,1057,238,209,64,458,Cottonwood/Willow,Haploborolis,Cache la Poudre
3669,2227,137,35,175,107,1040,248,202,50,433,Cottonwood/Willow,Haploborolis,Cache la Poudre
3670,2199,116,30,150,86,1008,254,195,44,384,Cottonwood/Willow,Haploborolis,Cache la Poudre
3671,2182,107,30,124,69,994,254,189,39,361,Cottonwood/Willow,Haploborolis,Cache la Poudre
3672,2164,105,32,95,53,979,254,182,29,339,Cottonwood/Willow,Haploborolis,Cache la Poudre
3673,2143,110,32,67,32,966,254,187,35,319,Cottonwood/Willow,Haploborolis,Cache la Poudre
3674,2128,117,28,42,17,953,254,200,53,300,Cottonwood/Willow,Haploborolis,Cache la Poudre
3675,2108,338,16,0,0,920,183,215,170,256,Cottonwood/Willow,Vanet,Cache la Poudre
3676,2166,266,27,95,44,870,141,239,231,361,Ponderosa Pine,Cathedral,Cache la Poudre
3677,2340,321,13,272,130,984,185,227,181,752,Douglas-fir,Vanet,Cache la Poudre
3678,2311,22,23,127,48,1149,199,184,113,819,Douglas-fir,Vanet,Cache la Poudre
3679,2034,104,16,0,0,450,246,217,95,551,Cottonwood/Willow,Pachic Argiborolis,Cache la Poudre
3680,2027,19,11,0,0,420,212,217,141,525,Cottonwood/Willow,Pachic Argiborolis,Cache la Poudre
3681,2061,46,31,108,66,180,212,157,58,342,Ponderosa Pine,Catacount,Cache la Poudre
3682,3226,62,12,42,5,3994,230,215,115,2737,Krummholz,Leighcan,Rawah
3683,2933,301,3,474,49,1392,211,238,165,1245,Lodgepole Pine,Catacount,Comanche Peak
3684,2863,231,6,300,98,2106,210,246,173,765,Aspen,Catacount,Comanche Peak
3685,2865,274,6,300,100,2077,203,242,177,792,Aspen,Catacount,Comanche Peak
3686,2964,289,14,484,8,1579,179,238,198,1273,Lodgepole Pine,Catacount,Comanche Peak
3687,3011,208,7,376,27,1205,215,247,167,1653,Lodgepole Pine,Catacount,Comanche Peak
3688,2802,150,9,0,0,589,232,240,139,1379,Aspen,Catacount,Comanche Peak
3689,2317,251,10,362,55,268,198,247,187,573,Ponderosa Pine,Catacount,Cache la Poudre
3690,2164,337,10,0,0,1008,197,225,167,711,Cottonwood/Willow,Pachic Argiborolis,Cache la Poudre
3691,2177,316,22,60,24,1033,155,215,197,741,Ponderosa Pine,Catacount,Cache la Poudre
3692,2275,313,17,350,51,899,172,225,192,212,Ponderosa Pine,Catacount,Cache la Poudre
3693,2123,141,26,42,12,1259,247,222,86,1142,Cottonwood/Willow,Cathedral,Cache la Poudre
3694,2108,155,7,30,-1,1248,228,241,146,1114,Cottonwood/Willow,Cathedral,Cache la Poudre
3695,2117,327,14,0,0,1239,184,223,178,1087,Cottonwood/Willow,Cryaquolis,Cache la Poudre
3696,2108,340,12,30,2,1230,195,223,166,1034,Cottonwood/Willow,Cryaquolis,Cache la Poudre
3697,2291,118,23,510,133,1425,252,213,76,940,Cottonwood/Willow,Vanet,Cache la Poudre
3698,2280,152,31,417,144,1273,240,223,88,741,Cottonwood/Willow,Haploborolis,Cache la Poudre
3699,2264,146,30,362,134,1231,245,220,81,685,Cottonwood/Willow,Haploborolis,Cache la Poudre
3700,2231,190,26,258,106,1153,209,249,157,577,Cottonwood/Willow,Haploborolis,Cache la Poudre
3701,2201,140,32,134,81,1050,247,212,67,426,Cottonwood/Willow,Haploborolis,Cache la Poudre
3702,2189,133,30,124,76,1034,251,210,63,404,Cottonwood/Willow,Haploborolis,Cache la Poudre
3703,2176,121,29,108,63,1020,254,202,54,382,Cottonwood/Willow,Haploborolis,Cache la Poudre
3704,2160,108,32,85,47,1006,254,185,32,361,Cottonwood/Willow,Haploborolis,Cache la Poudre
3705,2140,105,32,60,29,993,254,182,29,342,Cottonwood/Willow,Haploborolis,Cache la Poudre
3706,2111,95,13,0,0,969,240,221,110,309,Cottonwood/Willow,Haploborolis,Cache la Poudre
3707,2122,5,22,0,0,902,186,192,138,309,Cottonwood/Willow,Vanet,Cache la Poudre
3708,2278,18,33,335,117,819,175,152,96,313,Ponderosa Pine,Catacount,Cache la Poudre
3709,2270,11,33,339,195,812,168,156,109,301,Ponderosa Pine,Catacount,Cache la Poudre
3710,2237,22,33,268,128,810,181,153,90,313,Ponderosa Pine,Catacount,Cache la Poudre
3711,2233,352,19,108,-32,824,184,204,156,404,Ponderosa Pine,Catacount,Cache la Poudre
3712,2256,359,19,0,0,864,188,202,149,516,Ponderosa Pine,Catacount,Cache la Poudre
3713,2340,283,9,247,130,990,196,241,184,721,Douglas-fir,Vanet,Cache la Poudre
3714,2317,27,23,134,54,1140,203,183,107,805,Douglas-fir,Vanet,Cache la Poudre
3715,2037,125,19,0,0,481,248,223,94,592,Cottonwood/Willow,Haploborolis,Cache la Poudre
3716,3094,213,13,180,-35,2075,207,252,178,3640,Spruce_Fir,Legault,Rawah
3717,2953,276,12,446,145,1630,189,242,193,1224,Lodgepole Pine,Catacount,Comanche Peak
3718,2290,171,6,300,28,127,225,243,153,301,Cottonwood/Willow,Catacount,Cache la Poudre
3719,2168,316,15,0,0,1034,179,226,187,685,Cottonwood/Willow,Pachic Argiborolis,Cache la Poudre
3720,2294,330,31,268,149,1188,133,186,184,660,Ponderosa Pine,Catacount,Cache la Poudre
3721,2314,321,21,330,171,1068,162,215,190,480,Ponderosa Pine,Catacount,Cache la Poudre
3722,2124,145,19,30,8,1237,242,234,113,1183,Cottonwood/Willow,Cathedral,Cache la Poudre
3723,2114,336,19,0,0,1218,175,211,173,1140,Cottonwood/Willow,Cryaquolis,Cache la Poudre
3724,2129,341,27,30,19,1209,152,188,168,1115,Cottonwood/Willow,Cryaquolis,Cache la Poudre
3725,2157,43,37,67,32,1206,199,133,39,1024,Ponderosa Pine,Catacount,Cache la Poudre
3726,2305,132,24,516,142,1448,250,219,82,1006,Cottonwood/Willow,Vanet,Cache la Poudre
3727,2295,127,23,499,132,1465,251,217,81,977,Cottonwood/Willow,Vanet,Cache la Poudre
3728,2276,122,13,470,118,1423,242,229,114,920,Cottonwood/Willow,Vanet,Cache la Poudre
3729,2272,161,9,457,114,1401,230,242,144,892,Cottonwood/Willow,Vanet,Cache la Poudre
3730,2273,186,23,430,127,1358,216,249,154,836,Cottonwood/Willow,Vanet,Cache la Poudre
3731,2275,174,26,417,135,1337,225,242,133,808,Cottonwood/Willow,Haploborolis,Cache la Poudre
3732,2263,152,27,390,127,1294,241,229,98,752,Cottonwood/Willow,Haploborolis,Cache la Poudre
3733,2228,129,23,295,102,1214,250,220,86,644,Cottonwood/Willow,Haploborolis,Cache la Poudre
3734,2214,173,22,242,88,1176,228,244,137,592,Cottonwood/Willow,Haploborolis,Cache la Poudre
3735,2216,185,27,216,91,1158,214,247,149,566,Cottonwood/Willow,Haploborolis,Cache la Poudre
3736,2219,175,28,192,94,1140,223,241,131,541,Cottonwood/Willow,Haploborolis,Cache la Poudre
3737,2208,148,30,150,88,1107,243,221,83,492,Cottonwood/Willow,Haploborolis,Cache la Poudre
3738,2175,147,32,95,55,1061,243,217,76,424,Cottonwood/Willow,Haploborolis,Cache la Poudre
3739,2165,141,31,85,52,1047,247,214,70,404,Cottonwood/Willow,Haploborolis,Cache la Poudre
3740,2154,126,33,67,41,1033,253,199,46,384,Cottonwood/Willow,Haploborolis,Cache la Poudre
3741,2118,113,22,30,7,1008,251,211,77,350,Cottonwood/Willow,Haploborolis,Cache la Poudre
3742,2140,23,35,30,18,932,177,144,82,335,Ponderosa Pine,Catacount,Cache la Poudre
3743,2130,16,22,0,0,930,195,187,122,350,Cottonwood/Willow,Catacount,Cache la Poudre
3744,2320,62,22,258,60,866,233,189,79,324,Ponderosa Pine,Vanet,Cache la Poudre
3745,2251,12,30,242,-14,840,174,164,112,295,Ponderosa Pine,Catacount,Cache la Poudre
3746,2269,325,25,42,13,902,151,204,189,525,Ponderosa Pine,Catacount,Cache la Poudre
3747,2316,330,27,150,106,953,145,196,184,631,Douglas-fir,Vanet,Cache la Poudre
3748,2350,347,6,309,87,1087,208,230,160,706,Douglas-fir,Vanet,Cache la Poudre
3749,2039,130,17,0,0,514,246,228,105,633,Cottonwood/Willow,Haploborolis,Cache la Poudre
3750,2080,334,34,85,51,335,125,175,177,488,Douglas-fir,Catacount,Cache la Poudre
3751,2822,82,14,319,72,1786,238,215,105,767,Aspen,Catacount,Comanche Peak
3752,2990,248,3,417,70,404,214,241,165,1537,Lodgepole Pine,Catacount,Comanche Peak
3753,2286,189,6,270,24,150,220,244,159,300,Cottonwood/Willow,Catacount,Cache la Poudre
3754,2290,252,12,270,28,170,192,248,194,330,Ponderosa Pine,Catacount,Cache la Poudre
3755,2167,302,9,0,0,1015,196,236,180,644,Cottonwood/Willow,Pachic Argiborolis,Cache la Poudre
3756,2220,326,30,124,67,1114,133,192,191,726,Ponderosa Pine,Catacount,Cache la Poudre
3757,2302,106,16,379,166,1024,246,218,96,361,Ponderosa Pine,Vanet,Cache la Poudre
3758,2121,162,23,0,0,1224,235,238,120,1240,Cottonwood/Willow,Cathedral,Cache la Poudre
3759,2121,334,21,0,0,1194,166,206,176,1181,Cottonwood/Willow,Cryaquolis,Cache la Poudre
3760,2128,331,30,30,17,1189,137,189,183,1167,Cottonwood/Willow,Cryaquolis,Cache la Poudre
3761,2192,36,31,108,67,1173,202,158,73,1057,Ponderosa Pine,Catacount,Cache la Poudre
3762,2297,113,18,492,134,1423,248,219,94,1015,Cottonwood/Willow,Vanet,Cache la Poudre
3763,2287,101,16,474,124,1440,245,217,97,987,Cottonwood/Willow,Vanet,Cache la Poudre
3764,2270,53,9,430,112,1421,226,220,128,902,Ponderosa Pine,Vanet,Cache la Poudre
3765,2206,97,13,228,80,1200,241,221,108,607,Cottonwood/Willow,Catacount,Cache la Poudre
3766,2203,158,15,201,77,1182,235,241,132,582,Cottonwood/Willow,Haploborolis,Cache la Poudre
3767,2200,158,27,150,75,1148,237,232,107,534,Cottonwood/Willow,Haploborolis,Cache la Poudre
3768,2180,141,34,108,60,1116,246,209,61,488,Cottonwood/Willow,Haploborolis,Cache la Poudre
3769,2167,145,34,85,47,1101,244,212,68,467,Cottonwood/Willow,Haploborolis,Cache la Poudre
3770,2157,151,33,67,37,1087,240,218,79,446,Cottonwood/Willow,Haploborolis,Cache la Poudre
3771,2137,140,33,42,24,1060,247,210,63,408,Cottonwood/Willow,Haploborolis,Cache la Poudre
3772,2123,130,27,30,10,1048,252,213,69,391,Cottonwood/Willow,Haploborolis,Cache la Poudre
3773,2140,333,20,0,0,960,170,210,177,391,Cottonwood/Willow,Cathedral,Cache la Poudre
3774,2306,224,25,175,75,979,178,254,202,484,Ponderosa Pine,Vanet,Cache la Poudre
3775,2317,311,25,134,88,966,146,214,204,591,Douglas-fir,Vanet,Cache la Poudre
3776,2332,336,11,190,122,994,195,225,169,646,Douglas-fir,Vanet,Cache la Poudre
3777,2331,305,6,216,121,1008,204,237,172,661,Douglas-fir,Vanet,Cache la Poudre
3778,2338,305,9,268,128,1040,195,235,181,661,Douglas-fir,Vanet,Cache la Poudre
3779,2356,332,13,324,93,1110,190,224,173,677,Douglas-fir,Vanet,Cache la Poudre
3780,2039,350,7,0,0,518,208,228,159,649,Cottonwood/Willow,Pachic Argiborolis,Cache la Poudre
3781,2043,330,20,30,4,488,168,211,180,624,Douglas-fir,Pachic Argiborolis,Cache la Poudre
3782,2045,46,22,124,67,127,221,188,92,379,Douglas-fir,Vanet,Cache la Poudre
3783,2862,111,22,417,106,1716,251,211,77,912,Aspen,Catacount,Comanche Peak
3784,2845,108,14,366,91,1752,243,223,107,860,Aspen,Catacount,Comanche Peak
3785,2836,238,17,192,71,2181,187,252,200,732,Aspen,Catacount,Comanche Peak
3786,2186,300,28,30,19,1053,131,216,219,633,Ponderosa Pine,Catacount,Cache la Poudre
3787,2255,324,33,190,103,1168,122,186,194,743,Ponderosa Pine,Catacount,Cache la Poudre
3788,2320,316,28,323,171,1231,136,204,202,663,Ponderosa Pine,Catacount,Cache la Poudre
3789,2297,332,14,277,73,981,187,222,174,218,Ponderosa Pine,Catacount,Cache la Poudre
3790,2304,331,11,242,80,959,195,227,171,162,Ponderosa Pine,Vanet,Cache la Poudre
3791,2130,172,11,60,2,1348,228,245,148,1299,Cottonwood/Willow,Cryaquolis,Cache la Poudre
3792,2128,190,13,60,-3,1333,219,250,161,1302,Cottonwood/Willow,Cryaquolis,Cache la Poudre
3793,2132,203,17,60,0,1317,210,253,173,1307,Cottonwood/Willow,Cathedral,Cache la Poudre
3794,2110,163,7,0,0,1195,227,242,148,1266,Cottonwood/Willow,Cryaquolis,Cache la Poudre
3795,2112,236,3,30,-8,1187,213,242,166,1250,Cottonwood/Willow,Cryaquolis,Cache la Poudre
3796,2133,321,28,30,15,1165,136,200,197,1207,Cottonwood/Willow,Cryaquolis,Cache la Poudre
3797,2186,331,36,124,80,1140,114,170,181,1100,Ponderosa Pine,Catacount,Cache la Poudre
3798,2174,11,32,120,49,1154,168,157,110,1080,Ponderosa Pine,Catacount,Cache la Poudre
3799,2271,13,20,376,113,1400,196,195,131,859,Ponderosa Pine,Catacount,Cache la Poudre
3800,2246,23,24,313,110,1298,199,182,111,726,Ponderosa Pine,Catacount,Cache la Poudre
3801,2199,82,19,190,73,1207,242,204,84,600,Cottonwood/Willow,Catacount,Cache la Poudre
3802,2187,138,19,134,62,1173,246,229,103,553,Cottonwood/Willow,Catacount,Cache la Poudre
3803,2178,131,26,108,53,1158,251,216,76,531,Cottonwood/Willow,Haploborolis,Cache la Poudre
3804,2165,127,30,85,40,1142,253,206,58,509,Cottonwood/Willow,Haploborolis,Cache la Poudre
3805,2151,133,31,67,31,1128,251,208,61,488,Cottonwood/Willow,Haploborolis,Cache la Poudre
3806,2131,147,27,30,11,1100,244,225,91,450,Cottonwood/Willow,Haploborolis,Cache la Poudre
3807,2111,338,7,0,0,1064,205,230,164,402,Cottonwood/Willow,Vanet,Cache la Poudre
3808,2271,23,12,0,0,931,213,215,137,417,Cottonwood/Willow,Vanet,Cache la Poudre
3809,2357,318,13,362,147,1116,187,228,182,641,Douglas-fir,Vanet,Cache la Poudre
3810,2047,326,17,30,8,524,176,219,182,666,Douglas-fir,Pachic Argiborolis,Cache la Poudre
3811,2065,313,28,67,26,466,134,206,206,618,Douglas-fir,Catacount,Cache la Poudre
3812,2054,243,33,124,56,295,137,244,230,458,Ponderosa Pine,Vanet,Cache la Poudre
3813,2132,254,32,242,134,408,130,240,236,531,Ponderosa Pine,Vanet,Cache la Poudre
3814,3226,55,19,67,10,3930,228,196,93,2871,Krummholz,Leighcan,Rawah
3815,3219,62,17,42,9,3900,232,202,95,2885,Krummholz,Leighcan,Rawah
3816,3153,121,12,42,7,2941,240,230,117,3441,Spruce_Fir,Leighcan,Rawah
3817,2947,351,23,240,134,270,172,194,155,808,Lodgepole Pine,Legault,Rawah
3818,2812,224,22,108,51,2266,184,254,199,680,Aspen,Catacount,Comanche Peak
3819,2822,222,16,127,57,2236,198,254,189,703,Aspen,Catacount,Comanche Peak
3820,2317,116,11,228,55,95,240,229,118,162,Ponderosa Pine,Catacount,Cache la Poudre
3821,2310,103,16,218,48,108,245,219,99,190,Ponderosa Pine,Catacount,Cache la Poudre
3822,2285,106,7,210,23,175,232,232,132,277,Cottonwood/Willow,Catacount,Cache la Poudre
3823,2313,207,8,210,51,277,215,247,168,424,Ponderosa Pine,Vanet,Cache la Poudre
3824,2297,323,36,256,147,1224,110,179,196,755,Ponderosa Pine,Catacount,Cache la Poudre
3825,2148,146,21,30,6,1231,244,232,106,1233,Cottonwood/Willow,Cathedral,Cache la Poudre
3826,2142,157,17,0,0,1249,236,240,128,1263,Cottonwood/Willow,Cathedral,Cache la Poudre
3827,2143,203,24,0,0,1284,200,253,176,1323,Cottonwood/Willow,Cathedral,Cache la Poudre
3828,2153,208,32,30,10,1302,181,249,184,1321,Cottonwood/Willow,Cathedral,Cache la Poudre
3829,2129,142,5,30,1,1357,228,239,144,1323,Cottonwood/Willow,Cryaquolis,Cache la Poudre
3830,2126,333,4,30,-6,1307,210,234,163,1332,Cottonwood/Willow,Cryaquolis,Cache la Poudre
3831,2136,236,17,60,0,1262,187,253,199,1347,Cottonwood/Willow,Cathedral,Cache la Poudre
3832,2126,128,20,30,7,1198,248,224,95,1340,Cottonwood/Willow,Cathedral,Cache la Poudre
3833,2111,111,6,0,0,1177,230,234,137,1307,Cottonwood/Willow,Cryaquolis,Cache la Poudre
3834,2114,326,5,30,0,1167,206,234,166,1291,Cottonwood/Willow,Cryaquolis,Cache la Poudre
3835,2119,303,19,60,-1,1150,163,227,202,1262,Cottonwood/Willow,Cryaquolis,Cache la Poudre
3836,2180,40,27,120,59,1114,211,169,78,1177,Ponderosa Pine,Catacount,Cache la Poudre
3837,2191,7,29,150,66,1124,171,169,123,1110,Ponderosa Pine,Catacount,Cache la Poudre
3838,2213,341,34,192,97,1158,130,168,164,1116,Ponderosa Pine,Catacount,Cache la Poudre
3839,2240,333,34,255,140,1187,125,176,179,1130,Ponderosa Pine,Catacount,Cache la Poudre
3840,2249,334,33,277,147,1198,127,177,178,1136,Ponderosa Pine,Catacount,Cache la Poudre
3841,2256,44,19,277,120,1302,221,195,102,716,Cottonwood/Willow,Catacount,Cache la Poudre
3842,2248,64,20,255,112,1284,234,195,85,691,Cottonwood/Willow,Catacount,Cache la Poudre
3843,2160,105,27,67,35,1168,253,195,51,531,Cottonwood/Willow,Catacount,Cache la Poudre
3844,2143,110,28,42,18,1154,254,196,50,511,Cottonwood/Willow,Haploborolis,Cache la Poudre
3845,2129,121,22,30,9,1140,251,216,80,492,Cottonwood/Willow,Haploborolis,Cache la Poudre
3846,2120,127,12,0,0,1127,240,232,121,474,Cottonwood/Willow,Haploborolis,Cache la Poudre
3847,2118,62,6,0,0,1115,225,228,138,458,Cottonwood/Willow,Haploborolis,Cache la Poudre
3848,2116,353,13,0,0,1103,196,216,157,443,Cottonwood/Willow,Vanet,Cache la Poudre
3849,2166,320,18,0,0,1020,170,219,188,458,Cottonwood/Willow,Catacount,Cache la Poudre
3850,2275,315,12,30,4,968,187,230,183,430,Cottonwood/Willow,Cryaquolis,Cache la Poudre
3851,2083,21,28,228,115,234,190,169,103,470,Douglas-fir,Catacount,Cache la Poudre
3852,2156,185,13,330,158,467,222,249,157,616,Ponderosa Pine,Vanet,Cache la Poudre
3853,3167,143,5,60,0,3120,227,239,146,3346,Spruce_Fir,Cryaquolis,Rawah
3854,2284,114,6,180,22,192,230,234,138,285,Cottonwood/Willow,Catacount,Cache la Poudre
3855,2327,326,35,295,177,1266,116,180,191,730,Ponderosa Pine,Catacount,Cache la Poudre
3856,2315,346,4,212,91,1025,212,233,159,216,Ponderosa Pine,Vanet,Cache la Poudre
3857,2148,121,18,30,6,1240,248,223,96,1206,Cottonwood/Willow,Cathedral,Cache la Poudre
3858,2142,133,12,0,0,1256,239,234,124,1236,Cottonwood/Willow,Cathedral,Cache la Poudre
3859,2140,135,5,0,0,1273,228,238,144,1266,Cottonwood/Willow,Cryaquolis,Cache la Poudre
3860,2138,124,3,30,-3,1290,225,237,146,1296,Cottonwood/Willow,Cryaquolis,Cache la Poudre
3861,2135,182,8,0,0,1308,223,246,156,1325,Cottonwood/Willow,Cryaquolis,Cache la Poudre
3862,2136,203,20,0,0,1326,206,253,175,1351,Cottonwood/Willow,Cryaquolis,Cache la Poudre
3863,2128,342,9,0,0,1332,202,227,164,1353,Cottonwood/Willow,Cryaquolis,Cache la Poudre
3864,2132,353,15,0,0,1282,193,213,157,1362,Cottonwood/Willow,Cryaquolis,Cache la Poudre
3865,2137,13,12,0,0,1266,208,215,142,1366,Cottonwood/Willow,Cryaquolis,Cache la Poudre
3866,2130,38,5,30,-6,1250,220,228,144,1371,Cottonwood/Willow,Cryaquolis,Cache la Poudre
3867,2133,233,9,30,0,1235,205,249,181,1377,Cottonwood/Willow,Cryaquolis,Cache la Poudre
3868,2111,238,3,0,0,1148,214,242,166,1333,Cottonwood/Willow,Cryaquolis,Cache la Poudre
3869,2118,299,9,30,7,1138,196,237,181,1317,Cottonwood/Willow,Cryaquolis,Cache la Poudre
3870,2118,317,11,60,4,1129,191,231,179,1302,Cottonwood/Willow,Cryaquolis,Cache la Poudre
3871,2126,296,21,85,16,1121,157,229,210,1288,Cottonwood/Willow,Cryaquolis,Cache la Poudre
3872,2223,343,37,190,98,1113,123,159,159,1142,Ponderosa Pine,Catacount,Cache la Poudre
3873,2299,325,20,497,224,1282,167,214,185,1159,Ponderosa Pine,Catacount,Cache la Poudre
3874,2304,20,19,350,141,1423,203,195,124,939,Ponderosa Pine,Catacount,Cache la Poudre
3875,2278,58,17,268,132,1364,230,203,100,782,Cottonwood/Willow,Catacount,Cache la Poudre
3876,2235,113,23,212,99,1290,252,208,70,684,Cottonwood/Willow,Haploborolis,Cache la Poudre
3877,2195,98,22,134,69,1240,249,204,72,616,Cottonwood/Willow,Haploborolis,Cache la Poudre
3878,2187,107,22,108,61,1224,251,208,73,594,Cottonwood/Willow,Haploborolis,Cache la Poudre
3879,2140,109,28,30,15,1181,254,195,48,534,Cottonwood/Willow,Haploborolis,Cache la Poudre
3880,2125,109,17,0,0,1167,247,219,96,516,Cottonwood/Willow,Haploborolis,Cache la Poudre
3881,2127,334,24,30,9,1131,158,200,177,470,Ponderosa Pine,Vanet,Cache la Poudre
3882,2326,30,22,234,24,960,207,186,106,153,Ponderosa Pine,Vanet,Cache la Poudre
3883,2319,37,22,212,17,960,214,187,99,162,Ponderosa Pine,Vanet,Cache la Poudre
3884,2280,53,12,0,0,990,227,213,118,390,Cottonwood/Willow,Vanet,Cache la Poudre
3885,2279,306,9,30,5,997,196,235,179,418,Cottonwood/Willow,Cryaquolis,Cache la Poudre
3886,2059,322,17,0,0,569,174,221,186,726,Cottonwood/Willow,Pachic Argiborolis,Cache la Poudre
3887,3209,62,18,42,9,3840,233,199,92,2967,Krummholz,Leighcan,Rawah
3888,2829,98,13,295,73,1842,241,221,107,882,Aspen,Catacount,Comanche Peak
3889,2793,232,25,67,28,2260,172,253,210,721,Aspen,Catacount,Comanche Peak
3890,2985,239,8,319,49,319,205,247,180,1418,Lodgepole Pine,Catacount,Comanche Peak
3891,2295,159,18,153,41,339,236,240,128,466,Ponderosa Pine,Vanet,Cache la Poudre
3892,2175,336,11,0,0,1033,194,225,169,525,Cottonwood/Willow,Pachic Argiborolis,Cache la Poudre
3893,2351,27,14,418,192,1260,213,209,129,618,Ponderosa Pine,Vanet,Cache la Poudre
3894,2157,190,19,0,0,1075,217,251,160,824,Cottonwood/Willow,Cryaquolis,Cache la Poudre
3895,2160,199,24,0,0,1087,203,252,171,853,Cottonwood/Willow,Cryaquolis,Cache la Poudre
3896,2169,197,31,0,0,1100,194,247,167,883,Cottonwood/Willow,Cathedral,Cache la Poudre
3897,2145,103,13,0,0,1266,242,222,108,1209,Cottonwood/Willow,Cathedral,Cache la Poudre
3898,2139,354,9,30,-2,1298,206,225,158,1269,Cottonwood/Willow,Cryaquolis,Cache la Poudre
3899,2133,240,9,30,-2,1368,203,248,182,1380,Cottonwood/Willow,Cryaquolis,Cache la Poudre
3900,2135,347,17,0,0,1326,186,211,162,1381,Cottonwood/Willow,Cryaquolis,Cache la Poudre
3901,2139,341,25,0,0,1308,161,195,168,1383,Cottonwood/Willow,Cryaquolis,Cache la Poudre
3902,2133,42,17,0,0,1224,220,200,110,1401,Cottonwood/Willow,Cryaquolis,Cache la Poudre
3903,2130,45,5,0,0,1209,221,229,143,1406,Cottonwood/Willow,Cryaquolis,Cache la Poudre
3904,2129,159,6,0,0,1195,226,241,149,1412,Cottonwood/Willow,Cryaquolis,Cache la Poudre
3905,2128,172,9,30,0,1181,226,245,151,1419,Cottonwood/Willow,Cryaquolis,Cache la Poudre
3906,2122,129,19,30,7,1155,247,226,99,1406,Cottonwood/Willow,Cryaquolis,Cache la Poudre
3907,2115,135,16,0,0,1142,244,231,111,1390,Cottonwood/Willow,Cryaquolis,Cache la Poudre
3908,2110,283,9,0,0,1120,194,241,186,1358,Cottonwood/Willow,Cryaquolis,Cache la Poudre
3909,2119,299,12,30,8,1110,187,236,189,1343,Cottonwood/Willow,Cryaquolis,Cache la Poudre
3910,2130,283,18,67,6,1092,167,238,209,1315,Cottonwood/Willow,Cryaquolis,Cache la Poudre
3911,2295,329,25,458,207,1224,153,202,184,1226,Ponderosa Pine,Catacount,Cache la Poudre
3912,2312,52,10,324,149,1398,226,218,125,953,Cottonwood/Willow,Vanet,Cache la Poudre
3913,2305,80,9,295,142,1434,233,223,122,900,Cottonwood/Willow,Catacount,Cache la Poudre
3914,2299,91,12,283,141,1445,238,221,111,875,Cottonwood/Willow,Haploborolis,Cache la Poudre
3915,2239,120,27,212,99,1332,254,205,60,726,Cottonwood/Willow,Haploborolis,Cache la Poudre
3916,2205,120,26,150,75,1282,253,207,64,658,Cottonwood/Willow,Haploborolis,Cache la Poudre
3917,2163,125,30,67,37,1235,253,203,54,595,Cottonwood/Willow,Haploborolis,Cache la Poudre
3918,2147,122,31,42,21,1221,254,199,48,576,Cottonwood/Willow,Haploborolis,Cache la Poudre
3919,2132,117,24,30,7,1207,253,209,69,558,Cottonwood/Willow,Haploborolis,Cache la Poudre
3920,2200,341,24,0,0,1082,164,198,169,576,Cottonwood/Willow,Catacount,Cache la Poudre
3921,2214,317,12,0,0,1090,187,229,182,636,Cottonwood/Willow,Cathedral,Cache la Poudre
3922,2216,284,10,0,0,1095,191,240,189,612,Cottonwood/Willow,Cathedral,Cache la Poudre
3923,2058,329,8,0,0,607,200,230,169,768,Cottonwood/Willow,Haploborolis,Cache la Poudre
3924,2091,315,28,95,50,497,136,205,203,679,Douglas-fir,Catacount,Cache la Poudre
3925,2107,18,30,190,115,228,182,163,103,495,Douglas-fir,Catacount,Cache la Poudre
3926,2037,57,32,30,17,228,223,155,41,484,Ponderosa Pine,Catacount,Cache la Poudre
3927,3175,146,5,0,0,3420,227,239,146,3212,Spruce_Fir,Cryaquolis,Rawah
3928,3062,159,19,417,142,1290,236,240,126,3224,Spruce_Fir,Legault,Rawah
3929,2865,53,9,0,0,242,226,221,129,2181,Lodgepole Pine,Cryaquolis,Rawah
3930,2815,101,14,228,61,1902,243,220,104,853,Aspen,Catacount,Comanche Peak
3931,2787,108,13,127,34,1978,242,224,109,764,Aspen,Catacount,Comanche Peak
3932,2279,151,9,120,17,234,231,240,140,309,Cottonwood/Willow,Catacount,Cache la Poudre
3933,2289,160,20,120,35,339,236,240,124,446,Ponderosa Pine,Vanet,Cache la Poudre
3934,2192,159,16,0,0,816,235,241,131,420,Cottonwood/Willow,Vanet,Cache la Poudre
3935,2191,190,18,0,0,841,218,251,161,421,Cottonwood/Willow,Vanet,Cache la Poudre
3936,2322,45,15,285,98,1127,223,206,113,350,Ponderosa Pine,Vanet,Cache la Poudre
3937,2157,8,7,30,0,1115,212,227,152,859,Cottonwood/Willow,Cryaquolis,Cache la Poudre
3938,2154,187,20,0,0,1140,218,250,157,918,Cottonwood/Willow,Cryaquolis,Cache la Poudre
3939,2149,107,18,30,4,1276,247,216,90,1184,Cottonwood/Willow,Cathedral,Cache la Poudre
3940,2144,22,7,0,0,1291,216,225,146,1213,Cottonwood/Willow,Cryaquolis,Cache la Poudre
3941,2150,352,26,42,12,1323,166,187,152,1273,Cottonwood/Willow,Cryaquolis,Cache la Poudre
3942,2141,328,9,30,6,1341,199,230,171,1410,Cottonwood/Willow,Cryaquolis,Cache la Poudre
3943,2128,27,9,0,0,1154,217,221,140,1448,Cottonwood/Willow,Cryaquolis,Cache la Poudre
3944,2126,72,10,0,0,1140,232,220,119,1448,Cottonwood/Willow,Cryaquolis,Cache la Poudre
3945,2117,88,17,30,2,1127,243,211,92,1431,Cottonwood/Willow,Cryaquolis,Cache la Poudre
3946,2116,307,17,0,0,1092,173,228,195,1384,Cottonwood/Willow,Cryaquolis,Cache la Poudre
3947,2124,317,13,0,0,1082,186,229,182,1370,Cottonwood/Willow,Cryaquolis,Cache la Poudre
3948,2125,307,7,30,1,1072,201,236,175,1355,Cottonwood/Willow,Cryaquolis,Cache la Poudre
3949,2131,271,15,60,7,1063,179,244,204,1342,Cottonwood/Willow,Cryaquolis,Cache la Poudre
3950,2219,12,23,201,98,1024,190,187,127,1262,Ponderosa Pine,Cathedral,Cache la Poudre
3951,2212,331,28,218,91,1020,144,193,182,1237,Ponderosa Pine,Catacount,Cache la Poudre
3952,2306,342,26,361,197,1127,156,190,166,1230,Ponderosa Pine,Catacount,Cache la Poudre
3953,2328,67,12,339,145,1340,232,215,113,1020,Cottonwood/Willow,Vanet,Cache la Poudre
3954,2310,114,14,300,127,1374,243,225,108,967,Cottonwood/Willow,Vanet,Cache la Poudre
3955,2304,135,14,283,141,1392,241,233,118,942,Cottonwood/Willow,Haploborolis,Cache la Poudre
3956,2292,136,19,256,129,1429,246,229,104,890,Cottonwood/Willow,Haploborolis,Cache la Poudre
3957,2285,138,20,242,127,1448,246,229,102,865,Cottonwood/Willow,Haploborolis,Cache la Poudre
3958,2269,133,24,216,111,1410,250,221,85,816,Cottonwood/Willow,Haploborolis,Cache la Poudre
3959,2259,126,25,201,101,1392,252,213,73,792,Cottonwood/Willow,Haploborolis,Cache la Poudre
3960,2246,118,27,190,100,1374,254,204,59,768,Cottonwood/Willow,Haploborolis,Cache la Poudre
3961,2205,128,26,150,69,1323,252,214,73,700,Cottonwood/Willow,Haploborolis,Cache la Poudre
3962,2194,128,28,127,58,1307,252,209,64,679,Cottonwood/Willow,Haploborolis,Cache la Poudre
3963,2181,124,29,108,51,1291,253,204,56,658,Cottonwood/Willow,Haploborolis,Cache la Poudre
3964,2171,356,20,0,0,1130,184,201,151,480,Ponderosa Pine,Catacount,Cache la Poudre
3965,2227,346,23,0,0,1124,168,195,161,607,Cottonwood/Willow,Catacount,Cache la Poudre
3966,2231,345,20,0,0,1130,177,205,164,577,Cottonwood/Willow,Catacount,Cache la Poudre
3967,2230,337,14,0,0,1136,189,221,170,547,Cottonwood/Willow,Catacount,Cache la Poudre
3968,2259,228,14,30,5,1103,199,252,188,400,Ponderosa Pine,Cathedral,Cache la Poudre
3969,2340,275,28,108,44,1041,133,233,232,201,Ponderosa Pine,Vanet,Cache la Poudre
3970,2280,4,7,0,0,1048,211,227,153,371,Cottonwood/Willow,Cryaquolis,Cache la Poudre
3971,2058,9,5,0,0,646,215,230,153,811,Cottonwood/Willow,Haploborolis,Cache la Poudre
3972,2063,321,17,0,0,618,175,222,186,787,Cottonwood/Willow,Pachic Argiborolis,Cache la Poudre
3973,2140,14,28,234,74,300,181,169,112,552,Douglas-fir,Catacount,Cache la Poudre
3974,2127,27,27,192,72,268,197,169,95,532,Douglas-fir,Catacount,Cache la Poudre
3975,2043,334,27,67,39,319,149,194,178,541,Douglas-fir,Catacount,Cache la Poudre
3976,2072,240,26,212,74,433,162,250,218,607,Ponderosa Pine,Vanet,Cache la Poudre
3977,2769,117,17,67,19,2040,246,222,99,745,Lodgepole Pine,Catacount,Comanche Peak
3978,2776,8,21,85,28,2465,190,192,134,644,Lodgepole Pine,Catacount,Comanche Peak
3979,2279,207,17,90,17,297,207,253,177,376,Ponderosa Pine,Catacount,Cache la Poudre
3980,2198,126,13,0,0,787,242,231,115,395,Cottonwood/Willow,Pachic Argiborolis,Cache la Poudre
3981,2187,205,4,0,0,882,217,243,162,395,Cottonwood/Willow,Pachic Argiborolis,Cache la Poudre
3982,2199,188,24,0,0,932,215,249,155,408,Cottonwood/Willow,Vanet,Cache la Poudre
3983,2159,335,7,0,0,1110,205,231,165,779,Cottonwood/Willow,Cryaquolis,Cache la Poudre
3984,2173,348,28,30,17,1131,157,183,157,837,Cottonwood/Willow,Cryaquolis,Cache la Poudre
3985,2152,45,14,0,0,1167,223,210,118,924,Cottonwood/Willow,Cryaquolis,Cache la Poudre
3986,2147,207,4,0,0,1181,217,244,163,953,Cottonwood/Willow,Cryaquolis,Cache la Poudre
3987,2154,219,21,30,7,1195,192,254,192,983,Cottonwood/Willow,Cryaquolis,Cache la Poudre
3988,2166,207,28,30,13,1209,189,252,183,1012,Cottonwood/Willow,Cathedral,Cache la Poudre
3989,2151,328,22,0,0,1317,160,208,184,1218,Cottonwood/Willow,Cryaquolis,Cache la Poudre
3990,2184,21,35,67,41,1207,174,145,86,1451,Ponderosa Pine,Catacount,Cache la Poudre
3991,2137,24,21,30,7,1128,203,189,115,1477,Cottonwood/Willow,Cryaquolis,Cache la Poudre
3992,2123,46,23,0,0,1100,220,184,88,1456,Cottonwood/Willow,Cryaquolis,Cache la Poudre
3993,2115,335,19,30,8,1075,174,211,175,1425,Cottonwood/Willow,Cryaquolis,Cache la Poudre
3994,2130,341,13,0,0,1053,192,220,166,1396,Cottonwood/Willow,Cryaquolis,Cache la Poudre
3995,2128,4,7,30,4,1044,211,227,153,1382,Cottonwood/Willow,Cryaquolis,Cache la Poudre
3996,2129,275,12,42,-2,1034,188,243,194,1369,Cottonwood/Willow,Cryaquolis,Cache la Poudre
3997,2225,332,23,247,111,990,160,204,180,1266,Ponderosa Pine,Catacount,Cache la Poudre
3998,2268,10,31,272,143,997,171,163,116,1233,Ponderosa Pine,Catacount,Cache la Poudre
3999,2326,261,6,404,143,1242,205,243,177,1140,Cottonwood/Willow,Vanet,Cache la Poudre
4000,2332,225,3,361,144,1279,215,242,165,1087,Cottonwood/Willow,Vanet,Cache la Poudre
4001,2315,119,21,297,132,1332,250,217,84,1008,Cottonwood/Willow,Vanet,Cache la Poudre
4002,2285,142,21,228,122,1406,245,229,101,907,Cottonwood/Willow,Haploborolis,Cache la Poudre
4003,2276,140,23,216,113,1425,247,226,95,882,Cottonwood/Willow,Haploborolis,Cache la Poudre
4004,2268,140,24,201,110,1445,247,225,92,858,Cottonwood/Willow,Haploborolis,Cache la Poudre
4005,2259,138,26,190,101,1434,249,221,84,834,Cottonwood/Willow,Haploborolis,Cache la Poudre
4006,2249,134,26,175,91,1416,250,217,78,811,Cottonwood/Willow,Haploborolis,Cache la Poudre
4007,2225,114,25,153,79,1381,253,206,65,765,Cottonwood/Willow,Haploborolis,Cache la Poudre
4008,2198,104,23,127,58,1348,251,203,66,721,Cottonwood/Willow,Haploborolis,Cache la Poudre
4009,2184,108,26,108,48,1333,253,200,58,700,Cottonwood/Willow,Haploborolis,Cache la Poudre
4010,2171,114,27,85,35,1317,254,200,55,680,Cottonwood/Willow,Haploborolis,Cache la Poudre
4011,2132,106,16,30,6,1275,246,219,97,624,Cottonwood/Willow,Haploborolis,Cache la Poudre
4012,2250,313,12,0,0,1155,189,231,182,454,Cottonwood/Willow,Catacount,Cache la Poudre
4013,2254,312,13,0,0,1142,185,230,185,424,Cottonwood/Willow,Cathedral,Cache la Poudre
4014,2260,310,13,0,0,1131,185,231,186,395,Cottonwood/Willow,Cathedral,Cache la Poudre
4015,2264,310,11,0,0,1120,189,232,183,365,Cottonwood/Willow,Cathedral,Cache la Poudre
4016,2370,189,14,162,68,1057,219,250,161,108,Ponderosa Pine,Vanet,Cache la Poudre
4017,2362,117,15,212,50,1052,244,225,106,67,Ponderosa Pine,Vanet,Cache la Poudre
4018,2317,90,8,67,15,1052,233,227,127,190,Ponderosa Pine,Vanet,Cache la Poudre
4019,2291,129,16,0,0,1065,244,229,108,306,Cottonwood/Willow,Vanet,Cache la Poudre
4020,2284,4,3,0,0,1071,215,233,155,335,Cottonwood/Willow,Cryaquolis,Cache la Poudre
4021,2128,55,18,127,73,277,229,199,97,547,Ponderosa Pine,Catacount,Cache la Poudre
4022,2032,61,12,0,0,295,230,214,115,547,Cottonwood/Willow,Cathedral,Cache la Poudre
4023,2044,312,28,60,24,324,133,206,208,560,Douglas-fir,Catacount,Cache la Poudre
4024,2055,325,26,85,42,342,147,202,190,569,Douglas-fir,Catacount,Cache la Poudre
4025,2832,107,17,258,73,1889,247,217,92,960,Aspen,Catacount,Comanche Peak
4026,2943,233,15,108,27,324,194,252,193,1325,Lodgepole Pine,Catacount,Comanche Peak
4027,2270,148,12,60,8,283,236,239,131,342,Cottonwood/Willow,Catacount,Cache la Poudre
4028,2205,139,22,0,0,764,247,227,97,379,Cottonwood/Willow,Vanet,Cache la Poudre
4029,2225,172,28,30,8,1090,224,239,127,242,Cottonwood/Willow,Cathedral,Cache la Poudre
4030,2161,310,4,0,0,1129,209,237,166,759,Cottonwood/Willow,Cryaquolis,Cache la Poudre
4031,2165,309,19,0,0,1138,164,224,198,787,Cottonwood/Willow,Cryaquolis,Cache la Poudre
4032,2178,314,30,30,19,1148,127,201,206,816,Cottonwood/Willow,Cryaquolis,Cache la Poudre
4033,2156,18,28,0,0,1207,187,170,107,960,Cottonwood/Willow,Cryaquolis,Cache la Poudre
4034,2153,217,2,0,0,1235,217,241,161,1019,Cottonwood/Willow,Cryaquolis,Cache la Poudre
4035,2157,177,18,0,0,1282,226,247,147,1106,Cottonwood/Willow,Cryaquolis,Cache la Poudre
4036,2153,326,20,0,0,1329,165,213,185,1194,Cottonwood/Willow,Cryaquolis,Cache la Poudre
4037,2191,33,33,90,48,1165,194,149,69,1485,Ponderosa Pine,Catacount,Cache la Poudre
4038,2138,13,11,0,0,1025,209,217,144,1422,Cottonwood/Willow,Catacount,Cache la Poudre
4039,2331,339,25,384,206,1060,158,195,171,1283,Ponderosa Pine,Catacount,Cache la Poudre
4040,2320,150,8,404,139,1200,231,240,141,1181,Cottonwood/Willow,Vanet,Cache la Poudre
4041,2325,198,17,361,142,1237,212,252,169,1128,Cottonwood/Willow,Vanet,Cache la Poudre
4042,2327,188,15,339,144,1256,220,250,159,1101,Cottonwood/Willow,Vanet,Cache la Poudre
4043,2298,129,21,255,115,1326,249,222,90,999,Cottonwood/Willow,Haploborolis,Cache la Poudre
4044,2289,133,21,234,106,1345,248,225,95,973,Cottonwood/Willow,Haploborolis,Cache la Poudre
4045,2274,142,23,201,111,1383,246,227,96,924,Cottonwood/Willow,Haploborolis,Cache la Poudre
4046,2257,141,25,175,94,1423,247,225,91,876,Cottonwood/Willow,Haploborolis,Cache la Poudre
4047,2248,137,26,162,90,1443,249,221,83,853,Cottonwood/Willow,Haploborolis,Cache la Poudre
4048,2237,136,26,150,79,1440,249,219,81,830,Cottonwood/Willow,Haploborolis,Cache la Poudre
4049,2228,134,25,134,70,1423,250,220,83,807,Cottonwood/Willow,Haploborolis,Cache la Poudre
4050,2219,128,23,124,61,1406,250,219,83,785,Cottonwood/Willow,Haploborolis,Cache la Poudre
4051,2151,113,25,42,15,1329,253,205,64,684,Cottonwood/Willow,Haploborolis,Cache la Poudre
4052,2130,82,7,0,0,1301,230,228,132,649,Cottonwood/Willow,Haploborolis,Cache la Poudre
4053,2133,322,11,0,0,1289,191,229,177,633,Cottonwood/Willow,Vanet,Cache la Poudre
4054,2166,260,15,67,8,1216,181,247,204,553,Ponderosa Pine,Catacount,Cache la Poudre
4055,2261,359,29,60,34,1189,164,174,137,571,Ponderosa Pine,Catacount,Cache la Poudre
4056,2276,326,18,0,0,1138,174,218,183,331,Cottonwood/Willow,Cathedral,Cache la Poudre
4057,2315,134,14,42,13,1082,241,233,118,182,Ponderosa Pine,Vanet,Cache la Poudre
4058,2292,108,13,0,0,1090,241,225,111,272,Cottonwood/Willow,Cryaquolis,Cache la Poudre
4059,2321,322,21,85,41,1121,163,214,189,421,Douglas-fir,Catacount,Cache la Poudre
4060,2329,312,14,134,49,1138,182,229,187,481,Douglas-fir,Vanet,Cache la Poudre
4061,2068,65,5,0,0,725,225,230,140,895,Cottonwood/Willow,Haploborolis,Cache la Poudre
4062,2129,323,32,134,76,541,124,189,195,745,Douglas-fir,Catacount,Cache la Poudre
4063,2036,102,17,0,0,313,246,215,91,573,Cottonwood/Willow,Cathedral,Cache la Poudre
4064,3193,78,8,67,4,3722,231,226,128,3130,Krummholz,Cryaquolis,Rawah
4065,3055,190,12,361,63,1864,220,249,161,3800,Spruce_Fir,Cryaquolis,Rawah
4066,2886,102,16,339,120,1813,245,218,98,1099,Lodgepole Pine,Catacount,Comanche Peak
4067,2782,127,16,108,28,2029,245,228,106,850,Aspen,Catacount,Comanche Peak
4068,2971,198,16,124,22,1293,214,252,168,1599,Lodgepole Pine,Catacount,Comanche Peak
4069,2205,123,21,0,0,764,250,219,87,362,Cottonwood/Willow,Vanet,Cache la Poudre
4070,2198,11,4,0,0,785,216,232,153,351,Cottonwood/Willow,Pachic Argiborolis,Cache la Poudre
4071,2199,17,21,60,9,942,197,190,123,342,Ponderosa Pine,Catacount,Cache la Poudre
4072,2224,133,20,0,0,1130,248,226,96,272,Cottonwood/Willow,Cathedral,Cache la Poudre
4073,2212,164,8,0,0,1120,228,243,147,272,Cottonwood/Willow,Cryaquolis,Cache la Poudre
4074,2214,219,6,0,0,1116,213,246,170,277,Cottonwood/Willow,Cathedral,Cache la Poudre
4075,2222,191,22,30,8,1110,213,251,161,324,Cottonwood/Willow,Cathedral,Cache la Poudre
4076,2226,186,23,30,11,1110,217,249,153,342,Cottonwood/Willow,Cathedral,Cache la Poudre
4077,2216,145,6,0,0,1110,228,239,144,404,Cottonwood/Willow,Cryaquolis,Cache la Poudre
4078,2213,139,5,0,0,1110,227,238,145,426,Cottonwood/Willow,Cryaquolis,Cache la Poudre
4079,2215,193,12,0,0,1110,219,249,163,450,Cottonwood/Willow,Cathedral,Cache la Poudre
4080,2161,74,8,0,0,1150,230,224,127,741,Cottonwood/Willow,Cryaquolis,Cache la Poudre
4081,2162,289,9,0,0,1158,196,239,183,769,Cottonwood/Willow,Cryaquolis,Cache la Poudre
4082,2171,21,35,30,15,1248,175,146,86,997,Ponderosa Pine,Catacount,Cache la Poudre
4083,2127,255,5,30,-4,977,209,243,172,1423,Cottonwood/Willow,Cryaquolis,Cache la Poudre
4084,2138,252,20,42,8,968,170,249,214,1410,Cottonwood/Willow,Cryaquolis,Cache la Poudre
4085,2344,351,18,426,219,1047,185,206,157,1318,Ponderosa Pine,Catacount,Cache la Poudre
4086,2326,87,20,404,146,1158,244,204,80,1221,Cottonwood/Willow,Vanet,Cache la Poudre
4087,2314,122,16,382,134,1176,245,226,105,1195,Cottonwood/Willow,Vanet,Cache la Poudre
4088,2311,167,18,361,130,1195,232,244,135,1168,Cottonwood/Willow,Vanet,Cache la Poudre
4089,2310,191,23,339,129,1214,212,250,160,1142,Cottonwood/Willow,Haploborolis,Cache la Poudre
4090,2318,193,23,319,135,1231,211,251,164,1116,Cottonwood/Willow,Vanet,Cache la Poudre
4091,2291,131,22,234,108,1302,249,222,88,1015,Cottonwood/Willow,Haploborolis,Cache la Poudre
4092,2282,132,21,212,99,1321,248,224,94,990,Cottonwood/Willow,Haploborolis,Cache la Poudre
4093,2264,133,23,175,81,1360,249,222,88,942,Cottonwood/Willow,Haploborolis,Cache la Poudre
4094,2238,134,24,134,75,1421,249,220,84,872,Cottonwood/Willow,Haploborolis,Cache la Poudre
4095,2228,134,26,124,70,1442,250,218,80,850,Cottonwood/Willow,Haploborolis,Cache la Poudre
4096,2218,138,25,108,60,1448,248,222,86,828,Cottonwood/Willow,Haploborolis,Cache la Poudre
4097,2201,139,24,90,43,1415,248,225,91,785,Cottonwood/Willow,Haploborolis,Cache la Poudre
4098,2180,117,31,67,40,1384,254,194,42,745,Cottonwood/Willow,Haploborolis,Cache la Poudre
4099,2147,116,22,30,11,1355,251,213,77,708,Cottonwood/Willow,Haploborolis,Cache la Poudre
4100,2345,216,21,120,43,1120,194,254,189,120,Ponderosa Pine,Vanet,Cache la Poudre
4101,2341,110,14,127,29,1110,243,224,107,30,Ponderosa Pine,Vanet,Cache la Poudre
4102,2297,68,8,0,0,1116,228,225,130,240,Cottonwood/Willow,Cryaquolis,Cache la Poudre
4103,2333,317,13,150,52,1167,186,229,182,457,Douglas-fir,Vanet,Cache la Poudre
4104,2071,87,10,30,3,765,235,224,119,912,Cottonwood/Willow,Haploborolis,Cache la Poudre
4105,2072,327,13,0,0,738,189,225,176,914,Cottonwood/Willow,Pachic Argiborolis,Cache la Poudre
4106,2079,324,21,30,11,711,162,213,188,892,Douglas-fir,Pachic Argiborolis,Cache la Poudre
4107,2120,308,27,108,62,607,135,211,210,807,Douglas-fir,Catacount,Cache la Poudre
4108,2145,321,31,150,87,558,127,194,198,768,Douglas-fir,Catacount,Cache la Poudre
4109,2155,326,30,175,102,534,133,192,191,750,Douglas-fir,Catacount,Cache la Poudre
4110,2186,350,19,283,147,446,183,205,158,685,Douglas-fir,Catacount,Cache la Poudre
4111,2132,119,29,108,66,342,254,202,54,612,Ponderosa Pine,Cathedral,Cache la Poudre
4112,2082,130,36,42,27,330,251,195,39,601,Ponderosa Pine,Cathedral,Cache la Poudre
4113,3194,71,10,60,5,3723,231,221,121,3156,Krummholz,Cryaquolis,Rawah
4114,3100,96,31,162,32,2794,251,180,33,3697,Spruce_Fir,Leighcan,Rawah
4115,3060,205,15,395,80,1627,210,252,174,3565,Spruce_Fir,Leighcan,Rawah
4116,2845,112,23,255,81,1894,252,209,71,1045,Aspen,Catacount,Comanche Peak
4117,2807,122,18,175,48,1974,248,222,95,955,Aspen,Catacount,Comanche Peak
4118,2808,253,15,0,0,1921,184,249,202,1068,Spruce_Fir,Catacount,Comanche Peak
4119,2253,170,5,0,0,404,224,242,153,474,Cottonwood/Willow,Catacount,Cache la Poudre
4120,2253,191,7,0,0,424,220,246,161,499,Cottonwood/Willow,Catacount,Cache la Poudre
4121,2203,18,6,0,0,785,216,227,149,335,Cottonwood/Willow,Pachic Argiborolis,Cache la Poudre
4122,2210,329,19,90,11,1057,172,214,180,366,Ponderosa Pine,Catacount,Cache la Poudre
4123,2219,110,10,0,0,1159,237,230,123,301,Cottonwood/Willow,Cryaquolis,Cache la Poudre
4124,2215,350,12,30,-1,1150,198,219,160,301,Douglas-fir,Cryaquolis,Cache la Poudre
4125,2220,340,15,0,0,1146,186,216,168,306,Cottonwood/Willow,Cryaquolis,Cache la Poudre
4126,2214,357,5,0,0,1140,213,231,157,335,Cottonwood/Willow,Cryaquolis,Cache la Poudre
4127,2215,323,9,0,0,1140,196,230,174,350,Cottonwood/Willow,Cryaquolis,Cache la Poudre
4128,2217,340,12,0,0,1140,195,223,166,366,Cottonwood/Willow,Cryaquolis,Cache la Poudre
4129,2219,0,14,0,0,1140,199,214,151,384,Cottonwood/Willow,Cryaquolis,Cache la Poudre
4130,2221,354,17,0,0,1140,189,207,155,404,Cottonwood/Willow,Cryaquolis,Cache la Poudre
4131,2226,356,21,30,7,1140,183,198,150,424,Cottonwood/Willow,Cryaquolis,Cache la Poudre
4132,2212,245,10,0,0,1140,200,248,186,492,Cottonwood/Willow,Cathedral,Cache la Poudre
4133,2164,40,16,0,0,1179,220,204,114,752,Cottonwood/Willow,Cryaquolis,Cache la Poudre
4134,2162,322,8,0,0,1187,200,232,172,780,Cottonwood/Willow,Cryaquolis,Cache la Poudre
4135,2172,261,18,30,10,1195,172,247,211,808,Cottonwood/Willow,Catacount,Cache la Poudre
4136,2172,8,33,60,19,1317,164,157,115,1092,Ponderosa Pine,Catacount,Cache la Poudre
4137,2225,34,37,150,95,1116,189,136,56,1544,Ponderosa Pine,Catacount,Cache la Poudre
4138,2137,54,20,0,0,959,227,192,89,1463,Cottonwood/Willow,Catacount,Cache la Poudre
4139,2132,252,14,30,2,940,188,249,198,1438,Cottonwood/Willow,Cryaquolis,Cache la Poudre
4140,2144,249,27,60,14,931,152,247,225,1426,Cottonwood/Willow,Cryaquolis,Cache la Poudre
4141,2340,99,21,404,159,1116,249,206,75,1262,Cottonwood/Willow,Vanet,Cache la Poudre
4142,2326,103,24,382,145,1134,252,200,62,1235,Cottonwood/Willow,Vanet,Cache la Poudre
4143,2312,113,22,361,132,1153,252,211,75,1209,Cottonwood/Willow,Vanet,Cache la Poudre
4144,2301,141,19,339,121,1172,244,232,109,1183,Cottonwood/Willow,Haploborolis,Cache la Poudre
4145,2306,183,21,277,123,1224,220,249,151,1107,Cottonwood/Willow,Vanet,Cache la Poudre
4146,2304,143,18,255,121,1242,243,234,113,1082,Cottonwood/Willow,Vanet,Cache la Poudre
4147,2293,118,21,234,105,1260,251,215,82,1057,Cottonwood/Willow,Vanet,Cache la Poudre
4148,2281,119,19,212,93,1279,249,220,92,1032,Cottonwood/Willow,Haploborolis,Cache la Poudre
4149,2257,118,22,150,74,1338,251,214,78,960,Cottonwood/Willow,Haploborolis,Cache la Poudre
4150,2245,128,23,134,62,1358,251,218,81,937,Cottonwood/Willow,Haploborolis,Cache la Poudre
4151,2238,139,24,124,75,1379,248,224,90,914,Cottonwood/Willow,Haploborolis,Cache la Poudre
4152,2229,138,27,108,66,1400,249,219,80,892,Cottonwood/Willow,Haploborolis,Cache la Poudre
4153,2206,141,28,85,48,1442,247,220,82,849,Cottonwood/Willow,Haploborolis,Cache la Poudre
4154,2199,146,27,67,41,1456,245,225,90,828,Cottonwood/Willow,Haploborolis,Cache la Poudre
4155,2190,147,28,60,32,1441,244,224,88,807,Cottonwood/Willow,Haploborolis,Cache la Poudre
4156,2181,143,29,60,23,1425,246,219,80,787,Cottonwood/Willow,Haploborolis,Cache la Poudre
4157,2170,129,31,42,24,1410,252,205,56,768,Cottonwood/Willow,Haploborolis,Cache la Poudre
4158,2140,109,14,0,0,1382,243,224,108,732,Cottonwood/Willow,Haploborolis,Cache la Poudre
4159,2215,12,25,30,14,1243,187,182,123,601,Ponderosa Pine,Catacount,Cache la Poudre
4160,2317,97,13,42,8,1140,241,220,106,124,Ponderosa Pine,Vanet,Cache la Poudre
4161,2068,327,34,67,32,390,119,181,190,641,Douglas-fir,Catacount,Cache la Poudre
4162,2090,15,23,175,70,450,193,186,123,674,Douglas-fir,Catacount,Cache la Poudre
4163,3052,195,16,361,72,1660,216,251,165,3598,Spruce_Fir,Leighcan,Rawah
4164,2897,223,8,90,13,1610,210,248,174,1543,Aspen,Catacount,Comanche Peak
4165,2260,126,4,0,0,295,227,237,145,366,Cottonwood/Willow,Catacount,Cache la Poudre
4166,2251,175,5,0,0,467,223,243,154,541,Cottonwood/Willow,Catacount,Cache la Poudre
4167,2212,129,23,0,0,768,251,218,82,342,Cottonwood/Willow,Vanet,Cache la Poudre
4168,2206,24,3,0,0,787,218,233,152,324,Cottonwood/Willow,Pachic Argiborolis,Cache la Poudre
4169,2376,0,1,446,212,1423,217,236,156,711,Ponderosa Pine,Vanet,Cache la Poudre
4170,2220,48,7,0,0,1189,223,224,136,331,Cottonwood/Willow,Cryaquolis,Cache la Poudre
4171,2238,2,36,30,21,1170,146,147,120,408,Ponderosa Pine,Catacount,Cache la Poudre
4172,2169,338,11,0,0,1224,195,224,168,819,Cottonwood/Willow,Cryaquolis,Cache la Poudre
4173,2175,223,10,0,0,1233,208,250,178,847,Cottonwood/Willow,Cryaquolis,Cache la Poudre
4174,2177,192,19,0,0,1243,215,251,163,875,Cottonwood/Willow,Cryaquolis,Cache la Poudre
4175,2223,340,39,120,79,1209,111,153,163,1477,Ponderosa Pine,Catacount,Cache la Poudre
4176,2175,7,28,120,37,979,174,172,124,1544,Ponderosa Pine,Catacount,Cache la Poudre
4177,2341,320,17,395,216,911,174,221,186,1351,Ponderosa Pine,Vanet,Cache la Poudre
4178,2351,351,17,430,226,953,188,209,157,1362,Ponderosa Pine,Catacount,Cache la Poudre
4179,2344,117,17,404,160,1074,247,222,97,1302,Cottonwood/Willow,Vanet,Cache la Poudre
4180,2333,109,22,382,149,1092,251,209,75,1276,Cottonwood/Willow,Vanet,Cache la Poudre
4181,2320,102,24,361,139,1110,252,200,62,1250,Cottonwood/Willow,Vanet,Cache la Poudre
4182,2294,114,19,319,114,1148,249,218,89,1199,Cottonwood/Willow,Haploborolis,Cache la Poudre
4183,2289,157,16,297,109,1165,236,241,130,1173,Cottonwood/Willow,Haploborolis,Cache la Poudre
4184,2289,190,21,277,108,1182,215,251,160,1148,Cottonwood/Willow,Haploborolis,Cache la Poudre
4185,2293,199,22,255,112,1200,207,253,171,1123,Cottonwood/Willow,Haploborolis,Cache la Poudre
4186,2290,116,17,212,107,1237,247,222,97,1074,Cottonwood/Willow,Haploborolis,Cache la Poudre
4187,2274,109,17,170,86,1276,247,218,94,1026,Cottonwood/Willow,Haploborolis,Cache la Poudre
4188,2253,115,24,127,70,1316,252,209,70,979,Cottonwood/Willow,Haploborolis,Cache la Poudre
4189,2194,145,31,60,31,1421,245,217,75,870,Cottonwood/Willow,Haploborolis,Cache la Poudre
4190,2183,150,31,42,25,1443,241,221,83,850,Cottonwood/Willow,Haploborolis,Cache la Poudre
4191,2175,152,31,30,17,1465,240,223,88,830,Cottonwood/Willow,Haploborolis,Cache la Poudre
4192,2165,149,28,30,7,1451,243,225,91,811,Cottonwood/Willow,Haploborolis,Cache la Poudre
4193,2156,135,22,30,10,1437,248,224,92,792,Cottonwood/Willow,Haploborolis,Cache la Poudre
4194,2146,100,14,0,0,1422,243,219,102,774,Cottonwood/Willow,Haploborolis,Cache la Poudre
4195,2140,21,10,0,0,1409,214,219,141,757,Cottonwood/Willow,Vanet,Cache la Poudre
4196,2289,297,29,124,54,1260,126,216,223,664,Ponderosa Pine,Catacount,Cache la Poudre
4197,2307,18,23,134,63,1277,196,185,118,573,Ponderosa Pine,Catacount,Cache la Poudre
4198,2289,335,22,120,45,1265,164,204,176,454,Ponderosa Pine,Catacount,Cache la Poudre
4199,2325,302,8,95,23,1184,199,237,177,162,Cottonwood/Willow,Vanet,Cache la Poudre
4200,2338,248,9,150,12,1176,202,247,183,108,Cottonwood/Willow,Vanet,Cache la Poudre
4201,2309,51,3,0,0,1170,221,232,148,162,Cottonwood/Willow,Vanet,Cache la Poudre
4202,2312,344,8,0,0,1172,203,227,163,190,Cottonwood/Willow,Cryaquolis,Cache la Poudre
4203,2083,316,15,0,0,793,178,225,187,886,Cottonwood/Willow,Pachic Argiborolis,Cache la Poudre
4204,2102,318,24,42,21,741,149,210,197,933,Douglas-fir,Catacount,Cache la Poudre
4205,2147,285,28,170,80,618,130,226,229,834,Douglas-fir,Catacount,Cache la Poudre
4206,2081,111,28,30,15,391,254,197,50,663,Ponderosa Pine,Cathedral,Cache la Poudre
4207,2055,45,11,0,0,391,223,217,127,660,Cottonwood/Willow,Catacount,Cache la Poudre
4208,3197,36,12,42,6,3696,219,212,127,3223,Krummholz,Leighcan,Rawah
4209,2903,337,31,256,54,270,138,181,173,1661,Spruce_Fir,Legault,Rawah
4210,2890,239,6,60,6,1611,210,245,173,1595,Aspen,Catacount,Comanche Peak
4211,2893,220,8,60,8,1637,211,248,173,1557,Aspen,Catacount,Comanche Peak
4212,2900,230,7,67,13,1664,209,247,175,1504,Aspen,Catacount,Comanche Peak
4213,2798,112,18,134,34,2018,248,219,93,997,Aspen,Catacount,Comanche Peak
4214,2826,29,14,242,68,2520,214,208,127,759,Lodgepole Pine,Leighcan,Comanche Peak
4215,2313,123,17,150,32,90,246,225,101,342,Ponderosa Pine,Catacount,Cache la Poudre
4216,2307,136,15,127,26,108,242,233,117,335,Ponderosa Pine,Catacount,Cache la Poudre
4217,2247,68,4,0,0,509,224,231,142,582,Cottonwood/Willow,Catacount,Cache la Poudre
4218,2246,204,5,0,0,531,217,244,163,607,Cottonwood/Willow,Catacount,Cache la Poudre
4219,2216,132,19,0,0,774,247,226,100,339,Cottonwood/Willow,Pachic Argiborolis,Cache la Poudre
4220,2241,332,14,42,10,1203,187,222,174,371,Douglas-fir,Catacount,Cache la Poudre
4221,2266,350,38,60,52,1200,127,149,142,417,Ponderosa Pine,Catacount,Cache la Poudre
4222,2216,100,23,0,0,1200,250,203,69,509,Cottonwood/Willow,Vanet,Cache la Poudre
4223,2175,18,24,30,6,1262,194,183,117,859,Cottonwood/Willow,Cryaquolis,Cache la Poudre
4224,2173,22,13,30,-1,1271,211,211,134,886,Cottonwood/Willow,Cryaquolis,Cache la Poudre
4225,2172,296,8,0,0,1282,197,238,180,914,Cottonwood/Willow,Cryaquolis,Cache la Poudre
4226,2182,272,24,0,0,1292,150,239,225,942,Cottonwood/Willow,Cryaquolis,Cache la Poudre
4227,2255,344,40,153,111,1167,114,149,155,1482,Ponderosa Pine,Catacount,Cache la Poudre
4228,2246,46,37,190,114,1050,203,134,36,1557,Ponderosa Pine,Catacount,Cache la Poudre
4229,2135,13,8,0,0,882,213,225,149,1493,Cottonwood/Willow,Cryaquolis,Cache la Poudre
4230,2140,265,13,30,5,874,187,246,197,1482,Cottonwood/Willow,Cryaquolis,Cache la Poudre
4231,2358,337,12,437,233,902,195,224,168,1385,Ponderosa Pine,Vanet,Cache la Poudre
4232,2355,82,5,446,162,999,227,231,138,1396,Cottonwood/Willow,Vanet,Cache la Poudre
4233,2353,114,8,424,160,1015,235,232,129,1370,Cottonwood/Willow,Vanet,Cache la Poudre
4234,2340,97,15,382,153,1050,243,217,99,1317,Cottonwood/Willow,Vanet,Cache la Poudre
4235,2332,93,20,361,148,1068,247,206,79,1291,Cottonwood/Willow,Vanet,Cache la Poudre
4236,2321,93,23,339,137,1087,249,198,65,1266,Cottonwood/Willow,Vanet,Cache la Poudre
4237,2294,102,23,297,113,1123,251,204,69,1215,Cottonwood/Willow,Haploborolis,Cache la Poudre
4238,2282,128,19,277,102,1140,247,225,98,1190,Cottonwood/Willow,Haploborolis,Cache la Poudre
4239,2276,178,18,255,96,1158,225,248,149,1165,Cottonwood/Willow,Haploborolis,Cache la Poudre
4240,2281,210,21,234,100,1176,199,254,183,1140,Cottonwood/Willow,Haploborolis,Cache la Poudre
4241,2289,189,16,212,108,1195,219,250,160,1116,Cottonwood/Willow,Haploborolis,Cache la Poudre
4242,2285,139,16,192,102,1214,242,233,115,1092,Cottonwood/Willow,Haploborolis,Cache la Poudre
4243,2206,125,32,60,23,1358,253,198,46,933,Cottonwood/Willow,Haploborolis,Cache la Poudre
4244,2189,135,33,42,26,1379,250,205,55,912,Cottonwood/Willow,Haploborolis,Cache la Poudre
4245,2177,144,31,30,14,1401,245,216,74,892,Cottonwood/Willow,Haploborolis,Cache la Poudre
4246,2166,148,27,30,8,1423,244,226,93,872,Cottonwood/Willow,Haploborolis,Cache la Poudre
4247,2158,149,19,0,0,1445,241,235,115,853,Cottonwood/Willow,Haploborolis,Cache la Poudre
4248,2150,55,6,0,0,1463,224,227,139,816,Cottonwood/Willow,Haploborolis,Cache la Poudre
4249,2182,7,15,0,0,1348,200,208,143,684,Ponderosa Pine,Catacount,Cache la Poudre
4250,2246,343,27,60,35,1307,155,188,165,660,Ponderosa Pine,Catacount,Cache la Poudre
4251,2277,292,33,90,42,1290,113,214,232,684,Ponderosa Pine,Catacount,Cache la Poudre
4252,2336,0,20,67,27,1224,186,198,146,228,Ponderosa Pine,Catacount,Cache la Poudre
4253,2321,129,17,42,10,1200,245,228,106,108,Ponderosa Pine,Vanet,Cache la Poudre
4254,2312,77,3,0,0,1200,224,233,145,150,Cottonwood/Willow,Vanet,Cache la Poudre
4255,2094,126,18,30,6,886,247,225,98,792,Cottonwood/Willow,Haploborolis,Cache la Poudre
4256,2080,337,8,0,0,834,203,229,165,847,Cottonwood/Willow,Pachic Argiborolis,Cache la Poudre
4257,2062,75,12,0,0,420,234,217,113,691,Cottonwood/Willow,Catacount,Cache la Poudre
4258,2115,6,26,201,83,499,178,180,130,731,Douglas-fir,Catacount,Cache la Poudre
4259,2119,354,26,228,92,516,167,186,149,741,Douglas-fir,Catacount,Cache la Poudre
4260,2122,323,16,234,27,421,177,221,183,808,Douglas-fir,Catacount,Cache la Poudre
4261,3200,14,12,60,9,3668,209,216,143,3264,Krummholz,Cryaquolis,Rawah
4262,2932,339,24,60,14,384,161,198,171,2278,Spruce_Fir,Legault,Rawah
4263,2932,337,18,335,95,350,178,212,172,1499,Lodgepole Pine,Legault,Rawah
4264,2912,39,13,306,102,306,220,212,124,607,Lodgepole Pine,Legault,Rawah
4265,2820,41,5,42,0,1342,221,228,143,972,Aspen,Cryaquolis,Comanche Peak
4266,2826,347,6,30,6,1415,208,230,160,1120,Aspen,Cryaquolis,Comanche Peak
4267,2826,343,6,42,-1,1431,208,231,161,1150,Aspen,Cryaquolis,Comanche Peak
4268,2888,209,5,30,4,1639,216,244,165,1597,Aspen,Catacount,Comanche Peak
4269,2898,164,8,95,7,1717,227,243,148,1466,Aspen,Catacount,Comanche Peak
4270,2894,176,8,212,3,1775,224,245,154,1365,Aspen,Catacount,Comanche Peak
4271,2896,173,9,272,5,1806,226,245,151,1315,Aspen,Catacount,Comanche Peak
4272,2824,115,21,170,58,1982,251,215,82,1082,Aspen,Catacount,Comanche Peak
4273,2795,111,17,108,31,2040,247,220,96,1019,Aspen,Catacount,Comanche Peak
4274,2787,109,16,95,23,2060,246,220,98,999,Aspen,Catacount,Comanche Peak
4275,2779,110,15,85,18,2081,244,222,103,979,Aspen,Catacount,Comanche Peak
4276,2270,45,8,0,0,255,223,223,135,379,Cottonwood/Willow,Catacount,Cache la Poudre
4277,2239,153,20,0,0,700,240,236,116,470,Cottonwood/Willow,Vanet,Cache la Poudre
4278,2232,147,27,0,0,722,244,225,92,443,Cottonwood/Willow,Vanet,Cache la Poudre
4279,2221,163,27,0,0,738,233,236,115,417,Cottonwood/Willow,Vanet,Cache la Poudre
4280,2224,175,28,30,3,752,223,241,132,391,Cottonwood/Willow,Vanet,Cache la Poudre
4281,2222,160,25,30,8,767,236,235,114,366,Cottonwood/Willow,Vanet,Cache la Poudre
4282,2243,255,19,30,12,1233,173,248,211,400,Douglas-fir,Catacount,Cache la Poudre
4283,2264,306,23,67,29,1230,150,219,207,418,Douglas-fir,Vanet,Cache la Poudre
4284,2233,69,34,30,17,1230,233,153,23,511,Ponderosa Pine,Vanet,Cache la Poudre
4285,2180,8,20,30,8,1310,193,196,137,926,Cottonwood/Willow,Cryaquolis,Cache la Poudre
4286,2190,293,23,0,0,1320,151,228,215,953,Cottonwood/Willow,Cryaquolis,Cache la Poudre
4287,2255,350,41,180,111,1199,116,138,137,1423,Ponderosa Pine,Catacount,Cache la Poudre
4288,2265,341,46,180,121,1183,85,128,154,1433,Ponderosa Pine,Catacount,Cache la Poudre
4289,2140,47,13,0,0,854,224,212,120,1521,Cottonwood/Willow,Catacount,Cache la Poudre
4290,2138,277,4,0,0,845,209,240,169,1510,Cottonwood/Willow,Cryaquolis,Cache la Poudre
4291,2364,51,10,446,170,957,225,219,127,1437,Cottonwood/Willow,Vanet,Cache la Poudre
4292,2358,65,10,426,165,973,230,221,123,1410,Cottonwood/Willow,Vanet,Cache la Poudre
4293,2354,74,10,404,161,990,232,222,122,1384,Cottonwood/Willow,Vanet,Cache la Poudre
4294,2348,81,12,382,155,1008,236,219,112,1358,Cottonwood/Willow,Vanet,Cache la Poudre
4295,2318,103,24,319,134,1064,252,201,63,1282,Cottonwood/Willow,Vanet,Cache la Poudre
4296,2305,106,26,297,121,1082,253,199,57,1256,Cottonwood/Willow,Haploborolis,Cache la Poudre
4297,2291,109,27,277,110,1099,254,199,55,1231,Cottonwood/Willow,Haploborolis,Cache la Poudre
4298,2268,165,16,234,88,1134,232,243,137,1182,Cottonwood/Willow,Haploborolis,Cache la Poudre
4299,2272,212,21,212,92,1153,198,254,185,1158,Cottonwood/Willow,Haploborolis,Cache la Poudre
4300,2278,153,20,170,97,1191,240,236,116,1110,Cottonwood/Willow,Haploborolis,Cache la Poudre
4301,2258,132,27,127,75,1231,251,214,72,1064,Cottonwood/Willow,Haploborolis,Cache la Poudre
4302,2211,126,32,42,28,1315,253,200,48,976,Cottonwood/Willow,Haploborolis,Cache la Poudre
4303,2194,123,34,30,11,1337,253,192,36,955,Cottonwood/Willow,Haploborolis,Cache la Poudre
4304,2175,126,30,30,12,1358,253,204,55,934,Cottonwood/Willow,Haploborolis,Cache la Poudre
4305,2163,130,19,0,0,1380,247,226,100,914,Cottonwood/Willow,Haploborolis,Cache la Poudre
4306,2156,9,9,0,0,1425,210,222,149,876,Cottonwood/Willow,Haploborolis,Cache la Poudre
4307,2248,303,31,95,37,1342,120,208,220,691,Ponderosa Pine,Catacount,Cache la Poudre
4308,2261,16,27,42,24,1332,186,173,112,691,Ponderosa Pine,Catacount,Cache la Poudre
4309,2327,321,23,150,37,1300,155,210,192,408,Ponderosa Pine,Catacount,Cache la Poudre
4310,2342,25,11,108,33,1248,215,216,137,216,Ponderosa Pine,Vanet,Cache la Poudre
4311,2318,80,12,30,7,1230,236,219,113,134,Ponderosa Pine,Vanet,Cache la Poudre
4312,2311,30,7,0,0,1230,218,226,143,150,Cottonwood/Willow,Vanet,Cache la Poudre
4313,2342,342,17,134,40,1248,184,213,167,351,Douglas-fir,Catacount,Cache la Poudre
4314,2087,8,10,0,0,875,208,219,148,808,Cottonwood/Willow,Pachic Argiborolis,Cache la Poudre
4315,2094,90,23,60,21,459,248,197,65,730,Douglas-fir,Cathedral,Cache la Poudre
4316,2073,67,17,0,0,451,234,204,96,722,Cottonwood/Willow,Catacount,Cache la Poudre
4317,3202,4,12,60,11,3550,204,216,149,3349,Krummholz,Cryaquolis,Rawah
4318,2823,312,7,30,0,1410,202,235,173,1065,Aspen,Cryaquolis,Comanche Peak
4319,2862,291,11,124,-18,1604,190,238,188,1421,Aspen,Cryaquolis,Comanche Peak
4320,2885,209,5,0,0,1678,216,244,165,1583,Aspen,Cryaquolis,Comanche Peak
4321,2891,246,8,0,0,1704,203,247,182,1559,Aspen,Cryaquolis,Comanche Peak
4322,2896,171,5,60,5,1731,223,242,154,1507,Aspen,Catacount,Comanche Peak
4323,2893,104,2,180,2,1786,222,236,150,1406,Aspen,Catacount,Comanche Peak
4324,2892,163,5,240,1,1816,225,241,151,1357,Aspen,Catacount,Comanche Peak
4325,2889,155,10,300,-1,1848,231,241,141,1308,Aspen,Catacount,Comanche Peak
4326,2293,93,13,67,12,162,241,219,106,391,Ponderosa Pine,Catacount,Cache la Poudre
4327,2283,125,10,30,4,212,236,233,127,391,Ponderosa Pine,Catacount,Cache la Poudre
4328,2276,36,6,0,0,255,220,226,143,400,Cottonwood/Willow,Catacount,Cache la Poudre
4329,2285,5,19,108,25,417,192,199,140,492,Ponderosa Pine,Catacount,Cache la Poudre
4330,2262,38,21,60,11,553,215,188,99,618,Ponderosa Pine,Catacount,Cache la Poudre
4331,2247,63,11,30,0,594,230,218,121,626,Ponderosa Pine,Catacount,Cache la Poudre
4332,2241,162,5,0,0,638,224,241,151,569,Cottonwood/Willow,Catacount,Cache la Poudre
4333,2211,128,8,0,0,778,234,235,133,376,Cottonwood/Willow,Pachic Argiborolis,Cache la Poudre
4334,2209,177,5,0,0,793,222,242,155,350,Cottonwood/Willow,Pachic Argiborolis,Cache la Poudre
4335,2213,313,8,0,0,808,198,234,176,324,Cottonwood/Willow,Pachic Argiborolis,Cache la Poudre
4336,2222,229,14,0,0,1266,199,252,188,424,Cottonwood/Willow,Cryaquolis,Cache la Poudre
4337,2208,118,9,0,0,1261,236,232,127,616,Cottonwood/Willow,Cryaquolis,Cache la Poudre
4338,2204,178,17,0,0,1263,225,248,149,638,Cottonwood/Willow,Cryaquolis,Cache la Poudre
4339,2193,38,24,0,0,1338,211,179,91,939,Cottonwood/Willow,Cryaquolis,Cache la Poudre
4340,2297,337,35,190,142,1260,123,168,171,1300,Ponderosa Pine,Catacount,Cache la Poudre
4341,2139,351,6,0,0,816,210,230,159,1538,Cottonwood/Willow,Cryaquolis,Cache la Poudre
4342,2370,37,12,446,176,916,219,214,128,1465,Cottonwood/Willow,Vanet,Cache la Poudre
4343,2366,66,12,424,172,932,232,215,114,1451,Cottonwood/Willow,Vanet,Cache la Poudre
4344,2359,85,11,404,165,949,236,221,114,1425,Cottonwood/Willow,Vanet,Cache la Poudre
4345,2355,100,11,384,162,966,238,225,116,1399,Cottonwood/Willow,Vanet,Cache la Poudre
4346,2349,108,14,361,156,984,243,223,106,1374,Cottonwood/Willow,Vanet,Cache la Poudre
4347,2340,109,19,339,147,1003,249,215,86,1348,Cottonwood/Willow,Vanet,Cache la Poudre
4348,2327,107,24,319,140,1022,252,204,65,1323,Cottonwood/Willow,Vanet,Cache la Poudre
4349,2258,156,19,212,77,1110,238,238,121,1200,Cottonwood/Willow,Haploborolis,Cache la Poudre
4350,2261,205,22,192,81,1129,201,254,178,1176,Cottonwood/Willow,Haploborolis,Cache la Poudre
4351,2257,142,29,127,76,1189,247,219,80,1106,Cottonwood/Willow,Haploborolis,Cache la Poudre
4352,2214,135,30,42,26,1273,250,211,66,1018,Cottonwood/Willow,Haploborolis,Cache la Poudre
4353,2200,127,32,30,17,1294,253,201,49,997,Cottonwood/Willow,Haploborolis,Cache la Poudre
4354,2168,113,19,0,0,1338,249,217,87,957,Cottonwood/Willow,Haploborolis,Cache la Poudre
4355,2273,320,26,85,36,1366,144,205,196,720,Ponderosa Pine,Catacount,Cache la Poudre
4356,2327,338,28,192,37,1338,148,188,172,446,Ponderosa Pine,Catacount,Cache la Poudre
4357,2336,332,21,175,46,1328,167,209,179,418,Ponderosa Pine,Catacount,Cache la Poudre
4358,2344,42,7,134,35,1277,222,224,137,234,Ponderosa Pine,Vanet,Cache la Poudre
4359,2341,98,2,108,14,1269,222,236,151,192,Ponderosa Pine,Vanet,Cache la Poudre
4360,2326,52,3,0,0,1260,221,233,149,153,Cottonwood/Willow,Vanet,Cache la Poudre
4361,2325,28,12,0,0,1260,215,213,133,162,Cottonwood/Willow,Vanet,Cache la Poudre
4362,2353,347,13,175,51,1283,195,218,162,390,Douglas-fir,Vanet,Cache la Poudre
4363,2355,356,6,212,60,1295,210,229,157,361,Douglas-fir,Vanet,Cache la Poudre
4364,2089,36,4,0,0,942,220,230,147,741,Cottonwood/Willow,Haploborolis,Cache la Poudre
4365,2094,341,13,0,0,916,192,220,166,769,Cottonwood/Willow,Pachic Argiborolis,Cache la Poudre
4366,2157,343,30,134,83,745,146,180,164,960,Douglas-fir,Catacount,Cache la Poudre
4367,2204,318,21,295,137,618,161,216,194,860,Douglas-fir,Catacount,Cache la Poudre
4368,2147,62,29,124,52,513,230,168,51,779,Douglas-fir,Cathedral,Cache la Poudre
4369,2158,347,28,192,112,524,154,181,157,771,Douglas-fir,Catacount,Cache la Poudre
4370,2156,11,31,212,117,537,171,161,113,779,Douglas-fir,Catacount,Cache la Poudre
4371,2153,358,31,283,121,540,158,167,135,808,Douglas-fir,Catacount,Cache la Poudre
4372,2106,142,30,67,32,240,247,217,75,825,Ponderosa Pine,Cathedral,Cache la Poudre
4373,3210,10,17,90,19,3583,199,203,138,3360,Krummholz,Cryaquolis,Rawah
4374,2894,357,10,30,0,780,205,222,155,2701,Spruce_Fir,Leighcan,Rawah
4375,2978,347,38,218,105,277,123,152,149,2003,Spruce_Fir,Legault,Rawah
4376,2990,344,23,488,169,509,169,199,165,1356,Lodgepole Pine,Legault,Rawah
4377,2829,28,15,95,4,1396,213,207,127,983,Aspen,Cryaquolis,Comanche Peak
4378,2894,29,2,60,3,1758,218,233,152,1523,Aspen,Catacount,Comanche Peak
4379,2879,144,13,319,104,1905,239,237,125,1279,Aspen,Catacount,Comanche Peak
4380,2801,125,20,108,35,2047,249,221,91,1104,Aspen,Catacount,Comanche Peak
4381,2281,83,8,0,0,228,231,227,128,421,Cottonwood/Willow,Catacount,Cache la Poudre
4382,2290,8,19,127,39,484,195,199,137,553,Ponderosa Pine,Catacount,Cache la Poudre
4383,2225,59,19,30,8,785,231,197,91,390,Ponderosa Pine,Catacount,Cache la Poudre
4384,2213,337,13,0,0,819,190,221,170,335,Cottonwood/Willow,Pachic Argiborolis,Cache la Poudre
4385,2221,318,21,30,12,834,161,216,194,309,Ponderosa Pine,Pachic Argiborolis,Cache la Poudre
4386,2274,259,29,67,41,1290,140,242,232,485,Douglas-fir,Vanet,Cache la Poudre
4387,2203,155,4,0,0,1296,224,240,150,680,Cottonwood/Willow,Cryaquolis,Cache la Poudre
4388,2204,216,11,0,0,1299,209,250,176,703,Cottonwood/Willow,Cryaquolis,Cache la Poudre
4389,2210,245,23,30,6,1302,167,250,216,726,Cottonwood/Willow,Cryaquolis,Cache la Poudre
4390,2195,346,19,30,2,1376,181,207,162,979,Cottonwood/Willow,Cryaquolis,Cache la Poudre
4391,2290,359,39,182,108,1358,134,139,120,1142,Ponderosa Pine,Catacount,Cache la Poudre
4392,2324,2,30,242,180,1101,165,170,130,1398,Ponderosa Pine,Catacount,Cache la Poudre
4393,2311,30,32,283,167,1019,191,152,77,1449,Ponderosa Pine,Catacount,Cache la Poudre
4394,2142,32,6,0,0,797,219,226,144,1577,Cottonwood/Willow,Cathedral,Cache la Poudre
4395,2377,55,13,424,180,890,228,211,113,1492,Cottonwood/Willow,Vanet,Cache la Poudre
4396,2368,73,15,404,174,907,237,209,100,1466,Cottonwood/Willow,Vanet,Cache la Poudre
4397,2359,82,14,382,165,924,239,214,103,1441,Cottonwood/Willow,Vanet,Cache la Poudre
4398,2336,121,22,319,143,979,251,216,81,1365,Cottonwood/Willow,Vanet,Cache la Poudre
4399,2293,111,28,255,106,1032,254,197,50,1290,Cottonwood/Willow,Haploborolis,Cache la Poudre
4400,2278,108,28,234,94,1050,254,196,50,1266,Cottonwood/Willow,Haploborolis,Cache la Poudre
4401,2262,110,28,212,78,1068,254,197,52,1242,Cottonwood/Willow,Haploborolis,Cache la Poudre
4402,2248,138,20,192,67,1087,246,228,101,1218,Cottonwood/Willow,Haploborolis,Cache la Poudre
4403,2256,191,25,150,76,1126,210,249,159,1172,Cottonwood/Willow,Haploborolis,Cache la Poudre
4404,2243,141,30,108,62,1167,247,216,75,1126,Cottonwood/Willow,Haploborolis,Cache la Poudre
4405,2232,141,32,85,51,1188,247,212,67,1104,Cottonwood/Willow,Haploborolis,Cache la Poudre
4406,2211,146,32,42,28,1230,244,217,75,1061,Cottonwood/Willow,Haploborolis,Cache la Poudre
4407,2200,143,32,30,12,1252,246,214,70,1040,Cottonwood/Willow,Haploborolis,Cache la Poudre
4408,2165,66,5,30,-17,1318,225,230,141,979,Cottonwood/Willow,Vanet,Cache la Poudre
4409,2170,328,16,30,2,1341,180,220,179,960,Ponderosa Pine,Vanet,Cache la Poudre
4410,2345,30,25,247,101,1396,203,176,98,598,Ponderosa Pine,Catacount,Cache la Poudre
4411,2358,343,9,162,49,1332,202,227,163,350,Ponderosa Pine,Vanet,Cache la Poudre
4412,2327,317,8,0,0,1290,198,233,174,182,Cottonwood/Willow,Vanet,Cache la Poudre
4413,2357,354,15,170,45,1302,193,212,156,350,Douglas-fir,Catacount,Cache la Poudre
4414,2360,357,12,201,55,1312,200,217,154,384,Douglas-fir,Vanet,Cache la Poudre
4415,2358,12,10,216,56,1318,210,219,146,361,Douglas-fir,Vanet,Cache la Poudre
4416,2104,98,15,0,0,1008,243,218,100,674,Cottonwood/Willow,Haploborolis,Cache la Poudre
4417,2097,47,10,0,0,983,224,219,129,702,Cottonwood/Willow,Haploborolis,Cache la Poudre
4418,2102,330,18,30,13,932,174,215,180,759,Douglas-fir,Pachic Argiborolis,Cache la Poudre
4419,2089,8,19,0,0,511,195,199,137,782,Cottonwood/Willow,Catacount,Cache la Poudre
4420,2154,323,36,162,99,532,110,179,196,789,Douglas-fir,Catacount,Cache la Poudre
4421,2096,134,23,42,15,242,249,223,90,836,Ponderosa Pine,Cathedral,Cache la Poudre
4422,3032,99,7,42,3,2512,233,230,130,3952,Spruce_Fir,Cryaquolis,Rawah
4423,2833,2,18,85,7,1449,193,204,147,1048,Aspen,Catacount,Comanche Peak
4424,2830,13,9,30,2,1492,211,221,146,1136,Aspen,Cryaquolis,Comanche Peak
4425,2841,321,13,67,3,1556,186,227,180,1253,Aspen,Cryaquolis,Comanche Peak
4426,2869,299,9,90,-11,1670,196,237,181,1460,Aspen,Cryaquolis,Comanche Peak
4427,2895,121,3,182,4,1839,224,237,148,1440,Aspen,Catacount,Comanche Peak
4428,2877,135,12,324,102,1914,239,234,123,1321,Aspen,Catacount,Comanche Peak
4429,2220,18,12,0,0,828,211,215,140,351,Cottonwood/Willow,Pachic Argiborolis,Cache la Poudre
4430,2354,310,25,342,164,1357,143,213,206,466,Ponderosa Pine,Catacount,Cache la Poudre
4431,2219,280,8,0,0,1323,198,241,183,488,Cottonwood/Willow,Cryaquolis,Cache la Poudre
4432,2216,57,23,0,0,1395,229,184,77,967,Cottonwood/Willow,Cryaquolis,Cache la Poudre
4433,2149,347,11,0,0,780,198,222,162,1616,Cottonwood/Willow,Cryaquolis,Cache la Poudre
4434,2386,49,13,426,189,849,225,211,117,1519,Cottonwood/Willow,Vanet,Cache la Poudre
4435,2370,92,17,382,173,882,244,212,91,1482,Cottonwood/Willow,Vanet,Cache la Poudre
4436,2362,100,17,361,168,900,246,215,93,1456,Cottonwood/Willow,Vanet,Cache la Poudre
4437,2353,106,21,339,159,918,250,210,79,1431,Cottonwood/Willow,Vanet,Cache la Poudre
4438,2338,114,23,319,144,937,252,209,71,1406,Cottonwood/Willow,Haploborolis,Cache la Poudre
4439,2315,123,27,277,122,973,253,209,65,1357,Cottonwood/Willow,Haploborolis,Cache la Poudre
4440,2302,116,26,255,109,990,254,204,61,1332,Cottonwood/Willow,Haploborolis,Cache la Poudre
4441,2288,108,25,234,101,1008,253,202,62,1308,Cottonwood/Willow,Haploborolis,Cache la Poudre
4442,2275,99,25,212,88,1026,251,196,58,1284,Cottonwood/Willow,Haploborolis,Cache la Poudre
4443,2243,111,23,170,59,1064,252,208,71,1237,Cottonwood/Willow,Haploborolis,Cache la Poudre
4444,2236,168,19,150,55,1084,231,244,135,1214,Cottonwood/Willow,Haploborolis,Cache la Poudre
4445,2241,162,28,108,61,1124,234,234,112,1168,Cottonwood/Willow,Haploborolis,Cache la Poudre
4446,2218,138,32,67,37,1167,248,211,65,1124,Cottonwood/Willow,Haploborolis,Cache la Poudre
4447,2183,145,28,0,0,1231,245,222,85,1062,Cottonwood/Willow,Haploborolis,Cache la Poudre
4448,2168,110,5,30,-19,1276,228,234,140,1022,Cottonwood/Willow,Vanet,Cache la Poudre
4449,2171,324,13,42,-2,1298,187,226,179,1003,Cottonwood/Willow,Vanet,Cache la Poudre
4450,2208,336,28,134,55,1383,147,189,174,872,Ponderosa Pine,Catacount,Cache la Poudre
4451,2247,11,28,67,11,1423,178,171,119,816,Ponderosa Pine,Catacount,Cache la Poudre
4452,2353,341,13,216,44,1376,192,220,166,417,Ponderosa Pine,Catacount,Cache la Poudre
4453,2327,49,5,0,0,1321,222,228,141,212,Cottonwood/Willow,Vanet,Cache la Poudre
4454,2327,326,9,0,0,1320,199,231,171,210,Cottonwood/Willow,Vanet,Cache la Poudre
4455,2109,117,20,0,0,1050,250,216,84,636,Cottonwood/Willow,Haploborolis,Cache la Poudre
4456,2202,39,35,180,107,591,197,141,54,854,Douglas-fir,Catacount,Cache la Poudre
4457,2118,51,32,30,23,547,217,155,49,819,Douglas-fir,Catacount,Cache la Poudre
4458,2105,40,26,0,0,543,211,172,82,815,Cottonwood/Willow,Catacount,Cache la Poudre
4459,2130,323,35,95,57,543,111,180,196,811,Douglas-fir,Catacount,Cache la Poudre
4460,2143,324,36,124,76,547,107,176,195,812,Douglas-fir,Catacount,Cache la Poudre
4461,2170,323,36,175,104,560,110,179,196,819,Douglas-fir,Catacount,Cache la Poudre
4462,2182,330,34,201,127,569,123,179,184,824,Douglas-fir,Catacount,Cache la Poudre
4463,2081,69,11,0,0,218,232,218,116,819,Cottonwood/Willow,Cathedral,Cache la Poudre
4464,2973,150,17,134,41,1339,240,237,121,3271,Spruce_Fir,Leighcan,Rawah
4465,2866,317,11,153,-14,1668,190,230,180,1406,Aspen,Cryaquolis,Comanche Peak
4466,2888,328,12,30,8,1749,191,226,175,1489,Aspen,Cryaquolis,Comanche Peak
4467,2892,324,10,30,9,1761,194,229,175,1495,Aspen,Cryaquolis,Comanche Peak
4468,2895,317,9,42,8,1773,196,232,176,1500,Aspen,Cryaquolis,Comanche Peak
4469,2901,332,4,67,15,1798,211,235,162,1513,Aspen,Catacount,Comanche Peak
4470,2866,130,17,283,91,1956,246,228,105,1318,Aspen,Catacount,Comanche Peak
4471,2808,121,22,134,42,2058,251,217,83,1189,Aspen,Catacount,Comanche Peak
4472,2873,1,11,90,46,1950,204,219,152,1189,Spruce_Fir,Cryaquolis,Comanche Peak
4473,2270,1,24,60,27,700,178,187,141,547,Ponderosa Pine,Catacount,Cache la Poudre
4474,2229,344,14,0,0,849,190,217,165,342,Cottonwood/Willow,Pachic Argiborolis,Cache la Poudre
4475,2297,358,25,300,92,1146,174,187,144,175,Ponderosa Pine,Catacount,Cache la Poudre
4476,2263,250,32,60,30,1350,135,242,233,541,Douglas-fir,Vanet,Cache la Poudre
4477,2286,352,5,134,69,1350,211,231,158,592,Ponderosa Pine,Vanet,Cache la Poudre
4478,2276,52,22,108,63,1350,225,188,86,624,Ponderosa Pine,Vanet,Cache la Poudre
4479,2343,332,30,300,199,1082,137,187,181,1320,Ponderosa Pine,Catacount,Cache la Poudre
4480,2396,41,9,433,199,808,221,220,133,1544,Cottonwood/Willow,Vanet,Cache la Poudre
4481,2390,86,16,408,193,824,241,212,97,1549,Cottonwood/Willow,Vanet,Cache la Poudre
4482,2379,98,19,384,182,841,248,209,81,1523,Cottonwood/Willow,Vanet,Cache la Poudre
4483,2356,117,21,339,159,876,251,215,81,1473,Cottonwood/Willow,Vanet,Cache la Poudre
4484,2346,118,24,319,152,895,252,211,73,1448,Cottonwood/Willow,Haploborolis,Cache la Poudre
4485,2333,115,26,297,139,914,254,204,60,1423,Cottonwood/Willow,Haploborolis,Cache la Poudre
4486,2319,119,26,277,125,932,253,207,64,1398,Cottonwood/Willow,Haploborolis,Cache la Poudre
4487,2285,114,22,212,92,984,252,211,76,1326,Cottonwood/Willow,Haploborolis,Cache la Poudre
4488,2274,106,23,192,87,1003,252,205,69,1302,Cottonwood/Willow,Haploborolis,Cache la Poudre
4489,2261,98,28,170,74,1022,252,189,46,1279,Cottonwood/Willow,Haploborolis,Cache la Poudre
4490,2224,170,22,108,43,1082,230,243,133,1211,Cottonwood/Willow,Haploborolis,Cache la Poudre
4491,2224,162,28,85,43,1103,234,233,109,1189,Cottonwood/Willow,Haploborolis,Cache la Poudre
4492,2215,148,32,67,35,1124,243,218,78,1167,Cottonwood/Willow,Haploborolis,Cache la Poudre
4493,2205,141,31,42,25,1146,247,214,70,1146,Cottonwood/Willow,Haploborolis,Cache la Poudre
4494,2192,138,28,30,11,1167,249,216,75,1124,Cottonwood/Willow,Haploborolis,Cache la Poudre
4495,2181,135,22,0,0,1189,248,225,93,1104,Cottonwood/Willow,Haploborolis,Cache la Poudre
4496,2169,53,2,30,-13,1233,221,234,150,1064,Cottonwood/Willow,Vanet,Cache la Poudre
4497,2331,117,3,0,0,1353,225,236,146,247,Cottonwood/Willow,Vanet,Cache la Poudre
4498,2365,337,22,108,40,1350,167,204,174,283,Douglas-fir,Catacount,Cache la Poudre
4499,2167,102,15,190,33,1356,244,219,100,324,Ponderosa Pine,Haploborolis,Cache la Poudre
4500,2104,116,13,0,0,1065,242,227,111,626,Cottonwood/Willow,Haploborolis,Cache la Poudre
4501,2108,312,14,67,4,990,182,229,187,713,Douglas-fir,Catacount,Cache la Poudre
4502,2156,298,25,134,68,872,141,222,217,859,Douglas-fir,Catacount,Cache la Poudre
4503,2183,305,28,170,95,828,131,211,215,918,Douglas-fir,Catacount,Cache la Poudre
4504,2219,43,35,180,124,618,203,143,49,882,Douglas-fir,Catacount,Cache la Poudre
4505,2118,36,28,0,0,573,205,165,79,845,Cottonwood/Willow,Catacount,Cache la Poudre
4506,2208,343,31,242,153,607,141,176,163,859,Douglas-fir,Catacount,Cache la Poudre
4507,2200,11,28,234,9,547,178,170,118,892,Douglas-fir,Catacount,Cache la Poudre
4508,2105,50,24,30,10,285,223,180,78,886,Douglas-fir,Cathedral,Cache la Poudre
4509,2095,41,21,0,0,256,217,188,97,859,Cottonwood/Willow,Cathedral,Cache la Poudre
4510,3075,91,20,0,0,2758,246,204,79,3918,Spruce_Fir,Leighcan,Rawah
4511,3045,340,17,631,231,633,183,214,169,1240,Lodgepole Pine,Legault,Rawah
4512,2851,326,15,30,13,1590,181,221,180,1237,Aspen,Cryaquolis,Comanche Peak
4513,2857,340,11,90,19,1622,197,224,166,1295,Aspen,Catacount,Comanche Peak
4514,2862,323,12,150,24,1657,190,228,177,1354,Aspen,Catacount,Comanche Peak
4515,2874,332,9,134,-6,1710,198,228,170,1441,Aspen,Catacount,Comanche Peak
4516,2888,327,13,60,9,1756,188,225,176,1451,Aspen,Catacount,Comanche Peak
4517,2898,324,7,67,15,1800,203,233,169,1471,Aspen,Catacount,Comanche Peak
4518,2898,27,6,150,7,1865,217,226,145,1509,Aspen,Catacount,Comanche Peak
4519,2897,15,7,175,6,1878,214,225,148,1500,Aspen,Catacount,Comanche Peak
4520,2893,65,9,228,2,1906,229,222,126,1452,Aspen,Catacount,Comanche Peak
4521,2861,112,17,268,83,1981,247,220,96,1338,Aspen,Catacount,Comanche Peak
4522,2813,118,22,150,44,2065,251,215,80,1231,Aspen,Catacount,Comanche Peak
4523,2771,315,18,108,10,2293,169,222,192,1020,Lodgepole Pine,Catacount,Comanche Peak
4524,2862,43,12,420,20,2640,222,213,124,908,Spruce_Fir,Catacount,Comanche Peak
4525,2290,193,10,30,1,162,219,249,163,426,Cottonwood/Willow,Catacount,Cache la Poudre
4526,2297,179,13,30,9,212,225,247,152,474,Cottonwood/Willow,Catacount,Cache la Poudre
4527,2295,148,12,30,5,234,236,239,131,499,Cottonwood/Willow,Catacount,Cache la Poudre
4528,2290,127,7,0,0,255,232,236,136,510,Cottonwood/Willow,Catacount,Cache la Poudre
4529,2325,1,11,175,50,446,204,219,152,564,Ponderosa Pine,Catacount,Cache la Poudre
4530,2231,114,11,0,0,828,240,229,118,395,Cottonwood/Willow,Pachic Argiborolis,Cache la Poudre
4531,2314,305,28,212,103,1008,134,213,214,108,Ponderosa Pine,Catacount,Cache la Poudre
4532,2401,352,13,485,159,1552,198,218,158,663,Ponderosa Pine,Vanet,Cache la Poudre
4533,2401,41,10,402,159,1571,221,219,132,752,Ponderosa Pine,Vanet,Cache la Poudre
4534,2276,244,11,120,43,1380,197,249,189,591,Douglas-fir,Vanet,Cache la Poudre
4535,2204,110,12,30,2,1385,241,226,112,743,Cottonwood/Willow,Cryaquolis,Cache la Poudre
4536,2202,299,10,0,0,1388,193,237,184,764,Cottonwood/Willow,Cryaquolis,Cache la Poudre
4537,2232,141,29,0,0,1434,248,218,77,949,Cottonwood/Willow,Cryaquolis,Cache la Poudre
4538,2152,331,7,0,0,752,203,231,167,1556,Cottonwood/Willow,Cryaquolis,Cache la Poudre
4539,2180,306,10,201,42,663,192,235,183,1601,Ponderosa Pine,Catacount,Cache la Poudre
4540,2203,267,26,256,65,660,146,240,228,1589,Ponderosa Pine,Catacount,Cache la Poudre
4541,2375,109,21,366,178,816,250,212,80,1539,Cottonwood/Willow,Vanet,Cache la Poudre
4542,2339,114,23,297,142,872,252,209,71,1465,Cottonwood/Willow,Haploborolis,Cache la Poudre
4543,2328,112,26,277,134,890,253,203,61,1440,Cottonwood/Willow,Haploborolis,Cache la Poudre
4544,2311,111,26,255,117,907,253,202,59,1416,Cottonwood/Willow,Haploborolis,Cache la Poudre
4545,2289,120,23,216,96,942,252,213,75,1368,Cottonwood/Willow,Haploborolis,Cache la Poudre
4546,2278,123,23,192,85,960,251,215,78,1345,Cottonwood/Willow,Haploborolis,Cache la Poudre
4547,2268,122,24,170,75,979,252,213,73,1321,Cottonwood/Willow,Haploborolis,Cache la Poudre
4548,2241,105,28,127,54,1019,253,193,47,1276,Cottonwood/Willow,Haploborolis,Cache la Poudre
4549,2224,110,24,108,40,1040,252,206,68,1253,Cottonwood/Willow,Haploborolis,Cache la Poudre
4550,2214,139,21,85,30,1061,246,228,99,1231,Cottonwood/Willow,Haploborolis,Cache la Poudre
4551,2208,151,26,67,27,1082,242,229,99,1209,Cottonwood/Willow,Haploborolis,Cache la Poudre
4552,2190,142,25,30,10,1124,247,225,91,1167,Cottonwood/Willow,Haploborolis,Cache la Poudre
4553,2180,133,17,0,0,1146,245,230,108,1146,Cottonwood/Willow,Haploborolis,Cache la Poudre
4554,2176,339,11,42,4,1214,196,224,167,1087,Cottonwood/Willow,Vanet,Cache la Poudre
4555,2380,300,24,134,42,1383,147,222,212,825,Ponderosa Pine,Catacount,Cache la Poudre
4556,2368,357,15,255,23,1452,196,212,153,499,Ponderosa Pine,Vanet,Cache la Poudre
4557,2337,95,13,30,8,1388,240,220,108,295,Ponderosa Pine,Vanet,Cache la Poudre
4558,2329,90,6,0,0,1385,230,230,134,285,Cottonwood/Willow,Vanet,Cache la Poudre
4559,2383,27,19,277,74,1401,209,197,119,335,Ponderosa Pine,Catacount,Cache la Poudre
4560,2104,31,6,0,0,1082,219,228,145,618,Cottonwood/Willow,Pachic Argiborolis,Cache la Poudre
4561,2151,307,27,150,62,914,138,213,211,824,Douglas-fir,Catacount,Cache la Poudre
4562,2177,300,28,175,89,870,131,216,219,883,Douglas-fir,Catacount,Cache la Poudre
4563,2207,307,31,212,119,828,123,205,215,942,Douglas-fir,Catacount,Cache la Poudre
4564,2211,57,37,150,29,636,217,138,22,902,Douglas-fir,Catacount,Cache la Poudre
4565,2131,38,27,0,0,603,208,170,82,875,Cottonwood/Willow,Catacount,Cache la Poudre
4566,2149,316,35,90,54,601,107,186,207,870,Douglas-fir,Catacount,Cache la Poudre
4567,2942,131,19,42,14,1271,247,227,101,3195,Spruce_Fir,Leighcan,Rawah
4568,2850,359,12,30,4,1585,202,218,153,1187,Aspen,Catacount,Comanche Peak
4569,2888,311,14,95,9,1774,180,229,188,1418,Aspen,Catacount,Comanche Peak
4570,2903,0,5,134,19,1865,212,230,156,1463,Aspen,Catacount,Comanche Peak
4571,2902,7,8,170,11,1892,211,225,151,1480,Aspen,Catacount,Comanche Peak
4572,2889,63,14,268,-1,1947,232,211,109,1448,Aspen,Catacount,Comanche Peak
4573,2883,72,13,295,-7,1961,235,214,109,1425,Aspen,Catacount,Comanche Peak
4574,2291,84,6,0,0,127,229,229,133,361,Cottonwood/Willow,Catacount,Cache la Poudre
4575,2289,41,5,0,0,150,220,229,145,384,Cottonwood/Willow,Catacount,Cache la Poudre
4576,2288,23,2,0,0,175,218,235,154,408,Cottonwood/Willow,Catacount,Cache la Poudre
4577,2288,184,4,0,0,201,220,242,157,433,Cottonwood/Willow,Catacount,Cache la Poudre
4578,2287,163,6,0,0,255,226,242,150,484,Cottonwood/Willow,Catacount,Cache la Poudre
4579,2328,333,10,153,49,417,197,228,169,569,Ponderosa Pine,Catacount,Cache la Poudre
4580,2331,351,17,228,84,553,188,209,157,649,Ponderosa Pine,Catacount,Cache la Poudre
4581,2238,102,21,0,0,828,250,207,75,421,Cottonwood/Willow,Pachic Argiborolis,Cache la Poudre
4582,2225,8,3,0,0,850,216,232,154,391,Cottonwood/Willow,Catacount,Cache la Poudre
4583,2346,12,21,319,134,1106,194,194,131,42,Ponderosa Pine,Catacount,Cache la Poudre
4584,2346,326,31,360,156,1242,129,188,190,242,Ponderosa Pine,Catacount,Cache la Poudre
4585,2408,10,11,446,166,1556,208,218,146,691,Ponderosa Pine,Vanet,Cache la Poudre
4586,2238,139,20,30,8,1418,246,229,102,571,Cottonwood/Willow,Cathedral,Cache la Poudre
4587,2230,120,8,0,0,1415,234,234,132,573,Cottonwood/Willow,Cathedral,Cache la Poudre
4588,2223,158,32,0,0,1455,235,226,96,942,Cottonwood/Willow,Cryaquolis,Cache la Poudre
4589,2217,156,21,0,0,1463,238,237,118,966,Cottonwood/Willow,Cryaquolis,Cache la Poudre
4590,2157,76,14,0,0,741,236,214,106,1513,Cottonwood/Willow,Cathedral,Cache la Poudre
4591,2158,311,19,0,0,726,166,223,196,1533,Cottonwood/Willow,Cryaquolis,Cache la Poudre
4592,2208,335,30,85,48,674,140,185,176,1613,Ponderosa Pine,Catacount,Cache la Poudre
4593,2271,273,29,379,133,631,132,233,234,1600,Ponderosa Pine,Catacount,Cache la Poudre
4594,2397,196,7,457,200,726,219,246,162,1597,Cottonwood/Willow,Vanet,Cache la Poudre
4595,2396,149,12,430,199,741,236,239,131,1600,Cottonwood/Willow,Vanet,Cache la Poudre
4596,2372,116,19,350,175,792,249,218,89,1556,Cottonwood/Willow,Vanet,Cache la Poudre
4597,2334,104,23,277,137,849,251,203,66,1482,Cottonwood/Willow,Haploborolis,Cache la Poudre
4598,2295,107,25,212,101,900,253,202,62,1410,Cottonwood/Willow,Haploborolis,Cache la Poudre
4599,2247,127,28,127,54,977,253,209,65,1318,Cottonwood/Willow,Haploborolis,Cache la Poudre
4600,2234,121,28,108,47,997,254,205,59,1296,Cottonwood/Willow,Haploborolis,Cache la Poudre
4601,2221,117,27,85,34,1018,254,204,60,1273,Cottonwood/Willow,Haploborolis,Cache la Poudre
4602,2206,123,24,67,22,1040,252,214,75,1252,Cottonwood/Willow,Haploborolis,Cache la Poudre
4603,2195,134,21,42,11,1061,248,225,94,1230,Cottonwood/Willow,Haploborolis,Cache la Poudre
4604,2188,136,18,30,7,1082,245,230,106,1209,Cottonwood/Willow,Haploborolis,Cache la Poudre
4605,2181,130,11,0,0,1104,238,234,124,1189,Cottonwood/Willow,Haploborolis,Cache la Poudre
4606,2180,69,3,0,0,1126,223,233,145,1168,Cottonwood/Willow,Vanet,Cache la Poudre
4607,2180,14,7,30,0,1149,213,225,149,1149,Cottonwood/Willow,Vanet,Cache la Poudre
4608,2179,348,10,42,3,1172,201,224,161,1129,Cottonwood/Willow,Vanet,Cache la Poudre
4609,2387,291,20,124,49,1353,160,233,210,836,Ponderosa Pine,Catacount,Cache la Poudre
4610,2399,59,17,301,61,1377,231,202,98,671,Ponderosa Pine,Vanet,Cache la Poudre
4611,2336,65,9,0,0,1418,229,222,126,323,Cottonwood/Willow,Vanet,Cache la Poudre
4612,2332,15,11,0,0,1415,210,217,143,313,Cottonwood/Willow,Vanet,Cache la Poudre
4613,2334,343,14,30,5,1413,190,218,165,306,Douglas-fir,Cryaquolis,Cache la Poudre
4614,2398,337,23,192,73,1413,164,202,174,366,Douglas-fir,Catacount,Cache la Poudre
4615,2392,34,21,297,81,1430,211,188,104,323,Ponderosa Pine,Catacount,Cache la Poudre
4616,2312,67,28,297,132,1471,234,173,52,170,Ponderosa Pine,Catacount,Cache la Poudre
4617,2261,52,21,228,81,1510,226,191,89,120,Ponderosa Pine,Catacount,Cache la Poudre
4618,2106,0,5,0,0,1123,213,231,156,582,Cottonwood/Willow,Haploborolis,Cache la Poudre
4619,2111,333,13,30,4,1099,191,223,172,612,Douglas-fir,Pachic Argiborolis,Cache la Poudre
4620,2233,307,30,255,145,830,124,206,215,967,Douglas-fir,Catacount,Cache la Poudre
4621,2141,46,24,0,0,633,219,180,83,904,Cottonwood/Willow,Catacount,Cache la Poudre
4622,2194,312,32,150,105,636,118,197,210,902,Douglas-fir,Catacount,Cache la Poudre
4623,2242,342,29,268,180,664,149,184,166,918,Douglas-fir,Catacount,Cache la Poudre
4624,2122,49,24,0,0,309,221,180,80,882,Cottonwood/Willow,Cathedral,Cache la Poudre
4625,2121,294,20,108,40,192,160,231,209,765,Douglas-fir,Catacount,Cache la Poudre
4626,2995,48,6,30,0,2236,223,226,139,4155,Spruce_Fir,Cryaquolis,Rawah
4627,2923,26,10,170,25,1385,215,218,138,700,Lodgepole Pine,Catacount,Comanche Peak
4628,2858,327,11,0,0,1626,192,227,174,1224,Aspen,Cryaquolis,Comanche Peak
4629,2883,329,11,150,4,1776,193,227,173,1383,Lodgepole Pine,Catacount,Comanche Peak
4630,2298,117,11,0,0,108,238,230,121,297,Cottonwood/Willow,Catacount,Cache la Poudre
4631,2237,81,13,0,0,849,237,216,107,420,Cottonwood/Willow,Catacount,Cache la Poudre
4632,2256,322,25,67,25,912,149,207,193,330,Ponderosa Pine,Catacount,Cache la Poudre
4633,2238,173,17,30,4,1455,228,246,144,601,Cottonwood/Willow,Cathedral,Cache la Poudre
4634,2234,151,12,0,0,1451,236,240,132,600,Cottonwood/Willow,Cathedral,Cache la Poudre
4635,2298,15,9,180,65,1440,212,221,146,671,Douglas-fir,Vanet,Cache la Poudre
4636,2232,169,34,0,0,1465,223,230,110,892,Cottonwood/Willow,Cathedral,Cache la Poudre
4637,2212,151,24,0,0,1477,242,231,104,937,Cottonwood/Willow,Cryaquolis,Cache la Poudre
4638,2208,301,10,30,-14,1452,193,236,183,984,Ponderosa Pine,Catacount,Cache la Poudre
4639,2268,311,41,124,39,1360,81,175,216,1082,Ponderosa Pine,Catacount,Cache la Poudre
4640,2393,349,24,323,211,1188,168,193,158,1159,Ponderosa Pine,Catacount,Cache la Poudre
4641,2159,29,6,0,0,716,218,227,145,1490,Cottonwood/Willow,Cryaquolis,Cache la Poudre
4642,2292,282,30,418,154,603,125,226,233,1627,Ponderosa Pine,Catacount,Cache la Poudre
4643,2346,293,22,532,208,626,151,228,215,1620,Ponderosa Pine,Catacount,Cache la Poudre
4644,2389,146,16,418,192,716,240,236,121,1630,Cottonwood/Willow,Vanet,Cache la Poudre
4645,2382,134,20,390,185,732,247,227,99,1622,Cottonwood/Willow,Vanet,Cache la Poudre
4646,2374,131,20,362,177,750,248,225,96,1598,Cottonwood/Willow,Vanet,Cache la Poudre
4647,2357,120,23,309,160,787,252,214,78,1548,Cottonwood/Willow,Haploborolis,Cache la Poudre
4648,2292,109,26,192,98,876,253,201,58,1429,Cottonwood/Willow,Haploborolis,Cache la Poudre
4649,2263,111,25,150,69,914,253,204,63,1383,Cottonwood/Willow,Haploborolis,Cache la Poudre
4650,2236,118,26,108,43,955,254,206,62,1338,Cottonwood/Willow,Haploborolis,Cache la Poudre
4651,2225,122,26,85,32,976,253,209,66,1316,Cottonwood/Willow,Haploborolis,Cache la Poudre
4652,2212,119,25,67,25,997,253,210,69,1294,Cottonwood/Willow,Haploborolis,Cache la Poudre
4653,2200,113,22,42,13,1018,251,211,76,1273,Cottonwood/Willow,Haploborolis,Cache la Poudre
4654,2190,114,17,30,6,1040,247,221,97,1252,Cottonwood/Willow,Haploborolis,Cache la Poudre
4655,2184,116,9,0,0,1062,236,231,126,1231,Cottonwood/Willow,Haploborolis,Cache la Poudre
4656,2184,351,9,42,4,1129,204,225,159,1172,Cottonwood/Willow,Vanet,Cache la Poudre
4657,2189,330,17,85,13,1176,178,218,178,1134,Ponderosa Pine,Catacount,Cache la Poudre
4658,2225,321,17,190,37,1239,175,222,186,1050,Ponderosa Pine,Catacount,Cache la Poudre
4659,2399,71,13,300,61,1347,234,214,110,685,Ponderosa Pine,Vanet,Cache la Poudre
4660,2381,73,8,234,35,1385,230,225,128,558,Ponderosa Pine,Vanet,Cache la Poudre
4661,2342,348,6,0,0,1448,209,231,160,351,Cottonwood/Willow,Vanet,Cache la Poudre
4662,2411,7,23,277,100,1451,187,189,133,371,Ponderosa Pine,Catacount,Cache la Poudre
4663,2318,64,27,277,138,1500,233,176,58,150,Ponderosa Pine,Catacount,Cache la Poudre
4664,2237,89,14,162,86,1503,240,217,104,175,Ponderosa Pine,Catacount,Cache la Poudre
4665,2116,62,7,30,4,1190,226,226,134,518,Cottonwood/Willow,Haploborolis,Cache la Poudre
4666,2116,318,15,30,10,1116,180,226,185,607,Douglas-fir,Catacount,Cache la Poudre
4667,2256,306,30,255,8,834,124,207,216,994,Douglas-fir,Catacount,Cache la Poudre
4668,2268,325,29,234,20,816,136,194,191,1024,Douglas-fir,Catacount,Cache la Poudre
4669,2145,329,17,30,4,661,178,218,179,932,Douglas-fir,Catacount,Cache la Poudre
4670,2218,303,30,180,129,671,126,211,218,934,Douglas-fir,Catacount,Cache la Poudre
4671,2964,96,19,480,157,497,246,210,85,907,Lodgepole Pine,Legault,Rawah
4672,2907,7,4,175,27,1907,215,232,154,1397,Aspen,Catacount,Comanche Peak
4673,2870,100,20,268,90,2043,249,208,79,1421,Aspen,Catacount,Comanche Peak
4674,2778,100,13,42,3,2173,241,222,109,1260,Aspen,Catacount,Comanche Peak
4675,2301,119,11,0,0,108,239,231,121,255,Cottonwood/Willow,Catacount,Cache la Poudre
4676,2328,335,20,108,38,382,170,208,175,569,Ponderosa Pine,Catacount,Cache la Poudre
4677,2242,105,13,0,0,850,242,223,109,451,Cottonwood/Willow,Pachic Argiborolis,Cache la Poudre
4678,2296,321,23,150,69,968,156,212,192,242,Ponderosa Pine,Catacount,Cache la Poudre
4679,2325,313,25,212,103,997,145,212,203,153,Ponderosa Pine,Catacount,Cache la Poudre
4680,2364,3,30,404,152,1107,166,169,129,95,Ponderosa Pine,Catacount,Cache la Poudre
4681,2423,39,9,459,181,1495,221,220,134,661,Ponderosa Pine,Vanet,Cache la Poudre
4682,2231,243,2,30,-1,1489,215,240,163,633,Cottonwood/Willow,Cathedral,Cache la Poudre
4683,2233,332,8,0,0,1485,201,230,168,631,Cottonwood/Willow,Cryaquolis,Cache la Poudre
4684,2286,274,22,134,55,1470,154,239,221,674,Douglas-fir,Vanet,Cache la Poudre
4685,2207,183,29,0,0,1485,214,244,143,870,Cottonwood/Willow,Cathedral,Cache la Poudre
4686,2212,182,22,0,0,1495,220,248,149,912,Cottonwood/Willow,Cryaquolis,Cache la Poudre
4687,2162,311,9,0,0,691,196,234,177,1468,Cottonwood/Willow,Cryaquolis,Cache la Poudre
4688,2385,149,10,437,188,674,234,240,137,1657,Cottonwood/Willow,Vanet,Cache la Poudre
4689,2374,131,20,379,177,708,248,224,95,1639,Cottonwood/Willow,Vanet,Cache la Poudre
4690,2358,136,22,323,161,745,248,224,92,1590,Cottonwood/Willow,Haploborolis,Cache la Poudre
4691,2337,127,26,268,140,782,252,212,71,1542,Cottonwood/Willow,Haploborolis,Cache la Poudre
4692,2312,122,27,216,115,816,253,206,61,1495,Cottonwood/Willow,Haploborolis,Cache la Poudre
4693,2286,120,27,170,89,853,254,206,61,1448,Cottonwood/Willow,Haploborolis,Cache la Poudre
4694,2233,114,28,95,40,933,254,199,51,1358,Cottonwood/Willow,Haploborolis,Cache la Poudre
4695,2217,120,25,67,24,955,253,209,67,1337,Cottonwood/Willow,Haploborolis,Cache la Poudre
4696,2207,121,21,42,14,976,250,218,85,1315,Cottonwood/Willow,Haploborolis,Cache la Poudre
4697,2184,332,6,30,0,1064,207,233,165,1233,Cottonwood/Willow,Vanet,Cache la Poudre
4698,2187,326,7,42,6,1087,202,232,169,1214,Cottonwood/Willow,Vanet,Cache la Poudre
4699,2189,330,9,67,8,1110,199,229,170,1195,Cottonwood/Willow,Vanet,Cache la Poudre
4700,2284,7,23,0,0,1304,186,189,134,947,Ponderosa Pine,Catacount,Cache la Poudre
4701,2338,133,9,30,0,1463,235,236,131,402,Cottonwood/Willow,Vanet,Cache la Poudre
4702,2187,120,27,85,45,1410,254,205,60,277,Ponderosa Pine,Haploborolis,Cache la Poudre
4703,2120,104,10,30,3,1256,237,228,121,454,Cottonwood/Willow,Haploborolis,Cache la Poudre
4704,2117,3,9,0,0,1207,208,223,152,514,Cottonwood/Willow,Haploborolis,Cache la Poudre
4705,2118,3,12,0,0,1182,203,216,150,543,Cottonwood/Willow,Pachic Argiborolis,Cache la Poudre
4706,2120,314,16,42,8,1134,176,226,189,603,Douglas-fir,Catacount,Cache la Poudre
4707,2177,333,19,228,73,976,172,211,176,812,Douglas-fir,Catacount,Cache la Poudre
4708,2246,297,32,258,-1,876,116,211,227,962,Douglas-fir,Catacount,Cache la Poudre
4709,2224,287,29,180,129,700,127,223,230,964,Douglas-fir,Catacount,Cache la Poudre
4710,2256,304,26,240,177,713,138,216,213,972,Douglas-fir,Catacount,Cache la Poudre
4711,2274,337,25,247,58,664,156,196,174,983,Douglas-fir,Catacount,Cache la Poudre
4712,3276,52,11,150,11,3636,226,217,124,3529,Krummholz,Leighcan,Rawah
4713,3095,50,21,42,1,2777,224,189,89,4011,Spruce_Fir,Leighcan,Rawah
4714,3087,17,32,495,216,495,177,158,101,1852,Spruce_Fir,Legault,Rawah
4715,2911,151,2,242,24,1972,222,239,152,1395,Aspen,Catacount,Comanche Peak
4716,2794,104,17,90,19,2163,246,217,94,1321,Aspen,Catacount,Comanche Peak
4717,2303,124,10,0,0,108,238,233,125,212,Cottonwood/Willow,Catacount,Cache la Poudre
4718,2300,351,5,0,0,127,212,232,158,234,Cottonwood/Willow,Catacount,Cache la Poudre
4719,2332,346,30,95,44,350,147,177,158,503,Ponderosa Pine,Catacount,Cache la Poudre
4720,2274,114,28,60,27,799,254,199,51,543,Ponderosa Pine,Vanet,Cache la Poudre
4721,2247,106,16,0,0,849,246,218,96,484,Cottonwood/Willow,Catacount,Cache la Poudre
4722,2297,309,22,150,66,931,155,220,203,277,Ponderosa Pine,Catacount,Cache la Poudre
4723,2197,61,6,0,0,1505,225,227,136,834,Cottonwood/Willow,Cryaquolis,Cache la Poudre
4724,2195,189,3,30,-16,1515,219,241,158,892,Cottonwood/Willow,Cryaquolis,Cache la Poudre
4725,2298,308,37,127,81,1345,99,191,219,1082,Ponderosa Pine,Catacount,Cache la Poudre
4726,2417,0,15,402,235,1103,196,210,150,1113,Ponderosa Pine,Vanet,Cache la Poudre
4727,2394,20,15,446,238,1019,208,208,134,1148,Ponderosa Pine,Vanet,Cache la Poudre
4728,2385,207,5,459,188,633,217,245,164,1684,Cottonwood/Willow,Vanet,Cache la Poudre
4729,2357,129,23,342,160,703,250,220,85,1632,Cottonwood/Willow,Haploborolis,Cache la Poudre
4730,2339,134,25,285,142,741,250,219,81,1584,Cottonwood/Willow,Haploborolis,Cache la Poudre
4731,2316,126,27,228,119,774,253,211,67,1537,Cottonwood/Willow,Haploborolis,Cache la Poudre
4732,2303,123,28,201,106,792,253,207,61,1513,Cottonwood/Willow,Haploborolis,Cache la Poudre
4733,2290,125,29,175,93,811,253,206,59,1490,Cottonwood/Willow,Haploborolis,Cache la Poudre
4734,2277,128,29,150,80,830,253,207,59,1468,Cottonwood/Willow,Haploborolis,Cache la Poudre
4735,2251,131,29,108,57,870,251,211,66,1423,Cottonwood/Willow,Haploborolis,Cache la Poudre
4736,2239,128,30,85,45,891,252,205,56,1401,Cottonwood/Willow,Haploborolis,Cache la Poudre
4737,2223,125,31,67,29,912,253,201,50,1379,Cottonwood/Willow,Haploborolis,Cache la Poudre
4738,2200,131,19,30,7,955,247,226,100,1337,Cottonwood/Willow,Haploborolis,Cache la Poudre
4739,2186,86,7,0,0,999,230,229,132,1296,Cottonwood/Willow,Vanet,Cache la Poudre
4740,2186,351,6,30,0,1022,209,229,159,1276,Cottonwood/Willow,Vanet,Cache la Poudre
4741,2192,320,11,85,11,1092,192,230,177,1218,Cottonwood/Willow,Catacount,Cache la Poudre
4742,2234,326,23,212,62,1176,156,207,187,1116,Ponderosa Pine,Catacount,Cache la Poudre
4743,2308,304,28,90,16,1233,132,213,215,1006,Ponderosa Pine,Catacount,Cache la Poudre
4744,2341,105,11,30,4,1422,238,227,118,443,Ponderosa Pine,Vanet,Cache la Poudre
4745,2337,52,3,0,0,1437,221,233,149,430,Cottonwood/Willow,Vanet,Cache la Poudre
4746,2338,311,9,0,0,1451,196,234,177,418,Douglas-fir,Cryaquolis,Cache la Poudre
4747,2366,322,21,108,30,1501,162,214,189,391,Douglas-fir,Catacount,Cache la Poudre
4748,2127,87,10,0,0,1298,235,224,119,421,Cottonwood/Willow,Haploborolis,Cache la Poudre
4749,2123,354,15,0,0,1249,193,212,156,481,Cottonwood/Willow,Pachic Argiborolis,Cache la Poudre
4750,2127,4,15,0,0,1200,199,210,147,541,Cottonwood/Willow,Pachic Argiborolis,Cache la Poudre
4751,2137,301,27,85,25,1129,136,217,217,631,Douglas-fir,Catacount,Cache la Poudre
4752,2258,118,28,85,36,769,254,202,55,1034,Douglas-fir,Vanet,Cache la Poudre
4753,2182,93,23,0,0,730,249,197,64,1001,Cottonwood/Willow,Vanet,Cache la Poudre
4754,2172,57,22,0,0,726,229,187,80,997,Cottonwood/Willow,Catacount,Cache la Poudre
4755,2163,14,22,0,0,722,193,189,126,994,Douglas-fir,Catacount,Cache la Poudre
4756,2264,302,28,240,175,731,131,213,217,1001,Douglas-fir,Catacount,Cache la Poudre
4757,2191,64,33,0,0,433,229,155,32,912,Cottonwood/Willow,Cathedral,Cache la Poudre
4758,2164,27,28,30,0,384,196,169,96,860,Douglas-fir,Catacount,Cache la Poudre
4759,3283,92,8,124,18,3670,233,228,128,3542,Krummholz,Leighcan,Rawah
4760,2962,153,7,30,0,1622,229,241,144,3544,Spruce_Fir,Cryaquolis,Rawah
4761,3145,324,39,330,149,514,97,168,195,2084,Krummholz,Legault,Rawah
4762,3029,113,14,655,229,664,244,224,107,1084,Lodgepole Pine,Legault,Rawah
4763,2848,92,20,95,43,120,247,204,77,819,Lodgepole Pine,Legault,Rawah
4764,2938,356,9,120,15,1397,205,224,156,558,Lodgepole Pine,Catacount,Comanche Peak
4765,2791,117,14,85,13,2188,244,226,108,1345,Aspen,Catacount,Comanche Peak
4766,2782,84,7,30,7,2222,230,228,131,1308,Aspen,Cryaquolis,Comanche Peak
4767,2302,348,6,0,0,127,209,231,160,192,Cottonwood/Willow,Catacount,Cache la Poudre
4768,2337,350,33,120,46,297,143,166,148,408,Ponderosa Pine,Catacount,Cache la Poudre
4769,2247,68,9,0,0,865,230,221,124,488,Cottonwood/Willow,Catacount,Cache la Poudre
4770,2401,0,30,480,195,1110,161,168,132,201,Ponderosa Pine,Catacount,Cache la Poudre
4771,2432,349,21,537,242,1318,176,199,159,488,Ponderosa Pine,Catacount,Cache la Poudre
4772,2241,319,23,30,10,1554,153,211,195,696,Douglas-fir,Cryaquolis,Cache la Poudre
4773,2262,351,17,108,31,1531,188,209,158,700,Douglas-fir,Vanet,Cache la Poudre
4774,2290,322,18,170,55,1530,172,219,186,731,Douglas-fir,Vanet,Cache la Poudre
4775,2294,66,20,162,80,1530,235,194,82,765,Ponderosa Pine,Vanet,Cache la Poudre
4776,2408,1,21,408,220,957,184,195,144,1142,Ponderosa Pine,Cathedral,Cache la Poudre
4777,2187,303,27,42,19,624,135,215,215,1443,Ponderosa Pine,Catacount,Cache la Poudre
4778,2253,309,24,153,95,564,147,216,206,1528,Ponderosa Pine,Catacount,Cache la Poudre
4779,2373,118,19,395,176,642,249,220,92,1698,Cottonwood/Willow,Vanet,Cache la Poudre
4780,2362,114,22,365,165,661,251,213,78,1674,Cottonwood/Willow,Haploborolis,Cache la Poudre
4781,2338,127,24,306,141,700,251,216,79,1626,Cottonwood/Willow,Haploborolis,Cache la Poudre
4782,2308,130,27,218,111,750,251,214,72,1556,Cottonwood/Willow,Haploborolis,Cache la Poudre
4783,2295,124,28,190,98,768,253,207,62,1533,Cottonwood/Willow,Haploborolis,Cache la Poudre
4784,2280,122,30,162,83,787,254,201,51,1510,Cottonwood/Willow,Haploborolis,Cache la Poudre
4785,2265,127,31,134,68,807,253,202,51,1487,Cottonwood/Willow,Haploborolis,Cache la Poudre
4786,2251,132,31,108,54,828,251,206,58,1465,Cottonwood/Willow,Haploborolis,Cache la Poudre
4787,2239,136,31,85,42,849,249,210,63,1443,Cottonwood/Willow,Haploborolis,Cache la Poudre
4788,2227,134,32,67,33,870,250,206,57,1421,Cottonwood/Willow,Haploborolis,Cache la Poudre
4789,2193,132,13,30,0,934,241,233,119,1358,Cottonwood/Willow,Haploborolis,Cache la Poudre
4790,2189,113,5,0,0,957,230,234,138,1338,Cottonwood/Willow,Vanet,Cache la Poudre
4791,2188,354,5,30,-4,979,212,231,157,1318,Cottonwood/Willow,Vanet,Cache la Poudre
4792,2355,300,25,120,13,1239,143,221,214,990,Ponderosa Pine,Catacount,Cache la Poudre
4793,2367,302,27,150,25,1236,134,216,216,990,Ponderosa Pine,Catacount,Cache la Poudre
4794,2340,66,6,0,0,1396,226,228,137,470,Cottonwood/Willow,Vanet,Cache la Poudre
4795,2351,312,19,42,13,1441,167,223,195,437,Douglas-fir,Catacount,Cache la Poudre
4796,2367,313,18,95,28,1473,170,224,193,424,Douglas-fir,Catacount,Cache la Poudre
4797,2374,311,18,124,32,1489,169,225,195,421,Douglas-fir,Catacount,Cache la Poudre
4798,2389,300,15,212,61,1530,176,232,196,430,Douglas-fir,Catacount,Cache la Poudre
4799,2211,153,35,90,31,1597,237,218,80,90,Ponderosa Pine,Haploborolis,Cache la Poudre
4800,2142,137,19,0,0,1390,245,229,105,330,Cottonwood/Willow,Haploborolis,Cache la Poudre
4801,2129,47,8,0,0,1340,223,223,135,390,Cottonwood/Willow,Pachic Argiborolis,Cache la Poudre
4802,2134,15,16,0,0,1218,204,206,136,540,Cottonwood/Willow,Pachic Argiborolis,Cache la Poudre
4803,2198,345,19,212,61,1040,178,206,164,780,Douglas-fir,Catacount,Cache la Poudre
4804,2212,310,30,301,108,979,126,205,211,870,Douglas-fir,Catacount,Cache la Poudre
4805,2266,119,25,85,35,808,253,210,70,1072,Douglas-fir,Vanet,Cache la Poudre
4806,2203,87,23,0,0,771,246,196,67,1041,Cottonwood/Willow,Vanet,Cache la Poudre
4807,2186,41,20,0,0,760,218,193,101,1031,Cottonwood/Willow,Catacount,Cache la Poudre
4808,2188,339,27,67,36,750,153,191,170,1020,Douglas-fir,Catacount,Cache la Poudre
4809,2251,75,27,60,35,525,240,178,51,981,Cottonwood/Willow,Cathedral,Cache la Poudre
4810,2234,77,30,30,18,499,241,171,39,953,Cottonwood/Willow,Cathedral,Cache la Poudre
4811,2894,329,17,247,26,1082,177,217,179,638,Lodgepole Pine,Cryaquolis,Comanche Peak
4812,2780,135,5,30,1,2247,228,238,144,1332,Aspen,Cryaquolis,Comanche Peak
4813,2316,324,25,42,14,170,151,205,190,201,Ponderosa Pine,Catacount,Cache la Poudre
4814,2336,325,27,85,36,212,143,200,190,256,Ponderosa Pine,Catacount,Cache la Poudre
4815,2361,6,19,150,72,361,194,201,141,459,Ponderosa Pine,Catacount,Cache la Poudre
4816,2352,60,13,162,64,408,230,213,114,518,Ponderosa Pine,Vanet,Cache la Poudre
4817,2255,90,12,0,0,840,239,220,110,524,Cottonwood/Willow,Catacount,Cache la Poudre
4818,2444,354,20,564,254,1298,181,200,153,495,Ponderosa Pine,Catacount,Cache la Poudre
4819,2273,327,25,60,41,1574,150,202,187,721,Douglas-fir,Vanet,Cache la Poudre
4820,2280,355,22,67,42,1570,178,195,151,720,Douglas-fir,Vanet,Cache la Poudre
4821,2271,1,17,134,37,1561,193,205,148,730,Douglas-fir,Vanet,Cache la Poudre
4822,2418,12,19,488,230,997,197,197,132,1082,Ponderosa Pine,Vanet,Cache la Poudre
4823,2417,36,19,371,229,914,215,194,107,1127,Ponderosa Pine,Cathedral,Cache la Poudre
4824,2260,24,28,297,100,488,192,168,99,1621,Ponderosa Pine,Catacount,Cache la Poudre
4825,2354,253,26,516,129,524,152,246,225,1740,Ponderosa Pine,Catacount,Cache la Poudre
4826,2378,159,3,450,157,582,223,240,152,1744,Cottonwood/Willow,Vanet,Cache la Poudre
4827,2375,118,11,421,154,600,239,230,119,1740,Cottonwood/Willow,Vanet,Cache la Poudre
4828,2346,99,22,331,149,658,250,203,69,1668,Cottonwood/Willow,Haploborolis,Cache la Poudre
4829,2295,127,27,212,98,726,252,212,69,1575,Cottonwood/Willow,Haploborolis,Cache la Poudre
4830,2272,122,31,153,75,765,254,197,45,1530,Cottonwood/Willow,Haploborolis,Cache la Poudre
4831,2255,123,33,124,58,785,254,196,42,1507,Cottonwood/Willow,Haploborolis,Cache la Poudre
4832,2225,133,31,67,28,828,251,207,59,1464,Cottonwood/Willow,Haploborolis,Cache la Poudre
4833,2211,134,28,42,14,849,251,214,70,1442,Cottonwood/Willow,Haploborolis,Cache la Poudre
4834,2201,131,21,30,7,870,249,223,91,1421,Cottonwood/Willow,Haploborolis,Cache la Poudre
4835,2194,124,13,0,0,892,241,231,117,1401,Cottonwood/Willow,Haploborolis,Cache la Poudre
4836,2190,343,7,0,0,937,205,229,162,1360,Cottonwood/Willow,Vanet,Cache la Poudre
4837,2193,338,12,30,4,960,194,223,168,1341,Cottonwood/Willow,Vanet,Cache la Poudre
4838,2347,291,24,85,5,1213,145,227,219,1022,Ponderosa Pine,Catacount,Cache la Poudre
4839,2398,274,12,95,9,1201,189,243,193,1022,Ponderosa Pine,Vanet,Cache la Poudre
4840,2400,127,15,277,30,1230,243,229,111,750,Ponderosa Pine,Vanet,Cache la Poudre
4841,2347,117,4,30,2,1342,227,236,143,525,Ponderosa Pine,Vanet,Cache la Poudre
4842,2345,45,4,0,0,1355,221,231,146,510,Cottonwood/Willow,Vanet,Cache la Poudre
4843,2357,314,19,67,20,1415,167,222,194,466,Douglas-fir,Catacount,Cache la Poudre
4844,2388,335,10,190,52,1500,198,227,168,451,Douglas-fir,Catacount,Cache la Poudre
4845,2401,287,22,255,73,1556,153,232,217,466,Douglas-fir,Catacount,Cache la Poudre
4846,2414,284,25,277,83,1560,143,231,224,474,Douglas-fir,Catacount,Cache la Poudre
4847,2268,128,32,150,80,1632,252,200,48,67,Ponderosa Pine,Haploborolis,Cache la Poudre
4848,2160,145,21,30,9,1482,244,232,107,242,Cottonwood/Willow,Haploborolis,Cache la Poudre
4849,2151,126,18,0,0,1456,247,225,99,272,Cottonwood/Willow,Haploborolis,Cache la Poudre
4850,2142,103,12,0,0,1431,240,224,112,301,Cottonwood/Willow,Haploborolis,Cache la Poudre
4851,2137,27,8,0,0,1406,217,223,142,331,Cottonwood/Willow,Pachic Argiborolis,Cache la Poudre
4852,2210,351,23,240,73,1041,172,194,155,811,Douglas-fir,Catacount,Cache la Poudre
4853,2215,332,26,270,78,1022,149,196,181,841,Douglas-fir,Catacount,Cache la Poudre
4854,2222,78,22,0,0,808,242,193,70,1077,Cottonwood/Willow,Vanet,Cache la Poudre
4855,2210,48,22,0,0,800,223,187,88,1071,Cottonwood/Willow,Catacount,Cache la Poudre
4856,2281,295,32,247,176,752,117,213,228,1061,Douglas-fir,Catacount,Cache la Poudre
4857,2323,342,18,212,107,671,179,209,167,1077,Douglas-fir,Catacount,Cache la Poudre
4858,2252,70,28,67,36,541,237,173,49,969,Douglas-fir,Cathedral,Cache la Poudre
4859,3169,359,21,67,11,3118,184,197,146,3886,Spruce_Fir,Leighcan,Rawah
4860,2983,26,13,60,7,1926,213,211,132,3850,Spruce_Fir,Cryaquolis,Rawah
4861,2891,315,16,182,23,1036,176,226,189,700,Lodgepole Pine,Cryaquolis,Comanche Peak
4862,2859,133,23,242,69,2120,249,222,89,1369,Aspen,Catacount,Comanche Peak
4863,2839,129,26,212,53,2148,252,214,73,1396,Aspen,Catacount,Comanche Peak
4864,2782,127,10,60,4,2239,237,234,126,1392,Aspen,Catacount,Comanche Peak
4865,2309,137,9,0,0,95,235,237,133,67,Cottonwood/Willow,Catacount,Cache la Poudre
4866,2306,54,2,0,0,108,220,234,150,85,Cottonwood/Willow,Catacount,Cache la Poudre
4867,2368,349,24,180,70,319,168,192,157,365,Ponderosa Pine,Catacount,Cache la Poudre
4868,2353,80,14,190,65,426,238,215,105,514,Ponderosa Pine,Vanet,Cache la Poudre
4869,2260,116,13,30,5,811,242,227,112,560,Cottonwood/Willow,Vanet,Cache la Poudre
4870,2250,304,21,67,8,1618,157,224,205,760,Douglas-fir,Vanet,Cache la Poudre
4871,2284,309,20,90,53,1604,163,223,199,751,Douglas-fir,Vanet,Cache la Poudre
4872,2294,330,38,150,85,1390,105,166,184,1006,Ponderosa Pine,Catacount,Cache la Poudre
4873,2178,97,13,0,0,658,241,221,108,1318,Cottonwood/Willow,Cathedral,Cache la Poudre
4874,2177,331,12,0,0,636,192,225,172,1338,Cottonwood/Willow,Cryaquolis,Cache la Poudre
4875,2196,313,31,60,19,595,125,200,208,1379,Ponderosa Pine,Catacount,Cache la Poudre
4876,2379,54,2,426,154,558,220,234,150,1774,Cottonwood/Willow,Vanet,Cache la Poudre
4877,2374,83,11,408,153,576,236,220,114,1758,Cottonwood/Willow,Vanet,Cache la Poudre
4878,2366,84,16,390,145,595,241,211,95,1734,Cottonwood/Willow,Vanet,Cache la Poudre
4879,2356,83,19,360,159,616,243,205,85,1710,Cottonwood/Willow,Haploborolis,Cache la Poudre
4880,2346,80,21,330,149,633,242,198,76,1687,Cottonwood/Willow,Haploborolis,Cache la Poudre
4881,2324,89,26,270,127,666,248,188,52,1640,Cottonwood/Willow,Haploborolis,Cache la Poudre
4882,2306,100,30,240,109,684,252,184,36,1617,Cottonwood/Willow,Haploborolis,Cache la Poudre
4883,2288,114,29,210,91,703,254,197,49,1595,Cottonwood/Willow,Haploborolis,Cache la Poudre
4884,2244,122,32,120,47,764,254,195,42,1528,Cottonwood/Willow,Haploborolis,Cache la Poudre
4885,2228,122,30,90,31,785,254,201,52,1506,Cottonwood/Willow,Haploborolis,Cache la Poudre
4886,2214,122,26,60,17,806,253,208,65,1485,Cottonwood/Willow,Haploborolis,Cache la Poudre
4887,2197,115,11,0,0,850,239,230,120,1443,Cottonwood/Willow,Haploborolis,Cache la Poudre
4888,2192,45,4,0,0,872,221,231,146,1423,Cottonwood/Willow,Vanet,Cache la Poudre
4889,2193,339,11,0,0,895,196,224,167,1403,Cottonwood/Willow,Vanet,Cache la Poudre
4890,2215,356,21,150,28,1040,181,197,150,1290,Ponderosa Pine,Catacount,Cache la Poudre
4891,2296,333,29,285,4,1100,140,188,179,1155,Ponderosa Pine,Catacount,Cache la Poudre
4892,2359,71,11,67,10,1276,233,218,115,600,Ponderosa Pine,Vanet,Cache la Poudre
4893,2346,0,1,0,0,1315,217,236,156,551,Cottonwood/Willow,Vanet,Cache la Poudre
4894,2407,294,23,277,78,1533,150,227,215,495,Douglas-fir,Catacount,Cache la Poudre
4895,2225,120,33,85,37,1679,254,192,37,60,Ponderosa Pine,Haploborolis,Cache la Poudre
4896,2192,128,28,42,12,1652,252,210,66,85,Ponderosa Pine,Haploborolis,Cache la Poudre
4897,2174,127,15,30,-5,1600,243,229,111,134,Cottonwood/Willow,Haploborolis,Cache la Poudre
4898,2168,112,14,30,-8,1574,243,225,108,162,Cottonwood/Willow,Haploborolis,Cache la Poudre
4899,2155,96,6,0,0,1523,231,231,133,218,Cottonwood/Willow,Haploborolis,Cache la Poudre
4900,2154,63,7,0,0,1498,226,226,134,247,Cottonwood/Willow,Haploborolis,Cache la Poudre
4901,2161,19,24,42,18,1279,196,183,115,514,Douglas-fir,Catacount,Cache la Poudre
4902,2153,40,22,30,10,1256,215,185,94,543,Cottonwood/Willow,Pachic Argiborolis,Cache la Poudre
4903,2206,308,27,150,69,1124,137,212,210,722,Douglas-fir,Catacount,Cache la Poudre
4904,2227,334,28,270,90,1045,145,190,178,842,Douglas-fir,Catacount,Cache la Poudre
4905,2248,129,21,30,0,864,249,223,91,1129,Douglas-fir,Vanet,Cache la Poudre
4906,2237,113,17,30,6,854,247,221,96,1121,Cottonwood/Willow,Vanet,Cache la Poudre
4907,2231,80,12,0,0,845,236,218,111,1113,Cottonwood/Willow,Catacount,Cache la Poudre
4908,2218,3,29,127,55,811,168,172,131,1080,Douglas-fir,Catacount,Cache la Poudre
4909,2269,284,34,228,138,792,107,217,238,1087,Douglas-fir,Catacount,Cache la Poudre
4910,2320,294,24,247,104,711,144,225,217,1100,Douglas-fir,Catacount,Cache la Poudre
4911,2209,14,28,108,18,424,182,172,115,792,Douglas-fir,Catacount,Cache la Poudre
4912,2196,21,30,150,32,384,186,163,99,738,Douglas-fir,Catacount,Cache la Poudre
4913,3280,148,9,95,15,3743,232,240,139,3596,Krummholz,Leighcan,Rawah
4914,3261,107,7,30,0,3596,233,232,131,3664,Krummholz,Leighcan,Rawah
4915,3251,81,6,30,0,3537,228,230,136,3692,Krummholz,Leighcan,Rawah
4916,3224,92,19,0,0,3389,246,207,82,3766,Krummholz,Leighcan,Rawah
4917,3180,359,20,108,22,3095,186,199,147,3928,Spruce_Fir,Leighcan,Rawah
4918,3009,285,31,297,110,891,119,222,234,2704,Spruce_Fir,Legault,Rawah
4919,3144,34,28,600,271,618,203,167,83,1879,Spruce_Fir,Legault,Rawah
4920,3121,320,23,706,262,713,155,212,193,1673,Lodgepole Pine,Legault,Rawah
4921,2957,0,3,309,37,1546,215,233,156,785,Lodgepole Pine,Catacount,Comanche Peak
4922,2830,128,24,190,44,2174,251,216,78,1370,Aspen,Catacount,Comanche Peak
4923,2785,102,12,67,5,2248,239,225,114,1434,Aspen,Catacount,Comanche Peak
4924,2877,45,12,234,35,2377,223,213,122,1205,Spruce_Fir,Leighcan,Comanche Peak
4925,2258,68,3,0,0,781,222,234,148,569,Cottonwood/Willow,Catacount,Cache la Poudre
4926,2388,310,25,361,161,886,145,214,206,201,Ponderosa Pine,Catacount,Cache la Poudre
4927,2453,348,29,570,241,1082,152,178,155,300,Ponderosa Pine,Catacount,Cache la Poudre
4928,2240,61,2,0,0,1602,221,234,149,808,Cottonwood/Willow,Cryaquolis,Cache la Poudre
4929,2300,337,35,162,88,1399,122,168,171,983,Ponderosa Pine,Catacount,Cache la Poudre
4930,2367,314,47,228,143,1273,59,155,210,962,Ponderosa Pine,Catacount,Cache la Poudre
4931,2441,14,16,492,251,997,203,205,136,1006,Ponderosa Pine,Vanet,Cache la Poudre
4932,2376,59,13,384,151,553,230,211,112,1776,Cottonwood/Willow,Vanet,Cache la Poudre
4933,2369,70,17,366,148,573,236,204,93,1752,Cottonwood/Willow,Vanet,Cache la Poudre
4934,2360,75,19,350,139,592,239,201,84,1729,Cottonwood/Willow,Haploborolis,Cache la Poudre
4935,2283,101,31,210,86,680,253,182,32,1614,Cottonwood/Willow,Haploborolis,Cache la Poudre
4936,2249,116,29,150,52,721,254,198,49,1570,Cottonwood/Willow,Haploborolis,Cache la Poudre
4937,2221,110,26,90,24,764,253,202,60,1527,Cottonwood/Willow,Haploborolis,Cache la Poudre
4938,2196,329,10,30,0,853,196,228,172,1445,Cottonwood/Willow,Vanet,Cache la Poudre
4939,2238,298,21,234,54,1050,157,228,209,1266,Ponderosa Pine,Catacount,Cache la Poudre
4940,2268,290,26,277,87,1054,139,226,223,1235,Ponderosa Pine,Catacount,Cache la Poudre
4941,2289,315,22,319,109,1061,157,216,197,1207,Ponderosa Pine,Catacount,Cache la Poudre
4942,2368,3,18,90,57,1142,193,203,145,1106,Ponderosa Pine,Catacount,Cache la Poudre
4943,2421,302,3,120,60,1144,211,238,165,932,Ponderosa Pine,Vanet,Cache la Poudre
4944,2374,42,13,95,15,1226,222,212,123,661,Ponderosa Pine,Vanet,Cache la Poudre
4945,2349,57,10,0,0,1275,227,220,126,592,Cottonwood/Willow,Vanet,Cache la Poudre
4946,2431,103,28,339,191,1634,253,190,44,342,Ponderosa Pine,Vanet,Cache la Poudre
4947,2177,24,16,0,0,1616,209,203,127,150,Cottonwood/Willow,Haploborolis,Cache la Poudre
4948,2173,25,21,0,0,1590,205,189,114,175,Cottonwood/Willow,Pachic Argiborolis,Cache la Poudre
4949,2168,25,23,0,0,1565,201,184,110,201,Cottonwood/Willow,Pachic Argiborolis,Cache la Poudre
4950,2148,300,13,30,3,1231,184,235,191,607,Douglas-fir,Catacount,Cache la Poudre
4951,2263,312,33,270,15,1032,114,195,211,904,Douglas-fir,Catacount,Cache la Poudre
4952,2248,111,13,0,0,902,242,225,110,1167,Cottonwood/Willow,Vanet,Cache la Poudre
4953,2240,27,17,0,0,882,211,202,123,1150,Cottonwood/Willow,Catacount,Cache la Poudre
4954,2237,353,32,134,55,840,150,169,144,1110,Douglas-fir,Catacount,Cache la Poudre
4955,3276,147,8,85,0,3749,231,239,140,3623,Krummholz,Leighcan,Rawah
4956,2888,306,20,120,20,1006,162,225,202,785,Lodgepole Pine,Cryaquolis,Comanche Peak
4957,2832,130,23,175,36,2187,250,220,84,1329,Aspen,Catacount,Comanche Peak
4958,2311,21,4,0,0,85,217,231,151,30,Cottonwood/Willow,Catacount,Cache la Poudre
4959,2304,125,17,85,29,649,246,225,101,779,Ponderosa Pine,Vanet,Cache la Poudre
4960,2259,24,3,0,0,752,218,233,152,607,Cottonwood/Willow,Vanet,Cache la Poudre
4961,2274,275,17,150,32,1667,172,242,208,812,Douglas-fir,Vanet,Cache la Poudre
4962,2290,250,16,228,57,1650,183,250,204,824,Douglas-fir,Vanet,Cache la Poudre
4963,2322,281,17,268,91,1650,170,239,208,845,Douglas-fir,Vanet,Cache la Poudre
4964,2317,356,32,182,117,1410,152,166,139,960,Ponderosa Pine,Catacount,Cache la Poudre
4965,2450,6,18,510,257,976,195,203,142,977,Ponderosa Pine,Vanet,Cache la Poudre
4966,2386,11,11,376,161,511,208,217,145,1818,Ponderosa Pine,Vanet,Cache la Poudre
4967,2382,57,16,361,157,531,229,205,104,1794,Cottonwood/Willow,Vanet,Cache la Poudre
4968,2372,76,19,342,147,551,240,200,83,1771,Cottonwood/Willow,Vanet,Cache la Poudre
4969,2362,90,21,324,141,566,247,202,74,1748,Cottonwood/Willow,Haploborolis,Cache la Poudre
4970,2350,100,25,309,129,582,251,198,59,1725,Cottonwood/Willow,Haploborolis,Cache la Poudre
4971,2335,105,29,295,114,600,254,190,42,1702,Cottonwood/Willow,Haploborolis,Cache la Poudre
4972,2298,106,30,240,101,638,254,187,37,1657,Cottonwood/Willow,Haploborolis,Cache la Poudre
4973,2284,98,30,210,87,658,252,184,37,1635,Cottonwood/Willow,Haploborolis,Cache la Poudre
4974,2218,99,23,90,21,743,250,202,68,1549,Cottonwood/Willow,Haploborolis,Cache la Poudre
4975,2201,82,8,30,5,787,232,225,126,1507,Cottonwood/Willow,Haploborolis,Cache la Poudre
4976,2199,10,4,0,0,811,215,231,153,1487,Cottonwood/Willow,Vanet,Cache la Poudre
4977,2370,47,21,60,41,1127,222,190,94,1130,Ponderosa Pine,Vanet,Cache la Poudre
4978,2352,326,11,30,3,1262,193,228,175,604,Douglas-fir,Cryaquolis,Cache la Poudre
4979,2370,315,18,85,22,1307,170,223,192,569,Douglas-fir,Catacount,Cache la Poudre
4980,2392,331,22,150,52,1357,162,206,181,547,Douglas-fir,Catacount,Cache la Poudre
4981,2397,334,21,170,57,1374,167,207,177,543,Douglas-fir,Catacount,Cache la Poudre
4982,2439,270,18,361,110,1528,170,243,211,495,Douglas-fir,Vanet,Cache la Poudre
4983,2447,262,14,382,119,1549,185,246,199,466,Douglas-fir,Vanet,Cache la Poudre
4984,2383,101,37,277,155,1672,251,163,0,295,Ponderosa Pine,Haploborolis,Cache la Poudre
4985,2341,116,37,228,125,1683,253,179,18,242,Ponderosa Pine,Haploborolis,Cache la Poudre
4986,2188,41,11,0,0,1682,222,216,129,134,Cottonwood/Willow,Haploborolis,Cache la Poudre
4987,2190,351,19,0,0,1657,183,205,157,150,Cottonwood/Willow,Pachic Argiborolis,Cache la Poudre
4988,2164,78,26,0,0,1296,243,183,55,553,Cottonwood/Willow,Vanet,Cache la Poudre
4989,2151,67,12,0,0,1273,232,216,115,582,Cottonwood/Willow,Pachic Argiborolis,Cache la Poudre
4990,2216,285,25,150,79,1168,144,230,223,730,Douglas-fir,Catacount,Cache la Poudre
4991,2290,77,29,90,42,966,242,173,41,1087,Douglas-fir,Vanet,Cache la Poudre
4992,2257,76,22,30,9,942,241,192,70,1146,Cottonwood/Willow,Vanet,Cache la Poudre
4993,2254,354,26,30,10,911,168,186,149,1179,Douglas-fir,Catacount,Cache la Poudre
4994,2315,41,30,170,99,642,208,160,67,997,Douglas-fir,Catacount,Cache la Poudre
4995,2233,22,28,95,-6,450,190,167,101,741,Douglas-fir,Catacount,Cache la Poudre
4996,3281,124,7,30,2,3842,232,235,136,3613,Krummholz,Leighcan,Rawah
4997,3258,122,4,0,0,3607,228,236,143,3717,Krummholz,Leighcan,Rawah
4998,3241,52,21,42,-4,3430,226,190,88,3803,Krummholz,Leighcan,Rawah
4999,2979,28,25,108,31,1678,202,178,101,3581,Spruce_Fir,Legault,Rawah
5000,3024,135,9,703,214,721,235,236,133,1256,Lodgepole Pine,Legault,Rawah
5001,2897,145,18,285,91,2079,242,234,115,1179,Aspen,Catacount,Comanche Peak
5002,2882,310,21,366,116,2577,159,221,200,1262,Lodgepole Pine,Leighcan,Comanche Peak
5003,2344,332,29,85,36,201,141,189,181,95,Ponderosa Pine,Catacount,Cache la Poudre
5004,2385,327,23,170,80,297,158,207,185,242,Ponderosa Pine,Catacount,Cache la Poudre
5005,2346,45,11,242,59,524,223,215,125,601,Ponderosa Pine,Vanet,Cache la Poudre
5006,2266,100,9,0,0,700,236,227,122,674,Cottonwood/Willow,Vanet,Cache la Poudre
5007,2326,304,23,216,79,750,152,222,208,384,Ponderosa Pine,Catacount,Cache la Poudre
5008,2340,289,22,268,98,769,154,232,216,339,Ponderosa Pine,Catacount,Cache la Poudre
5009,2482,356,16,543,92,1249,193,211,154,564,Ponderosa Pine,Vanet,Cache la Poudre
5010,2235,0,1,0,0,1556,217,236,156,866,Cottonwood/Willow,Cryaquolis,Cache la Poudre
5011,2263,277,15,85,30,1614,178,242,203,849,Douglas-fir,Vanet,Cache la Poudre
5012,2278,271,10,120,45,1655,193,243,189,842,Douglas-fir,Vanet,Cache la Poudre
5013,2273,171,16,134,27,1687,229,245,142,841,Douglas-fir,Vanet,Cache la Poudre
5014,2308,344,33,190,111,1611,137,170,159,953,Ponderosa Pine,Catacount,Cache la Poudre
5015,2423,262,24,309,199,1190,155,244,223,900,Ponderosa Pine,Catacount,Cache la Poudre
5016,2190,270,10,30,2,595,194,244,189,1252,Cottonwood/Willow,Cryaquolis,Cache la Poudre
5017,2305,300,25,192,98,417,143,221,214,1452,Ponderosa Pine,Catacount,Cache la Poudre
5018,2265,306,21,437,58,360,157,222,204,1673,Ponderosa Pine,Catacount,Cache la Poudre
5019,2287,303,28,495,80,361,133,214,216,1724,Ponderosa Pine,Catacount,Cache la Poudre
5020,2386,76,17,335,161,509,238,207,93,1813,Cottonwood/Willow,Vanet,Cache la Poudre
5021,2360,99,26,300,135,541,252,193,53,1767,Cottonwood/Willow,Haploborolis,Cache la Poudre
5022,2345,109,30,283,124,558,254,192,43,1744,Cottonwood/Willow,Haploborolis,Cache la Poudre
5023,2309,111,32,256,88,595,254,186,32,1699,Cottonwood/Willow,Haploborolis,Cache la Poudre
5024,2292,110,29,240,81,616,254,195,47,1677,Cottonwood/Willow,Haploborolis,Cache la Poudre
5025,2247,95,29,150,50,679,251,185,42,1612,Cottonwood/Willow,Haploborolis,Cache la Poudre
5026,2230,95,25,120,33,700,250,193,56,1591,Cottonwood/Willow,Haploborolis,Cache la Poudre
5027,2217,92,21,90,20,722,247,203,74,1570,Cottonwood/Willow,Haploborolis,Cache la Poudre
5028,2206,85,14,60,10,745,239,216,104,1550,Cottonwood/Willow,Haploborolis,Cache la Poudre
5029,2202,69,7,30,3,768,228,226,131,1530,Cottonwood/Willow,Haploborolis,Cache la Poudre
5030,2260,1,31,216,67,990,159,165,130,1348,Ponderosa Pine,Catacount,Cache la Poudre
5031,2409,334,23,134,20,1084,161,203,178,1140,Ponderosa Pine,Catacount,Cache la Poudre
5032,2365,85,15,30,6,1194,241,212,97,674,Cottonwood/Willow,Vanet,Cache la Poudre
5033,2355,79,11,0,0,1207,234,220,117,659,Cottonwood/Willow,Cryaquolis,Cache la Poudre
5034,2363,311,15,67,14,1250,178,228,190,618,Douglas-fir,Catacount,Cache la Poudre
5035,2193,342,14,0,0,1698,191,218,166,162,Cottonwood/Willow,Haploborolis,Cache la Poudre
5036,2207,347,28,42,17,1648,154,181,157,192,Douglas-fir,Pachic Argiborolis,Cache la Poudre
5037,2153,29,11,30,-10,1294,216,216,134,589,Douglas-fir,Catacount,Cache la Poudre
5038,2273,318,26,272,136,1116,145,208,198,853,Douglas-fir,Catacount,Cache la Poudre
5039,2255,23,12,0,0,959,212,214,136,1180,Cottonwood/Willow,Catacount,Cache la Poudre
5040,2270,27,27,162,60,902,198,172,97,1173,Douglas-fir,Catacount,Cache la Poudre
5041,2348,332,21,258,132,732,167,209,179,1077,Douglas-fir,Vanet,Cache la Poudre
5042,3256,101,2,30,-1,3583,223,236,148,3757,Krummholz,Leighcan,Rawah
5043,3249,54,16,67,-2,3436,228,203,104,3829,Krummholz,Leighcan,Rawah
5044,3204,65,36,540,208,696,227,146,21,1976,Krummholz,Legault,Rawah
5045,3180,29,25,600,184,706,203,178,100,1924,Krummholz,Legault,Rawah
5046,2819,117,16,127,23,2241,246,223,101,1276,Aspen,Catacount,Comanche Peak
5047,2337,335,30,60,24,150,139,185,177,60,Ponderosa Pine,Catacount,Cache la Poudre
5048,2359,335,28,108,50,216,146,190,176,108,Ponderosa Pine,Catacount,Cache la Poudre
5049,2402,351,10,234,98,361,203,224,159,306,Ponderosa Pine,Catacount,Cache la Poudre
5050,2343,48,11,175,56,513,224,215,123,663,Ponderosa Pine,Vanet,Cache la Poudre
5051,2275,108,13,0,0,638,241,225,111,741,Cottonwood/Willow,Vanet,Cache la Poudre
5052,2270,79,7,0,0,658,230,227,130,713,Cottonwood/Willow,Vanet,Cache la Poudre
5053,2299,333,23,108,41,693,162,204,178,525,Ponderosa Pine,Catacount,Cache la Poudre
5054,2480,20,17,552,90,1110,207,203,129,450,Ponderosa Pine,Vanet,Cache la Poudre
5055,2249,57,22,30,14,1513,229,187,81,902,Ponderosa Pine,Catacount,Cache la Poudre
5056,2236,70,10,0,0,1533,231,221,123,895,Cottonwood/Willow,Cryaquolis,Cache la Poudre
5057,2315,255,21,268,63,1710,166,248,217,902,Douglas-fir,Vanet,Cache la Poudre
5058,2190,67,14,0,0,591,233,212,109,1209,Cottonwood/Willow,Cathedral,Cache la Poudre
5059,2187,265,5,0,0,576,207,242,174,1230,Cottonwood/Willow,Cryaquolis,Cache la Poudre
5060,2307,68,27,285,100,342,236,177,56,1531,Ponderosa Pine,Catacount,Cache la Poudre
5061,2386,85,18,309,161,484,243,206,86,1832,Cottonwood/Willow,Vanet,Cache la Poudre
5062,2358,102,32,277,133,516,253,180,29,1786,Cottonwood/Willow,Haploborolis,Cache la Poudre
5063,2320,113,32,242,99,553,254,188,35,1742,Cottonwood/Willow,Haploborolis,Cache la Poudre
5064,2287,112,28,216,66,594,254,198,52,1698,Cottonwood/Willow,Haploborolis,Cache la Poudre
5065,2274,112,27,201,63,616,254,200,55,1676,Cottonwood/Willow,Haploborolis,Cache la Poudre
5066,2258,110,28,175,51,636,254,196,49,1655,Cottonwood/Willow,Haploborolis,Cache la Poudre
5067,2243,104,27,150,36,658,253,196,53,1634,Cottonwood/Willow,Haploborolis,Cache la Poudre
5068,2228,94,23,120,21,680,249,199,66,1613,Cottonwood/Willow,Haploborolis,Cache la Poudre
5069,2217,81,18,90,21,703,242,204,86,1592,Cottonwood/Willow,Haploborolis,Cache la Poudre
5070,2208,61,13,60,9,726,230,212,112,1572,Cottonwood/Willow,Haploborolis,Cache la Poudre
5071,2201,337,9,0,0,774,200,228,166,1533,Cottonwood/Willow,Vanet,Cache la Poudre
5072,2424,38,13,85,16,1050,219,212,125,1158,Ponderosa Pine,Catacount,Cache la Poudre
5073,2402,39,10,0,0,1050,221,217,130,1082,Ponderosa Pine,Vanet,Cache la Poudre
5074,2422,0,14,180,52,1061,199,214,151,937,Ponderosa Pine,Vanet,Cache la Poudre
5075,2368,76,12,0,0,1167,234,218,114,700,Cottonwood/Willow,Vanet,Cache la Poudre
5076,2218,51,17,95,44,1425,226,200,101,457,Douglas-fir,Catacount,Cache la Poudre
5077,2207,84,19,67,33,1403,243,204,83,485,Douglas-fir,Vanet,Cache la Poudre
5078,2332,328,17,180,84,1061,177,218,179,1006,Douglas-fir,Catacount,Cache la Poudre
5079,2311,59,32,90,63,1020,224,155,40,1095,Douglas-fir,Vanet,Cache la Poudre
5080,2264,312,11,30,9,977,190,232,182,1213,Douglas-fir,Catacount,Cache la Poudre
5081,2272,37,24,67,2,534,211,180,93,779,Douglas-fir,Catacount,Cache la Poudre
5082,2223,100,28,30,20,457,252,190,47,636,Douglas-fir,Cathedral,Cache la Poudre
5083,3252,63,12,95,0,3443,230,216,117,3855,Krummholz,Leighcan,Rawah
5084,3086,29,30,277,100,2230,194,160,84,4147,Spruce_Fir,Legault,Rawah
5085,2925,349,5,30,1,1365,211,232,159,3226,Spruce_Fir,Cryaquolis,Rawah
5086,3212,63,33,540,216,726,228,154,32,1991,Krummholz,Legault,Rawah
5087,2892,143,15,256,79,2106,240,235,120,1106,Aspen,Catacount,Comanche Peak
5088,2799,83,10,60,3,2308,234,223,120,1298,Aspen,Catacount,Comanche Peak
5089,2280,108,13,0,0,595,242,224,109,780,Cottonwood/Willow,Vanet,Cache la Poudre
5090,2274,14,9,30,0,636,212,222,147,725,Ponderosa Pine,Vanet,Cache la Poudre
5091,2273,357,12,30,3,658,201,218,155,698,Ponderosa Pine,Vanet,Cache la Poudre
5092,2510,313,8,600,120,977,199,234,175,366,Ponderosa Pine,Vanet,Cache la Poudre
5093,2492,20,14,537,102,1068,209,209,134,446,Ponderosa Pine,Vanet,Cache la Poudre
5094,2276,252,2,150,36,1741,214,240,164,908,Douglas-fir,Vanet,Cache la Poudre
5095,2328,290,21,240,64,1740,156,232,214,940,Douglas-fir,Vanet,Cache la Poudre
5096,2322,6,23,242,66,1671,184,187,134,969,Ponderosa Pine,Vanet,Cache la Poudre
5097,2191,19,9,0,0,551,214,222,144,1209,Cottonwood/Willow,Cryaquolis,Cache la Poudre
5098,2279,253,36,134,72,384,118,236,240,1392,Ponderosa Pine,Catacount,Cache la Poudre
5099,2310,293,25,510,69,306,142,226,219,1719,Ponderosa Pine,Catacount,Cache la Poudre
5100,2388,103,22,283,160,458,250,207,74,1852,Cottonwood/Willow,Vanet,Cache la Poudre
5101,2352,108,35,255,127,492,253,176,18,1806,Cottonwood/Willow,Haploborolis,Cache la Poudre
5102,2331,108,34,234,106,511,254,179,22,1784,Cottonwood/Willow,Haploborolis,Cache la Poudre
5103,2312,111,32,216,87,531,254,188,35,1762,Cottonwood/Willow,Haploborolis,Cache la Poudre
5104,2296,112,29,201,75,552,254,194,45,1740,Cottonwood/Willow,Haploborolis,Cache la Poudre
5105,2252,101,25,162,41,616,252,197,57,1676,Cottonwood/Willow,Haploborolis,Cache la Poudre
5106,2239,93,22,134,32,638,248,202,72,1655,Cottonwood/Willow,Haploborolis,Cache la Poudre
5107,2214,51,14,60,15,708,226,210,115,1595,Cottonwood/Willow,Haploborolis,Cache la Poudre
5108,2210,34,11,30,9,732,219,216,132,1575,Cottonwood/Willow,Haploborolis,Cache la Poudre
5109,2207,332,13,0,0,757,190,224,173,1556,Cottonwood/Willow,Vanet,Cache la Poudre
5110,2397,65,12,95,27,1082,232,215,113,811,Ponderosa Pine,Vanet,Cache la Poudre
5111,2413,323,20,192,67,1266,167,216,187,641,Douglas-fir,Catacount,Cache la Poudre
5112,2423,345,10,255,80,1321,200,224,163,631,Douglas-fir,Catacount,Cache la Poudre
5113,2203,337,11,0,0,1642,196,225,168,212,Cottonwood/Willow,Pachic Argiborolis,Cache la Poudre
5114,2188,119,28,30,14,1401,254,202,55,524,Douglas-fir,Vanet,Cache la Poudre
5115,2165,53,5,0,0,1358,223,229,142,579,Cottonwood/Willow,Pachic Argiborolis,Cache la Poudre
5116,2340,29,7,150,92,1073,218,224,142,1041,Douglas-fir,Catacount,Cache la Poudre
5117,2271,52,20,0,0,1015,226,193,93,1189,Cottonwood/Willow,Catacount,Cache la Poudre
5118,2302,279,11,134,58,977,191,242,191,1248,Douglas-fir,Catacount,Cache la Poudre
5119,2190,355,29,60,5,454,159,174,143,513,Douglas-fir,Catacount,Cache la Poudre
5120,3275,84,5,30,-2,3830,227,231,139,3707,Krummholz,Leighcan,Rawah
5121,3264,96,7,0,0,3742,232,230,131,3744,Krummholz,Leighcan,Rawah
5122,2837,142,17,134,34,2230,242,234,115,1155,Aspen,Catacount,Comanche Peak
5123,2832,144,17,124,29,2242,241,235,117,1167,Aspen,Catacount,Comanche Peak
5124,2827,144,18,120,24,2255,242,234,114,1181,Aspen,Catacount,Comanche Peak
5125,2336,331,23,67,15,108,158,204,181,170,Ponderosa Pine,Catacount,Cache la Poudre
5126,2361,329,31,95,43,170,132,187,185,124,Ponderosa Pine,Catacount,Cache la Poudre
5127,2279,51,6,0,0,573,223,226,138,792,Cottonwood/Willow,Vanet,Cache la Poudre
5128,2376,309,31,335,129,698,122,203,213,391,Ponderosa Pine,Catacount,Cache la Poudre
5129,2494,313,10,592,265,870,193,233,179,342,Ponderosa Pine,Catacount,Cache la Poudre
5130,2263,52,31,42,22,1468,219,159,53,960,Ponderosa Pine,Catacount,Cache la Poudre
5131,2249,49,28,30,8,1487,218,167,65,953,Cottonwood/Willow,Cryaquolis,Cache la Poudre
5132,2239,36,17,0,0,1507,217,200,113,947,Cottonwood/Willow,Cryaquolis,Cache la Poudre
5133,2296,275,27,201,32,1770,139,235,229,953,Douglas-fir,Vanet,Cache la Poudre
5134,2194,324,4,0,0,492,209,235,164,1233,Cottonwood/Willow,Cryaquolis,Cache la Poudre
5135,2285,327,24,421,78,270,154,205,186,1626,Ponderosa Pine,Catacount,Cache la Poudre
5136,2400,86,11,297,159,402,236,222,117,1917,Cottonwood/Willow,Vanet,Cache la Poudre
5137,2363,113,35,242,135,450,254,182,25,1849,Cottonwood/Willow,Haploborolis,Cache la Poudre
5138,2325,110,34,212,100,488,254,182,26,1804,Cottonwood/Willow,Haploborolis,Cache la Poudre
5139,2290,111,29,175,65,531,254,196,48,1761,Cottonwood/Willow,Haploborolis,Cache la Poudre
5140,2277,112,24,162,56,552,253,206,66,1739,Cottonwood/Willow,Haploborolis,Cache la Poudre
5141,2266,105,23,150,45,573,251,206,71,1718,Cottonwood/Willow,Haploborolis,Cache la Poudre
5142,2225,76,15,67,18,666,238,210,99,1637,Cottonwood/Willow,Haploborolis,Cache la Poudre
5143,2219,88,13,42,12,691,239,219,109,1617,Cottonwood/Willow,Haploborolis,Cache la Poudre
5144,2212,79,4,30,5,716,224,233,144,1598,Cottonwood/Willow,Haploborolis,Cache la Poudre
5145,2214,299,13,0,0,741,183,235,192,1579,Cottonwood/Willow,Vanet,Cache la Poudre
5146,2223,299,22,30,16,767,153,226,210,1560,Ponderosa Pine,Catacount,Cache la Poudre
5147,2294,312,32,180,97,899,118,198,211,1473,Ponderosa Pine,Catacount,Cache la Poudre
5148,2310,11,29,319,121,900,177,169,117,1396,Ponderosa Pine,Catacount,Cache la Poudre
5149,2433,331,14,127,9,997,185,221,175,1230,Ponderosa Pine,Catacount,Cache la Poudre
5150,2430,90,7,85,15,992,231,229,132,1215,Ponderosa Pine,Vanet,Cache la Poudre
5151,2419,69,15,162,38,1026,235,209,101,892,Ponderosa Pine,Vanet,Cache la Poudre
5152,2365,98,3,0,0,1100,225,234,145,767,Cottonwood/Willow,Cryaquolis,Cache la Poudre
5153,2414,316,24,190,65,1224,148,211,199,677,Douglas-fir,Catacount,Cache la Poudre
5154,2207,30,7,0,0,1608,218,226,143,240,Cottonwood/Willow,Haploborolis,Cache la Poudre
5155,2212,316,16,30,5,1613,176,225,188,242,Douglas-fir,Pachic Argiborolis,Cache la Poudre
5156,2197,114,31,30,8,1443,254,193,42,510,Douglas-fir,Vanet,Cache la Poudre
5157,2179,112,25,30,5,1421,253,204,63,537,Cottonwood/Willow,Vanet,Cache la Poudre
5158,2259,306,31,212,114,1242,122,206,216,787,Douglas-fir,Catacount,Cache la Poudre
5159,2335,273,9,175,52,1114,195,243,187,1019,Douglas-fir,Catacount,Cache la Poudre
5160,2321,97,26,90,66,1075,251,194,54,1106,Douglas-fir,Vanet,Cache la Poudre
5161,2317,1,20,309,124,932,187,199,145,1239,Douglas-fir,Catacount,Cache la Poudre
5162,2253,82,28,0,0,551,245,180,46,706,Douglas-fir,Cathedral,Cache la Poudre
5163,3253,76,10,480,257,781,232,222,121,2073,Krummholz,Legault,Rawah
5164,3243,72,23,510,247,782,239,189,70,2048,Krummholz,Legault,Rawah
5165,2900,123,22,228,99,242,251,218,84,1127,Lodgepole Pine,Legault,Rawah
5166,2898,156,12,268,79,2089,234,241,136,1027,Aspen,Catacount,Comanche Peak
5167,2830,140,16,108,27,2257,242,233,115,1127,Aspen,Catacount,Comanche Peak
5168,2807,148,11,67,10,2321,234,239,135,1199,Aspen,Catacount,Comanche Peak
5169,2358,73,15,201,59,408,236,210,102,618,Ponderosa Pine,Vanet,Cache la Poudre
5170,2319,114,23,90,32,458,252,209,71,735,Ponderosa Pine,Vanet,Cache la Poudre
5171,2284,34,5,0,0,531,219,228,145,832,Cottonwood/Willow,Vanet,Cache la Poudre
5172,2287,348,16,42,8,573,187,211,161,778,Ponderosa Pine,Catacount,Cache la Poudre
5173,2317,75,24,277,75,1298,241,189,66,914,Ponderosa Pine,Catacount,Cache la Poudre
5174,2252,34,31,0,0,1486,199,157,76,977,Cottonwood/Willow,Cryaquolis,Cache la Poudre
5175,2242,21,20,0,0,1506,203,195,123,972,Cottonwood/Willow,Cryaquolis,Cache la Poudre
5176,2350,342,10,190,92,1622,200,226,164,949,Douglas-fir,Vanet,Cache la Poudre
5177,2392,110,22,255,151,391,251,209,73,1913,Cottonwood/Willow,Vanet,Cache la Poudre
5178,2318,113,32,190,93,467,254,189,35,1825,Cottonwood/Willow,Haploborolis,Cache la Poudre
5179,2301,111,31,170,76,488,254,190,38,1803,Cottonwood/Willow,Haploborolis,Cache la Poudre
5180,2284,112,29,150,59,509,254,196,47,1782,Cottonwood/Willow,Haploborolis,Cache la Poudre
5181,2269,117,24,134,44,531,253,210,71,1761,Cottonwood/Willow,Haploborolis,Cache la Poudre
5182,2260,118,21,124,39,553,250,217,84,1740,Cottonwood/Willow,Haploborolis,Cache la Poudre
5183,2251,109,18,108,30,576,248,217,90,1719,Cottonwood/Willow,Haploborolis,Cache la Poudre
5184,2235,93,16,85,24,624,244,213,94,1679,Cottonwood/Willow,Haploborolis,Cache la Poudre
5185,2214,109,15,30,7,674,245,222,102,1640,Cottonwood/Willow,Haploborolis,Cache la Poudre
5186,2307,309,34,180,111,875,111,197,216,1498,Ponderosa Pine,Catacount,Cache la Poudre
5187,2360,311,29,242,-43,895,129,204,209,1348,Ponderosa Pine,Catacount,Cache la Poudre
5188,2429,79,10,67,14,962,234,222,119,1231,Ponderosa Pine,Vanet,Cache la Poudre
5189,2372,95,10,0,0,1060,236,225,120,808,Cottonwood/Willow,Vanet,Cache la Poudre
5190,2239,299,24,85,36,1595,147,224,213,285,Douglas-fir,Catacount,Cache la Poudre
5191,2260,332,14,127,58,1600,187,222,174,309,Douglas-fir,Catacount,Cache la Poudre
5192,2189,114,27,0,0,1464,254,200,55,525,Cottonwood/Willow,Vanet,Cache la Poudre
5193,2208,317,33,85,43,1360,117,191,204,658,Douglas-fir,Catacount,Cache la Poudre
5194,2356,69,22,182,86,700,237,192,76,908,Douglas-fir,Cathedral,Cache la Poudre
5195,2315,72,25,95,45,642,239,182,59,819,Douglas-fir,Cathedral,Cache la Poudre
5196,2231,5,36,85,31,518,151,147,115,524,Douglas-fir,Catacount,Cache la Poudre
5197,2220,28,32,134,35,497,189,152,80,437,Douglas-fir,Catacount,Cache la Poudre
5198,3275,61,7,30,0,3814,226,225,133,3774,Krummholz,Leighcan,Rawah
5199,3270,67,10,30,-2,3784,230,221,123,3786,Krummholz,Leighcan,Rawah
5200,3114,90,25,886,309,886,248,191,57,1570,Lodgepole Pine,Legault,Rawah
5201,2866,141,19,162,53,2197,244,231,108,1026,Aspen,Catacount,Comanche Peak
5202,2905,51,9,301,16,2372,225,220,128,1414,Spruce_Fir,Leighcan,Comanche Peak
5203,2406,84,14,335,74,361,239,216,105,457,Ponderosa Pine,Vanet,Cache la Poudre
5204,2292,88,14,30,5,469,240,217,105,800,Cottonwood/Willow,Vanet,Cache la Poudre
5205,2348,61,26,342,106,1240,231,178,64,872,Ponderosa Pine,Catacount,Cache la Poudre
5206,2299,10,22,201,62,1326,190,189,130,1008,Ponderosa Pine,Catacount,Cache la Poudre
5207,2252,10,27,0,0,1506,180,175,121,997,Cottonwood/Willow,Catacount,Cache la Poudre
5208,2245,42,12,0,0,1572,222,213,125,990,Cottonwood/Willow,Cryaquolis,Cache la Poudre
5209,2292,294,19,134,28,1734,164,232,207,1006,Douglas-fir,Vanet,Cache la Poudre
5210,2345,223,15,150,90,1670,200,253,187,960,Douglas-fir,Vanet,Cache la Poudre
5211,2350,197,10,153,92,1641,218,249,165,942,Douglas-fir,Vanet,Cache la Poudre
5212,2349,194,9,162,90,1613,219,247,163,924,Douglas-fir,Vanet,Cache la Poudre
5213,2420,321,25,390,223,1222,148,207,194,760,Ponderosa Pine,Catacount,Cache la Poudre
5214,2208,340,18,0,0,430,180,212,169,1218,Cottonwood/Willow,Cryaquolis,Cache la Poudre
5215,2369,114,35,212,128,384,254,183,26,1911,Cottonwood/Willow,Haploborolis,Cache la Poudre
5216,2347,112,37,192,106,404,253,174,13,1889,Cottonwood/Willow,Haploborolis,Cache la Poudre
5217,2310,117,32,162,82,446,254,192,39,1846,Cottonwood/Willow,Haploborolis,Cache la Poudre
5218,2294,117,31,150,69,467,254,195,43,1824,Cottonwood/Willow,Haploborolis,Cache la Poudre
5219,2278,115,28,127,53,488,254,199,51,1803,Cottonwood/Willow,Haploborolis,Cache la Poudre
5220,2255,121,20,95,30,534,250,219,88,1762,Cottonwood/Willow,Haploborolis,Cache la Poudre
5221,2245,127,18,85,24,558,247,225,99,1742,Cottonwood/Willow,Haploborolis,Cache la Poudre
5222,2222,103,20,42,11,633,249,211,82,1682,Cottonwood/Willow,Haploborolis,Cache la Poudre
5223,2303,300,36,153,104,847,100,199,227,1539,Ponderosa Pine,Catacount,Cache la Poudre
5224,2417,37,10,90,30,914,220,218,132,1332,Ponderosa Pine,Vanet,Cache la Poudre
5225,2443,330,14,108,13,942,185,222,176,1290,Ponderosa Pine,Vanet,Cache la Poudre
5226,2376,104,14,0,0,1020,243,221,105,849,Cottonwood/Willow,Vanet,Cache la Poudre
5227,2438,88,6,339,90,1273,230,229,133,720,Douglas-fir,Vanet,Cache la Poudre
5228,2437,304,5,342,175,1358,205,237,171,618,Ponderosa Pine,Vanet,Cache la Poudre
5229,2218,46,15,0,0,1544,224,207,114,301,Cottonwood/Willow,Pachic Argiborolis,Cache la Poudre
5230,2265,317,10,150,65,1570,195,232,177,335,Douglas-fir,Catacount,Cache la Poudre
5231,2182,91,16,0,0,1485,243,212,93,541,Cottonwood/Willow,Vanet,Cache la Poudre
5232,2177,0,12,30,-11,1464,202,217,152,566,Douglas-fir,Pachic Argiborolis,Cache la Poudre
5233,2238,318,33,124,73,1364,119,192,202,698,Douglas-fir,Catacount,Cache la Poudre
5234,2273,322,31,201,109,1308,125,191,197,780,Douglas-fir,Catacount,Cache la Poudre
5235,2296,312,27,256,145,1273,136,208,206,836,Douglas-fir,Catacount,Cache la Poudre
5236,2294,310,24,90,23,1077,149,216,204,1295,Douglas-fir,Catacount,Cache la Poudre
5237,2302,316,23,120,41,1071,154,214,197,1324,Douglas-fir,Catacount,Cache la Poudre
5238,2337,341,22,350,115,990,167,200,168,1263,Douglas-fir,Catacount,Cache la Poudre
5239,2343,351,23,362,133,966,174,195,155,1233,Douglas-fir,Catacount,Cache la Poudre
5240,2355,309,20,365,139,850,163,223,199,1084,Douglas-fir,Catacount,Cache la Poudre
5241,2372,292,11,306,102,806,188,238,189,1024,Douglas-fir,Vanet,Cache la Poudre
5242,2256,16,30,67,3,579,180,165,107,636,Douglas-fir,Catacount,Cache la Poudre
5243,3273,58,10,60,-2,3791,228,218,123,3814,Krummholz,Leighcan,Rawah
5244,3252,120,8,150,-9,3616,234,234,132,3891,Krummholz,Leighcan,Rawah
5245,2974,332,14,297,56,1230,187,222,174,3014,Spruce_Fir,Leighcan,Rawah
5246,3259,43,12,450,263,840,222,213,124,2131,Krummholz,Leighcan,Rawah
5247,2908,282,20,182,44,953,161,237,214,1003,Lodgepole Pine,Catacount,Comanche Peak
5248,2890,155,14,228,67,2110,236,240,131,962,Aspen,Catacount,Comanche Peak
5249,2887,158,15,218,64,2125,235,241,133,964,Aspen,Catacount,Comanche Peak
5250,2846,140,17,108,33,2256,243,233,113,1015,Aspen,Catacount,Comanche Peak
5251,2834,140,16,90,21,2279,242,233,115,1036,Aspen,Catacount,Comanche Peak
5252,2900,122,7,240,11,2308,233,234,134,1461,Spruce_Fir,Leighcan,Comanche Peak
5253,2350,324,27,67,29,127,143,200,191,297,Ponderosa Pine,Catacount,Cache la Poudre
5254,2367,69,20,182,57,351,237,196,82,636,Ponderosa Pine,Vanet,Cache la Poudre
5255,2295,57,12,30,7,446,228,215,119,808,Cottonwood/Willow,Vanet,Cache la Poudre
5256,2495,304,12,591,257,764,186,234,188,421,Ponderosa Pine,Vanet,Cache la Poudre
5257,2317,34,25,242,80,1284,207,177,94,993,Ponderosa Pine,Catacount,Cache la Poudre
5258,2245,358,8,0,0,1575,208,225,155,1020,Cottonwood/Willow,Cryaquolis,Cache la Poudre
5259,2218,74,10,0,0,443,233,220,119,1129,Cottonwood/Willow,Cathedral,Cache la Poudre
5260,2317,1,21,391,110,180,184,194,143,1557,Ponderosa Pine,Catacount,Cache la Poudre
5261,2376,124,30,216,135,342,254,202,53,1892,Cottonwood/Willow,Haploborolis,Cache la Poudre
5262,2338,115,37,170,97,382,253,178,18,1908,Cottonwood/Willow,Haploborolis,Cache la Poudre
5263,2319,115,34,150,78,404,254,186,30,1888,Cottonwood/Willow,Haploborolis,Cache la Poudre
5264,2271,116,26,108,46,469,254,204,61,1825,Cottonwood/Willow,Haploborolis,Cache la Poudre
5265,2229,130,15,30,8,592,243,230,112,1725,Cottonwood/Willow,Haploborolis,Cache la Poudre
5266,2220,100,15,30,9,618,244,218,100,1706,Cottonwood/Willow,Vanet,Cache la Poudre
5267,2410,317,27,175,6,854,138,204,201,1385,Ponderosa Pine,Catacount,Cache la Poudre
5268,2421,56,14,90,34,886,228,211,113,1361,Ponderosa Pine,Vanet,Cache la Poudre
5269,2431,97,12,30,7,902,240,222,110,1266,Ponderosa Pine,Vanet,Cache la Poudre
5270,2424,85,12,0,0,900,237,220,112,1242,Ponderosa Pine,Vanet,Cache la Poudre
5271,2428,104,16,134,42,931,245,218,97,979,Ponderosa Pine,Vanet,Cache la Poudre
5272,2411,103,20,85,25,949,249,210,80,942,Ponderosa Pine,Vanet,Cache la Poudre
5273,2374,63,7,0,0,993,227,225,132,875,Cottonwood/Willow,Cryaquolis,Cache la Poudre
5274,2375,350,11,30,0,1006,200,221,160,860,Douglas-fir,Cryaquolis,Cache la Poudre
5275,2441,101,5,335,95,1231,228,233,139,751,Douglas-fir,Vanet,Cache la Poudre
5276,2435,85,6,361,89,1252,228,230,136,738,Douglas-fir,Vanet,Cache la Poudre
5277,2433,4,8,382,85,1273,210,225,153,711,Douglas-fir,Vanet,Cache la Poudre
5278,2251,105,22,30,11,1505,251,207,72,351,Ponderosa Pine,Haploborolis,Cache la Poudre
5279,2240,83,16,0,0,1507,241,211,96,342,Cottonwood/Willow,Haploborolis,Cache la Poudre
5280,2233,47,15,0,0,1511,224,205,111,335,Cottonwood/Willow,Haploborolis,Cache la Poudre
5281,2254,307,17,108,47,1535,171,227,196,342,Douglas-fir,Catacount,Cache la Poudre
5282,2235,140,24,67,27,1510,247,225,92,446,Douglas-fir,Vanet,Cache la Poudre
5283,2208,117,23,30,14,1480,252,211,74,511,Douglas-fir,Vanet,Cache la Poudre
5284,2194,93,18,0,0,1471,245,211,89,534,Cottonwood/Willow,Vanet,Cache la Poudre
5285,2319,112,23,90,36,1170,252,208,70,1101,Douglas-fir,Vanet,Cache la Poudre
5286,2378,329,15,313,108,828,183,221,177,1022,Douglas-fir,Vanet,Cache la Poudre
5287,2269,5,32,134,41,577,161,160,121,514,Douglas-fir,Catacount,Cache la Poudre
5288,3260,77,9,150,-7,3682,232,223,122,3891,Krummholz,Leighcan,Rawah
5289,3244,48,27,600,37,888,219,171,71,1998,Krummholz,Leighcan,Rawah
5290,3230,50,27,624,23,895,220,172,70,1974,Krummholz,Leighcan,Rawah
5291,2883,153,15,201,54,2136,237,239,129,932,Aspen,Catacount,Comanche Peak
5292,2876,154,17,182,53,2166,238,239,124,938,Aspen,Catacount,Comanche Peak
5293,2872,151,19,175,49,2182,240,236,117,942,Aspen,Catacount,Comanche Peak
5294,2824,325,16,30,2,2527,178,220,181,1294,Lodgepole Pine,Catacount,Comanche Peak
5295,2299,45,10,0,0,424,223,219,130,816,Cottonwood/Willow,Vanet,Cache la Poudre
5296,2247,101,2,0,0,1556,223,236,148,1050,Cottonwood/Willow,Cryaquolis,Cache la Poudre
5297,2322,197,21,90,64,1681,209,252,168,934,Douglas-fir,Vanet,Cache la Poudre
5298,2325,194,26,90,66,1652,206,250,164,914,Douglas-fir,Vanet,Cache la Poudre
5299,2372,280,24,192,112,1480,147,235,224,808,Douglas-fir,Vanet,Cache la Poudre
5300,2498,144,17,513,245,927,241,235,117,713,Ponderosa Pine,Vanet,Cache la Poudre
5301,2364,280,24,430,123,175,147,234,223,1678,Ponderosa Pine,Catacount,Cache la Poudre
5302,2389,137,23,256,148,283,248,224,92,1844,Cottonwood/Willow,Haploborolis,Cache la Poudre
5303,2380,130,27,228,139,300,252,212,69,1855,Cottonwood/Willow,Haploborolis,Cache la Poudre
5304,2365,124,32,201,124,319,253,197,44,1863,Cottonwood/Willow,Haploborolis,Cache la Poudre
5305,2347,121,36,175,106,339,253,186,27,1871,Cottonwood/Willow,Haploborolis,Cache la Poudre
5306,2328,118,36,150,87,361,253,183,24,1879,Cottonwood/Willow,Haploborolis,Cache la Poudre
5307,2310,119,34,127,69,382,254,190,34,1888,Cottonwood/Willow,Haploborolis,Cache la Poudre
5308,2294,119,32,108,53,404,254,195,42,1888,Cottonwood/Willow,Haploborolis,Cache la Poudre
5309,2278,118,28,95,37,426,254,202,55,1867,Cottonwood/Willow,Haploborolis,Cache la Poudre
5310,2253,119,25,67,28,474,253,210,70,1826,Cottonwood/Willow,Haploborolis,Cache la Poudre
5311,2241,124,24,42,16,499,252,215,77,1806,Cottonwood/Willow,Haploborolis,Cache la Poudre
5312,2230,133,18,30,5,525,246,228,104,1786,Cottonwood/Willow,Haploborolis,Cache la Poudre
5313,2448,287,9,162,43,875,196,240,183,1103,Ponderosa Pine,Vanet,Cache la Poudre
5314,2381,87,9,0,0,953,234,224,121,916,Cottonwood/Willow,Vanet,Cache la Poudre
5315,2251,125,19,108,39,1517,248,224,97,417,Douglas-fir,Catacount,Cache la Poudre
5316,2286,287,20,201,121,1374,161,235,212,778,Douglas-fir,Catacount,Cache la Poudre
5317,2335,307,17,182,74,1120,173,228,195,1392,Douglas-fir,Catacount,Cache la Poudre
5318,2381,332,20,351,111,870,170,211,178,1050,Douglas-fir,Vanet,Cache la Poudre
5319,2281,24,34,192,67,564,181,147,82,451,Douglas-fir,Catacount,Cache la Poudre
5320,2375,319,27,108,53,162,140,204,198,342,Ponderosa Pine,Catacount,Cache la Poudre
5321,2443,343,22,256,122,319,170,201,166,272,Ponderosa Pine,Catacount,Cache la Poudre
5322,2430,75,10,319,76,309,233,221,120,404,Ponderosa Pine,Vanet,Cache la Poudre
5323,2425,80,11,300,71,295,234,221,118,426,Ponderosa Pine,Vanet,Cache la Poudre
5324,2302,33,8,0,0,404,219,222,139,825,Cottonwood/Willow,Vanet,Cache la Poudre
5325,2422,319,29,323,161,537,133,199,199,551,Ponderosa Pine,Catacount,Cache la Poudre
5326,2438,66,17,306,48,1087,234,204,96,792,Ponderosa Pine,Catacount,Cache la Poudre
5327,2344,45,24,295,109,1218,219,181,86,994,Ponderosa Pine,Catacount,Cache la Poudre
5328,2244,34,9,0,0,1537,219,221,137,1080,Ponderosa Pine,Cryaquolis,Cache la Poudre
5329,2379,268,28,170,113,1471,138,238,232,782,Douglas-fir,Cathedral,Cache la Poudre
5330,2404,286,10,242,138,1385,193,240,186,738,Douglas-fir,Catacount,Cache la Poudre
5331,2463,317,24,424,193,1159,150,212,198,666,Ponderosa Pine,Catacount,Cache la Poudre
5332,2481,356,6,516,211,1048,210,229,157,661,Ponderosa Pine,Catacount,Cache la Poudre
5333,2234,147,11,0,0,446,235,239,133,1022,Cottonwood/Willow,Cryaquolis,Cache la Poudre
5334,2379,140,24,247,138,258,247,224,90,1819,Cottonwood/Willow,Haploborolis,Cache la Poudre
5335,2354,124,33,190,113,297,253,196,42,1834,Cottonwood/Willow,Haploborolis,Cache la Poudre
5336,2337,120,35,162,96,319,253,188,30,1842,Cottonwood/Willow,Haploborolis,Cache la Poudre
5337,2318,119,35,134,77,339,254,185,27,1851,Cottonwood/Willow,Haploborolis,Cache la Poudre
5338,2299,120,34,108,58,361,254,191,35,1860,Cottonwood/Willow,Haploborolis,Cache la Poudre
5339,2283,123,31,85,42,384,254,199,47,1869,Cottonwood/Willow,Haploborolis,Cache la Poudre
5340,2269,125,28,67,28,408,253,208,62,1879,Cottonwood/Willow,Haploborolis,Cache la Poudre
5341,2258,125,25,60,17,433,252,213,73,1869,Cottonwood/Willow,Haploborolis,Cache la Poudre
5342,2225,108,8,0,0,510,233,232,130,1809,Cottonwood/Willow,Haploborolis,Cache la Poudre
5343,2223,36,6,0,0,537,220,226,143,1790,Cottonwood/Willow,Vanet,Cache la Poudre
5344,2402,18,31,283,-10,760,179,158,100,1493,Ponderosa Pine,Catacount,Cache la Poudre
5345,2386,77,14,0,0,914,237,214,105,957,Cottonwood/Willow,Vanet,Cache la Poudre
5346,2437,333,17,255,69,1087,179,216,175,830,Douglas-fir,Catacount,Cache la Poudre
5347,2444,330,9,366,172,1230,198,229,170,741,Douglas-fir,Vanet,Cache la Poudre
5348,2239,106,8,0,0,1445,235,230,127,408,Cottonwood/Willow,Pachic Argiborolis,Cache la Poudre
5349,2240,332,7,30,-6,1448,204,231,167,400,Douglas-fir,Pachic Argiborolis,Cache la Poudre
5350,2197,13,9,0,0,1423,211,221,146,552,Cottonwood/Willow,Pachic Argiborolis,Cache la Poudre
5351,2316,292,19,295,150,1348,164,233,208,872,Douglas-fir,Catacount,Cache la Poudre
5352,2340,353,9,210,57,1275,204,224,158,1008,Douglas-fir,Catacount,Cache la Poudre
5353,2283,19,13,0,0,1195,210,212,137,1205,Cottonwood/Willow,Catacount,Cache la Poudre
5354,2305,298,25,85,25,1172,142,222,216,1290,Douglas-fir,Catacount,Cache la Poudre
5355,2385,348,22,446,115,955,174,199,160,1140,Douglas-fir,Catacount,Cache la Poudre
5356,2308,11,32,153,38,664,168,157,110,630,Douglas-fir,Catacount,Cache la Poudre
5357,2299,28,35,216,71,577,183,142,72,450,Douglas-fir,Catacount,Cache la Poudre
5358,2973,311,14,234,44,1401,181,229,188,3187,Spruce_Fir,Leighcan,Rawah
5359,2928,141,6,30,0,1834,229,238,143,466,Lodgepole Pine,Catacount,Comanche Peak
5360,2944,35,18,360,55,2379,215,197,112,1513,Spruce_Fir,Catacount,Comanche Peak
5361,2374,87,26,127,49,268,247,188,54,671,Ponderosa Pine,Vanet,Cache la Poudre
5362,2306,8,7,0,0,384,212,226,152,836,Cottonwood/Willow,Vanet,Cache la Poudre
5363,2257,342,2,0,0,1566,214,235,159,1074,Cottonwood/Willow,Cryaquolis,Cache la Poudre
5364,2473,142,19,495,220,899,244,232,109,655,Ponderosa Pine,Vanet,Cache la Poudre
5365,2230,111,10,0,0,467,237,229,122,957,Cottonwood/Willow,Cathedral,Cache la Poudre
5366,2228,319,5,0,0,446,206,235,168,979,Cottonwood/Willow,Cryaquolis,Cache la Poudre
5367,2239,339,26,30,5,404,154,191,170,1026,Ponderosa Pine,Catacount,Cache la Poudre
5368,2360,67,10,295,153,127,231,219,120,1409,Ponderosa Pine,Vanet,Cache la Poudre
5369,2358,130,29,212,117,255,252,209,62,1797,Cottonwood/Willow,Haploborolis,Cache la Poudre
5370,2343,124,33,182,102,277,253,196,42,1805,Cottonwood/Willow,Haploborolis,Cache la Poudre
5371,2308,116,33,124,67,319,254,188,33,1822,Cottonwood/Willow,Haploborolis,Cache la Poudre
5372,2274,115,29,67,33,366,254,197,48,1841,Cottonwood/Willow,Haploborolis,Cache la Poudre
5373,2260,121,27,42,19,391,253,207,64,1851,Cottonwood/Willow,Haploborolis,Cache la Poudre
5374,2228,95,9,0,0,470,234,227,124,1852,Cottonwood/Willow,Haploborolis,Cache la Poudre
5375,2239,321,23,67,19,636,156,211,192,1740,Ponderosa Pine,Catacount,Cache la Poudre
5376,2416,315,29,309,217,720,130,202,205,1583,Ponderosa Pine,Catacount,Cache la Poudre
5377,2451,86,7,190,33,819,230,229,132,1126,Ponderosa Pine,Vanet,Cache la Poudre
5378,2255,130,23,0,0,1411,250,220,85,457,Cottonwood/Willow,Haploborolis,Cache la Poudre
5379,2244,351,10,30,-6,1415,202,223,159,437,Douglas-fir,Pachic Argiborolis,Cache la Poudre
5380,2212,104,11,0,0,1426,239,226,117,516,Cottonwood/Willow,Vanet,Cache la Poudre
5381,2207,12,14,30,0,1405,205,210,140,553,Douglas-fir,Pachic Argiborolis,Cache la Poudre
5382,2226,345,21,95,32,1361,175,203,163,661,Douglas-fir,Catacount,Cache la Poudre
5383,2273,284,23,212,99,1332,149,233,221,782,Douglas-fir,Catacount,Cache la Poudre
5384,2292,17,16,0,0,1224,206,206,134,1215,Cottonwood/Willow,Catacount,Cache la Poudre
5385,2369,340,24,285,63,1110,163,199,170,1320,Douglas-fir,Catacount,Cache la Poudre
5386,2323,358,31,201,53,677,157,167,136,571,Douglas-fir,Catacount,Cache la Poudre
5387,3293,335,5,42,3,4111,209,233,163,3814,Krummholz,Leighcan,Rawah
5388,3294,0,5,60,5,4082,212,230,156,3824,Krummholz,Leighcan,Rawah
5389,3286,45,2,124,5,3907,220,234,150,3889,Krummholz,Leighcan,Rawah
5390,3281,38,11,402,89,960,220,216,130,2197,Krummholz,Leighcan,Rawah
5391,2962,153,15,95,23,1608,237,239,128,470,Lodgepole Pine,Catacount,Comanche Peak
5392,2862,130,16,127,33,2215,245,229,108,842,Aspen,Catacount,Comanche Peak
5393,2822,340,14,108,19,2522,190,219,167,1106,Lodgepole Pine,Catacount,Comanche Peak
5394,2310,58,8,0,0,342,226,224,132,819,Cottonwood/Willow,Vanet,Cache la Poudre
5395,2315,322,17,30,9,391,174,221,186,875,Ponderosa Pine,Catacount,Cache la Poudre
5396,2378,340,26,255,126,1231,155,192,170,1101,Ponderosa Pine,Catacount,Cache la Poudre
5397,2309,39,24,108,62,1429,213,181,92,1144,Ponderosa Pine,Vanet,Cache la Poudre
5398,2301,31,33,85,57,1452,191,150,73,1142,Ponderosa Pine,Catacount,Cache la Poudre
5399,2255,305,10,0,0,1648,194,235,181,960,Cottonwood/Willow,Cryaquolis,Cache la Poudre
5400,2371,224,33,162,105,1426,157,248,209,716,Douglas-fir,Cathedral,Cache la Poudre
5401,2466,287,15,361,196,1167,176,238,202,612,Ponderosa Pine,Catacount,Cache la Poudre
5402,2348,131,29,210,107,234,252,211,66,1768,Cottonwood/Willow,Haploborolis,Cache la Poudre
5403,2316,119,32,150,75,277,254,195,42,1784,Cottonwood/Willow,Haploborolis,Cache la Poudre
5404,2301,116,31,120,60,300,254,194,42,1793,Cottonwood/Willow,Haploborolis,Cache la Poudre
5405,2285,113,30,90,44,324,254,194,44,1802,Cottonwood/Willow,Haploborolis,Cache la Poudre
5406,2269,110,28,60,28,350,254,196,49,1812,Cottonwood/Willow,Haploborolis,Cache la Poudre
5407,2253,111,25,30,12,376,253,204,63,1822,Cottonwood/Willow,Haploborolis,Cache la Poudre
5408,2241,114,20,0,0,402,249,216,86,1833,Cottonwood/Willow,Haploborolis,Cache la Poudre
5409,2250,328,27,95,29,626,145,198,187,1765,Ponderosa Pine,Catacount,Cache la Poudre
5410,2416,114,16,42,10,778,246,222,99,1477,Ponderosa Pine,Vanet,Cache la Poudre
5411,2449,345,18,60,17,782,181,208,164,1341,Ponderosa Pine,Vanet,Cache la Poudre
5412,2390,65,4,0,0,847,223,231,143,1024,Cottonwood/Willow,Vanet,Cache la Poudre
5413,2392,40,7,0,0,859,221,224,139,1008,Douglas-fir,Cryaquolis,Cache la Poudre
5414,2392,319,14,60,6,886,182,226,183,979,Douglas-fir,Catacount,Cache la Poudre
5415,2442,302,18,228,70,1003,166,229,202,902,Douglas-fir,Catacount,Cache la Poudre
5416,2452,0,8,283,87,1041,209,226,155,888,Douglas-fir,Vanet,Cache la Poudre
5417,2219,90,17,0,0,1410,243,211,92,525,Cottonwood/Willow,Vanet,Cache la Poudre
5418,2237,344,23,85,38,1339,169,199,165,658,Douglas-fir,Catacount,Cache la Poudre
5419,2329,49,28,90,51,1282,218,168,66,1142,Douglas-fir,Catacount,Cache la Poudre
5420,2299,34,15,0,0,1253,216,206,121,1226,Cottonwood/Willow,Catacount,Cache la Poudre
5421,2298,356,8,30,6,1245,208,226,156,1254,Cottonwood/Willow,Catacount,Cache la Poudre
5422,2320,256,20,67,17,1224,169,248,215,1338,Douglas-fir,Catacount,Cache la Poudre
5423,2359,299,14,162,53,1206,180,234,194,1441,Douglas-fir,Catacount,Cache la Poudre
5424,2382,39,24,218,112,778,213,181,92,782,Douglas-fir,Catacount,Cache la Poudre
5425,2373,43,26,212,103,765,214,172,78,752,Douglas-fir,Catacount,Cache la Poudre
5426,2342,0,31,228,72,706,159,166,131,573,Douglas-fir,Catacount,Cache la Poudre
5427,3297,351,6,85,7,4089,210,230,159,3852,Krummholz,Leighcan,Rawah
5428,2883,131,13,192,45,2187,241,232,118,812,Aspen,Catacount,Comanche Peak
5429,2892,314,14,85,1,2722,183,229,186,1350,Lodgepole Pine,Catacount,Comanche Peak
5430,2260,352,27,30,1,1683,164,184,151,872,Cottonwood/Willow,Catacount,Cache la Poudre
5431,2266,354,27,30,8,1653,166,183,147,850,Cottonwood/Willow,Catacount,Cache la Poudre
5432,2264,12,22,0,0,1624,192,190,128,828,Cottonwood/Willow,Cryaquolis,Cache la Poudre
5433,2458,193,16,497,188,987,216,251,164,573,Douglas-fir,Vanet,Cache la Poudre
5434,2470,188,7,497,217,902,221,246,159,589,Douglas-fir,Vanet,Cache la Poudre
5435,2242,82,16,0,0,446,240,211,96,895,Cottonwood/Willow,Cryaquolis,Cache la Poudre
5436,2345,157,24,240,104,192,239,235,111,1732,Cottonwood/Willow,Haploborolis,Cache la Poudre
5437,2337,136,27,210,96,212,250,218,78,1739,Cottonwood/Willow,Haploborolis,Cache la Poudre
5438,2308,115,29,150,67,258,254,197,47,1756,Cottonwood/Willow,Haploborolis,Cache la Poudre
5439,2292,112,28,120,51,283,254,198,51,1765,Cottonwood/Willow,Haploborolis,Cache la Poudre
5440,2277,108,26,90,36,309,253,198,55,1774,Cottonwood/Willow,Haploborolis,Cache la Poudre
5441,2263,100,25,60,22,335,251,198,59,1784,Cottonwood/Willow,Haploborolis,Cache la Poudre
5442,2250,91,22,30,9,362,247,200,72,1794,Cottonwood/Willow,Haploborolis,Cache la Poudre
5443,2239,76,15,0,0,390,238,210,99,1805,Cottonwood/Willow,Haploborolis,Cache la Poudre
5444,2450,26,25,234,25,671,200,178,104,1577,Ponderosa Pine,Catacount,Cache la Poudre
5445,2435,306,15,216,59,960,177,230,193,940,Douglas-fir,Catacount,Cache la Poudre
5446,2451,324,8,402,83,1103,199,231,172,865,Douglas-fir,Vanet,Cache la Poudre
5447,2454,97,11,323,182,1167,239,224,114,792,Ponderosa Pine,Vanet,Cache la Poudre
5448,2293,130,27,67,31,1310,252,213,69,582,Ponderosa Pine,Haploborolis,Cache la Poudre
5449,2259,115,14,0,0,1338,243,226,109,537,Cottonwood/Willow,Haploborolis,Cache la Poudre
5450,2253,55,8,0,0,1348,225,224,133,524,Douglas-fir,Pachic Argiborolis,Cache la Poudre
5451,2267,320,16,85,22,1358,177,223,186,488,Douglas-fir,Catacount,Cache la Poudre
5452,2260,124,19,134,29,1388,248,223,96,495,Douglas-fir,Vanet,Cache la Poudre
5453,2221,63,13,0,0,1383,231,212,111,551,Cottonwood/Willow,Vanet,Cache la Poudre
5454,2252,352,22,150,59,1295,176,196,154,722,Douglas-fir,Catacount,Cache la Poudre
5455,2254,338,21,175,60,1289,170,206,172,745,Douglas-fir,Catacount,Cache la Poudre
5456,2284,287,21,256,95,1273,156,233,215,816,Douglas-fir,Catacount,Cache la Poudre
5457,2295,287,22,277,121,1269,152,232,218,841,Douglas-fir,Catacount,Cache la Poudre
5458,2327,53,27,60,35,1283,223,170,64,1182,Douglas-fir,Catacount,Cache la Poudre
5459,2299,34,9,0,0,1273,219,221,137,1265,Cottonwood/Willow,Catacount,Cache la Poudre
5460,2386,30,30,242,116,792,195,160,84,755,Douglas-fir,Catacount,Cache la Poudre
5461,2366,22,31,240,96,769,185,159,95,696,Douglas-fir,Catacount,Cache la Poudre
5462,3300,15,7,124,10,4068,214,226,149,3891,Krummholz,Leighcan,Rawah
5463,2949,134,15,42,10,1595,242,232,116,417,Lodgepole Pine,Catacount,Comanche Peak
5464,2912,121,10,242,22,2133,237,232,125,816,Lodgepole Pine,Catacount,Comanche Peak
5465,2883,132,14,192,41,2200,242,232,117,785,Aspen,Catacount,Comanche Peak
5466,2872,131,16,150,34,2227,244,230,111,781,Aspen,Catacount,Comanche Peak
5467,2441,302,19,255,115,300,163,227,203,408,Ponderosa Pine,Catacount,Cache la Poudre
5468,2458,298,17,297,133,350,172,232,200,395,Ponderosa Pine,Catacount,Cache la Poudre
5469,2475,337,7,361,154,417,204,230,165,391,Ponderosa Pine,Vanet,Cache la Poudre
5470,2465,79,10,366,97,335,234,222,119,418,Ponderosa Pine,Vanet,Cache la Poudre
5471,2376,313,22,85,32,361,154,217,200,807,Ponderosa Pine,Catacount,Cache la Poudre
5472,2329,1,16,150,85,1392,194,207,148,1154,Ponderosa Pine,Vanet,Cache la Poudre
5473,2276,35,30,0,0,1589,201,160,76,785,Cottonwood/Willow,Cryaquolis,Cache la Poudre
5474,2402,262,24,216,134,1295,155,244,223,604,Douglas-fir,Cathedral,Cache la Poudre
5475,2452,210,24,300,182,1179,194,254,185,560,Douglas-fir,Vanet,Cache la Poudre
5476,2461,250,11,513,208,920,196,248,190,553,Douglas-fir,Vanet,Cache la Poudre
5477,2326,140,24,210,85,192,247,225,92,1710,Cottonwood/Willow,Haploborolis,Cache la Poudre
5478,2302,110,26,150,61,242,253,201,58,1727,Cottonwood/Willow,Haploborolis,Cache la Poudre
5479,2288,103,25,120,47,268,252,199,60,1736,Cottonwood/Willow,Haploborolis,Cache la Poudre
5480,2276,95,22,90,35,295,249,202,71,1746,Cottonwood/Willow,Haploborolis,Cache la Poudre
5481,2264,80,20,60,23,323,242,200,78,1756,Cottonwood/Willow,Haploborolis,Cache la Poudre
5482,2245,46,18,0,0,379,223,199,104,1777,Cottonwood/Willow,Vanet,Cache la Poudre
5483,2256,282,11,67,24,466,189,241,191,1812,Ponderosa Pine,Vanet,Cache la Poudre
5484,2336,308,31,234,125,648,119,203,215,1734,Ponderosa Pine,Catacount,Cache la Poudre
5485,2459,13,9,192,22,722,211,221,146,1233,Ponderosa Pine,Vanet,Cache la Poudre
5486,2405,56,16,0,0,780,229,204,104,1091,Douglas-fir,Vanet,Cache la Poudre
5487,2399,27,10,0,0,792,216,219,138,1075,Douglas-fir,Cryaquolis,Cache la Poudre
5488,2444,314,13,258,68,957,184,229,185,960,Douglas-fir,Vanet,Cache la Poudre
5489,2367,112,34,175,95,1248,254,183,26,700,Ponderosa Pine,Haploborolis,Cache la Poudre
5490,2296,122,28,85,30,1273,253,206,60,624,Ponderosa Pine,Haploborolis,Cache la Poudre
5491,2262,111,13,0,0,1300,242,225,110,577,Cottonwood/Willow,Haploborolis,Cache la Poudre
5492,2248,118,15,95,17,1362,244,226,107,532,Douglas-fir,Vanet,Cache la Poudre
5493,2228,43,9,0,0,1356,222,220,132,577,Cottonwood/Willow,Pachic Argiborolis,Cache la Poudre
5494,2305,43,16,0,0,1273,221,204,113,1276,Cottonwood/Willow,Catacount,Cache la Poudre
5495,2411,348,16,330,105,1124,187,211,161,1266,Douglas-fir,Catacount,Cache la Poudre
5496,2419,13,15,361,149,924,204,208,139,967,Douglas-fir,Vanet,Cache la Poudre
5497,2422,15,21,295,152,860,197,192,126,849,Douglas-fir,Vanet,Cache la Poudre
5498,2403,20,31,272,133,819,183,159,97,760,Douglas-fir,Catacount,Cache la Poudre
5499,2381,7,36,285,111,741,155,146,110,582,Douglas-fir,Catacount,Cache la Poudre
5500,2379,14,34,212,36,642,169,151,101,466,Douglas-fir,Catacount,Cache la Poudre
5501,2872,130,14,150,30,2241,243,231,114,752,Aspen,Catacount,Comanche Peak
5502,2397,304,21,210,72,201,157,224,205,516,Ponderosa Pine,Catacount,Cache la Poudre
5503,2470,109,9,376,97,350,235,231,127,437,Ponderosa Pine,Vanet,Cache la Poudre
5504,2390,146,23,95,36,120,244,230,102,638,Ponderosa Pine,Vanet,Cache la Poudre
5505,2332,95,13,0,0,216,240,221,110,782,Cottonwood/Willow,Vanet,Cache la Poudre
5506,2327,40,8,0,0,242,221,222,136,808,Cottonwood/Willow,Catacount,Cache la Poudre
5507,2365,85,19,256,120,1279,244,204,82,1248,Ponderosa Pine,Vanet,Cache la Poudre
5508,2316,128,16,210,75,175,245,228,107,1681,Cottonwood/Willow,Haploborolis,Cache la Poudre
5509,2308,108,17,180,67,201,247,218,95,1690,Cottonwood/Willow,Haploborolis,Cache la Poudre
5510,2255,40,21,0,0,371,216,189,99,1749,Cottonwood/Willow,Vanet,Cache la Poudre
5511,2430,97,15,85,17,658,244,216,98,1587,Ponderosa Pine,Vanet,Cache la Poudre
5512,2434,326,23,127,3,841,157,207,187,1036,Douglas-fir,Catacount,Cache la Poudre
5513,2445,336,20,175,14,876,172,209,174,1015,Douglas-fir,Catacount,Cache la Poudre
5514,2451,343,18,228,0,914,181,210,165,997,Douglas-fir,Catacount,Cache la Poudre
5515,2267,111,15,30,5,1262,244,223,104,618,Cottonwood/Willow,Haploborolis,Cache la Poudre
5516,2262,45,4,0,0,1271,221,231,146,604,Cottonwood/Willow,Haploborolis,Cache la Poudre
5517,2271,343,15,42,12,1290,188,215,165,579,Douglas-fir,Catacount,Cache la Poudre
5518,2290,6,11,170,45,1307,207,219,149,541,Douglas-fir,Catacount,Cache la Poudre
5519,2267,93,16,175,20,1323,243,215,97,543,Douglas-fir,Vanet,Cache la Poudre
5520,2231,87,8,0,0,1342,232,227,127,591,Cottonwood/Willow,Vanet,Cache la Poudre
5521,2228,358,7,30,0,1316,209,227,156,618,Douglas-fir,Pachic Argiborolis,Cache la Poudre
5522,2266,303,17,162,58,1253,169,229,199,722,Douglas-fir,Catacount,Cache la Poudre
5523,2350,309,19,335,67,1200,164,224,198,973,Douglas-fir,Catacount,Cache la Poudre
5524,2305,41,10,30,0,1253,221,218,131,1316,Cottonwood/Willow,Catacount,Cache la Poudre
5525,2306,276,6,0,0,1262,203,241,178,1343,Cottonwood/Willow,Catacount,Cache la Poudre
5526,2430,352,16,424,160,984,190,211,158,1031,Douglas-fir,Vanet,Cache la Poudre
5527,2420,11,29,301,150,834,178,170,117,765,Douglas-fir,Catacount,Cache la Poudre
5528,2373,51,30,150,52,616,218,160,55,418,Douglas-fir,Haploborolis,Cache la Poudre
5529,3298,85,10,192,55,3997,235,222,118,3978,Krummholz,Leighcan,Rawah
5530,2871,129,16,175,61,175,244,229,109,1154,Spruce_Fir,Legault,Rawah
5531,2868,0,26,175,58,2568,173,183,139,918,Lodgepole Pine,Catacount,Comanche Peak
5532,2900,332,14,0,0,2784,188,222,173,1273,Lodgepole Pine,Catacount,Comanche Peak
5533,2334,336,16,42,7,256,184,217,172,849,Ponderosa Pine,Catacount,Cache la Poudre
5534,2350,25,25,162,93,1431,198,177,105,1047,Ponderosa Pine,Catacount,Cache la Poudre
5535,2245,89,19,0,0,408,245,205,81,816,Cottonwood/Willow,Cathedral,Cache la Poudre
5536,2244,307,16,30,-2,384,175,229,194,841,Cottonwood/Willow,Cryaquolis,Cache la Poudre
5537,2254,50,19,0,0,395,225,196,97,1733,Cottonwood/Willow,Vanet,Cache la Poudre
5538,2426,92,17,30,8,702,245,211,89,1173,Cottonwood/Willow,Vanet,Cache la Poudre
5539,2424,311,22,67,2,782,156,219,201,1087,Douglas-fir,Catacount,Cache la Poudre
5540,2462,349,10,268,11,933,202,223,160,1012,Douglas-fir,Vanet,Cache la Poudre
5541,2266,50,7,0,0,1233,224,224,135,644,Cottonwood/Willow,Haploborolis,Cache la Poudre
5542,2265,338,13,0,0,1243,190,220,169,631,Douglas-fir,Pachic Argiborolis,Cache la Poudre
5543,2272,328,19,30,10,1254,172,215,181,618,Douglas-fir,Pachic Argiborolis,Cache la Poudre
5544,2293,345,34,127,40,1266,136,167,157,582,Douglas-fir,Catacount,Cache la Poudre
5545,2236,79,12,30,5,1312,236,217,110,607,Douglas-fir,Vanet,Cache la Poudre
5546,2388,348,16,201,105,1176,188,212,161,1116,Douglas-fir,Catacount,Cache la Poudre
5547,2388,12,16,175,96,1180,202,205,137,1142,Douglas-fir,Catacount,Cache la Poudre
5548,2359,53,31,108,53,1194,219,156,49,1221,Douglas-fir,Catacount,Cache la Poudre
5549,2306,8,5,0,0,1233,214,230,153,1356,Cottonwood/Willow,Catacount,Cache la Poudre
5550,2326,273,22,90,20,1265,155,240,221,1438,Douglas-fir,Catacount,Cache la Poudre
5551,2437,357,16,446,167,997,192,209,152,1036,Douglas-fir,Vanet,Cache la Poudre
5552,2434,11,14,408,164,955,204,210,141,977,Douglas-fir,Vanet,Cache la Poudre
5553,2435,344,16,391,165,933,187,214,165,947,Douglas-fir,Vanet,Cache la Poudre
5554,2440,351,16,362,170,891,189,211,158,888,Douglas-fir,Vanet,Cache la Poudre
5555,2413,14,21,201,70,661,195,191,127,513,Douglas-fir,Catacount,Cache la Poudre
5556,3012,293,13,306,73,1530,182,237,194,3261,Spruce_Fir,Leighcan,Rawah
5557,3122,295,23,335,18,1317,150,227,214,2940,Spruce_Fir,Legault,Rawah
5558,3294,297,5,295,87,1110,205,238,172,2310,Krummholz,Cryorthents,Rawah
5559,3299,329,3,350,75,1110,213,236,161,2263,Krummholz,Cryorthents,Rawah
5560,2287,247,29,42,19,1485,147,246,227,658,Douglas-fir,Cathedral,Cache la Poudre
5561,2304,232,30,67,36,1455,157,250,216,636,Douglas-fir,Cathedral,Cache la Poudre
5562,2424,271,16,371,154,1041,175,243,207,451,Douglas-fir,Cathedral,Cache la Poudre
5563,2245,85,10,0,0,391,235,223,119,799,Cottonwood/Willow,Cathedral,Cache la Poudre
5564,2261,59,21,30,7,391,231,190,83,1706,Cottonwood/Willow,Vanet,Cache la Poudre
5565,2473,6,5,192,73,660,214,230,154,1575,Ponderosa Pine,Vanet,Cache la Poudre
5566,2471,335,4,228,39,648,211,234,162,1507,Ponderosa Pine,Vanet,Cache la Poudre
5567,2474,301,10,218,42,641,193,236,183,1486,Ponderosa Pine,Vanet,Cache la Poudre
5568,2421,357,13,0,0,711,199,216,154,1154,Douglas-fir,Catacount,Cache la Poudre
5569,2402,126,34,256,86,1110,253,195,40,849,Ponderosa Pine,Haploborolis,Cache la Poudre
5570,2352,121,33,180,80,1154,254,193,39,787,Ponderosa Pine,Haploborolis,Cache la Poudre
5571,2272,347,13,0,0,1205,196,219,162,671,Cottonwood/Willow,Pachic Argiborolis,Cache la Poudre
5572,2307,350,29,124,48,1233,155,179,153,618,Douglas-fir,Catacount,Cache la Poudre
5573,2245,68,13,42,-1,1277,233,214,112,626,Douglas-fir,Vanet,Cache la Poudre
5574,2239,56,14,30,9,1283,228,209,111,636,Cottonwood/Willow,Vanet,Cache la Poudre
5575,2233,35,11,0,0,1288,219,215,130,646,Cottonwood/Willow,Vanet,Cache la Poudre
5576,2233,335,12,30,3,1275,192,223,170,658,Douglas-fir,Pachic Argiborolis,Cache la Poudre
5577,2244,324,20,85,16,1249,166,214,186,685,Douglas-fir,Catacount,Cache la Poudre
5578,2354,313,23,379,71,1142,151,215,200,984,Douglas-fir,Catacount,Cache la Poudre
5579,2311,34,11,0,0,1205,219,216,132,1369,Cottonwood/Willow,Catacount,Cache la Poudre
5580,2384,269,29,210,78,1266,132,235,235,1396,Douglas-fir,Catacount,Cache la Poudre
5581,2437,18,23,360,167,732,195,184,118,693,Douglas-fir,Vanet,Cache la Poudre
5582,2434,3,20,306,91,700,190,199,142,636,Douglas-fir,Catacount,Cache la Poudre
5583,3322,347,17,162,27,4158,185,210,161,3984,Krummholz,Leighcan,Rawah
5584,3233,162,7,0,0,3814,227,242,148,4113,Krummholz,Leighcan,Rawah
5585,2426,115,4,335,36,1062,227,236,144,1084,Ponderosa Pine,Vanet,Cache la Poudre
5586,2377,70,14,300,133,1249,235,212,106,1187,Ponderosa Pine,Vanet,Cache la Poudre
5587,2273,85,24,0,0,1541,246,193,63,684,Cottonwood/Willow,Haploborolis,Cache la Poudre
5588,2307,209,37,60,39,1392,168,244,185,573,Douglas-fir,Cathedral,Cache la Poudre
5589,2350,221,35,108,80,1302,156,246,205,516,Douglas-fir,Cathedral,Cache la Poudre
5590,2246,328,3,0,0,376,212,236,162,782,Cottonwood/Willow,Cryaquolis,Cache la Poudre
5591,2303,34,19,127,48,270,214,195,111,1633,Ponderosa Pine,Vanet,Cache la Poudre
5592,2280,59,25,60,26,360,229,179,68,1666,Cottonwood/Willow,Vanet,Cache la Poudre
5593,2365,246,27,201,85,532,156,249,223,1839,Ponderosa Pine,Vanet,Cache la Poudre
5594,2473,305,15,190,38,514,178,231,193,1738,Ponderosa Pine,Vanet,Cache la Poudre
5595,2471,351,6,256,39,618,209,229,159,1528,Ponderosa Pine,Vanet,Cache la Poudre
5596,2476,298,10,247,44,612,191,236,186,1506,Ponderosa Pine,Vanet,Cache la Poudre
5597,2469,91,15,85,28,612,242,215,99,1290,Ponderosa Pine,Vanet,Cache la Poudre
5598,2431,327,15,0,0,716,183,223,178,1155,Douglas-fir,Cryaquolis,Cache la Poudre
5599,2473,24,6,162,22,828,217,227,147,1092,Douglas-fir,Catacount,Cache la Poudre
5600,2277,25,12,0,0,1167,213,213,134,711,Cottonwood/Willow,Haploborolis,Cache la Poudre
5601,2247,59,11,0,0,1253,228,216,119,664,Cottonwood/Willow,Vanet,Cache la Poudre
5602,2238,18,10,0,0,1259,212,218,142,674,Cottonwood/Willow,Pachic Argiborolis,Cache la Poudre
5603,2305,310,24,268,94,1150,147,215,204,830,Douglas-fir,Catacount,Cache la Poudre
5604,2322,348,25,319,125,1130,164,190,157,891,Douglas-fir,Catacount,Cache la Poudre
5605,2341,312,24,384,147,1116,148,214,203,957,Douglas-fir,Catacount,Cache la Poudre
5606,2387,325,19,309,109,1110,169,216,185,1074,Douglas-fir,Catacount,Cache la Poudre
5607,2385,89,21,170,80,1130,246,202,75,1224,Douglas-fir,Vanet,Cache la Poudre
5608,2315,60,7,0,0,1177,225,226,135,1382,Cottonwood/Willow,Catacount,Cache la Poudre
5609,2370,275,24,180,64,1248,147,237,225,1430,Douglas-fir,Catacount,Cache la Poudre
5610,2454,17,10,395,184,785,212,219,144,816,Ponderosa Pine,Vanet,Cache la Poudre
5611,3298,300,4,295,74,1170,209,238,168,2324,Krummholz,Cryorthents,Rawah
5612,2405,130,15,402,158,1134,243,231,113,1146,Ponderosa Pine,Vanet,Cache la Poudre
5613,2377,357,18,295,120,1282,189,205,151,1120,Ponderosa Pine,Catacount,Cache la Poudre
5614,2378,2,18,283,121,1307,193,203,146,1092,Ponderosa Pine,Catacount,Cache la Poudre
5615,2346,69,21,124,74,1624,237,195,80,767,Ponderosa Pine,Vanet,Cache la Poudre
5616,2275,204,28,30,7,1418,193,251,177,573,Douglas-fir,Cathedral,Cache la Poudre
5617,2359,264,28,190,79,503,139,239,232,1831,Ponderosa Pine,Vanet,Cache la Poudre
5618,2443,84,16,42,8,524,241,212,97,1718,Ponderosa Pine,Vanet,Cache la Poudre
5619,2480,100,11,108,30,573,238,226,118,1350,Ponderosa Pine,Vanet,Cache la Poudre
5620,2444,107,19,30,7,598,248,214,87,1282,Cottonwood/Willow,Vanet,Cache la Poudre
5621,2432,350,14,42,3,631,193,215,160,1235,Douglas-fir,Cryaquolis,Cache la Poudre
5622,2474,94,4,153,23,806,225,234,144,1121,Ponderosa Pine,Vanet,Cache la Poudre
5623,2283,23,8,0,0,1138,216,223,144,738,Cottonwood/Willow,Vanet,Cache la Poudre
5624,2322,47,18,201,63,1180,223,199,104,666,Douglas-fir,Catacount,Cache la Poudre
5625,2287,99,19,124,40,1203,248,210,82,663,Douglas-fir,Vanet,Cache la Poudre
5626,2244,55,6,0,0,1224,224,227,139,693,Cottonwood/Willow,Vanet,Cache la Poudre
5627,2320,88,20,30,5,1138,245,204,80,1370,Douglas-fir,Catacount,Cache la Poudre
5628,2313,13,4,0,0,1148,215,231,152,1396,Cottonwood/Willow,Catacount,Cache la Poudre
5629,2386,288,25,210,80,1235,142,228,222,1406,Douglas-fir,Catacount,Cache la Poudre
5630,2432,308,19,330,126,1132,166,225,198,1289,Douglas-fir,Vanet,Cache la Poudre
5631,3315,13,11,90,11,4434,209,217,144,3966,Krummholz,Leighcan,Rawah
5632,3314,354,12,60,8,4405,200,218,156,3973,Krummholz,Leighcan,Rawah
5633,3336,331,20,108,3,4233,167,210,180,4023,Krummholz,Leighcan,Rawah
5634,3290,70,25,108,37,4004,238,184,63,4101,Krummholz,Leighcan,Rawah
5635,3047,113,24,655,242,677,252,208,69,1681,Spruce_Fir,Legault,Rawah
5636,3009,74,3,573,121,2547,224,233,144,1742,Lodgepole Pine,Catacount,Comanche Peak
5637,2276,42,19,0,0,1475,219,194,103,600,Cottonwood/Willow,Cryaquolis,Cache la Poudre
5638,2355,205,24,180,85,1206,198,253,179,417,Douglas-fir,Cathedral,Cache la Poudre
5639,2393,251,22,300,123,1087,165,249,218,371,Douglas-fir,Catacount,Cache la Poudre
5640,2413,229,18,360,143,1027,190,254,197,361,Douglas-fir,Catacount,Cache la Poudre
5641,2253,109,17,0,0,408,247,218,93,700,Cottonwood/Willow,Cathedral,Cache la Poudre
5642,2252,328,9,0,0,379,198,230,171,726,Cottonwood/Willow,Cryaquolis,Cache la Poudre
5643,2297,97,17,85,24,330,246,212,89,1599,Cottonwood/Willow,Vanet,Cache la Poudre
5644,2290,87,18,60,35,360,244,207,87,1611,Cottonwood/Willow,Vanet,Cache la Poudre
5645,2278,74,21,30,17,390,240,195,76,1624,Cottonwood/Willow,Vanet,Cache la Poudre
5646,2459,283,20,150,48,577,161,236,213,1693,Ponderosa Pine,Catacount,Cache la Poudre
5647,2494,45,10,162,21,540,223,218,129,1429,Ponderosa Pine,Vanet,Cache la Poudre
5648,2427,97,28,234,93,984,251,187,44,976,Ponderosa Pine,Vanet,Cache la Poudre
5649,2293,86,11,42,3,1092,236,222,117,793,Ponderosa Pine,Vanet,Cache la Poudre
5650,2247,11,2,0,0,1189,217,234,155,713,Cottonwood/Willow,Vanet,Cache la Poudre
5651,2248,345,8,0,0,1194,204,227,162,721,Cottonwood/Willow,Pachic Argiborolis,Cache la Poudre
5652,2319,333,10,0,0,1120,197,228,169,1410,Cottonwood/Willow,Catacount,Cache la Poudre
5653,2405,300,26,240,99,1195,140,219,216,1383,Douglas-fir,Catacount,Cache la Poudre
5654,2439,313,20,330,133,1116,163,221,196,1295,Douglas-fir,Vanet,Cache la Poudre
5655,2453,309,10,450,147,1015,192,233,182,1179,Douglas-fir,Vanet,Cache la Poudre
5656,2449,168,14,421,106,700,230,245,143,780,Ponderosa Pine,Haploborolis,Cache la Poudre
5657,3321,354,15,60,12,4414,193,212,156,4002,Krummholz,Leighcan,Rawah
5658,3308,57,28,124,55,4041,226,170,60,4119,Krummholz,Leighcan,Rawah
5659,3246,36,10,0,0,3899,219,218,133,4146,Krummholz,Leighcan,Rawah
5660,2385,50,7,408,128,1148,224,225,136,1153,Ponderosa Pine,Vanet,Cache la Poudre
5661,2391,339,11,361,100,1224,197,225,166,1129,Ponderosa Pine,Vanet,Cache la Poudre
5662,2312,148,28,60,32,1563,244,224,89,659,Ponderosa Pine,Haploborolis,Cache la Poudre
5663,2268,14,9,30,0,1413,212,222,147,534,Cottonwood/Willow,Cryaquolis,Cache la Poudre
5664,2328,238,26,120,58,1263,165,251,215,426,Douglas-fir,Cathedral,Cache la Poudre
5665,2312,126,14,108,37,270,243,229,112,1549,Cottonwood/Willow,Vanet,Cache la Poudre
5666,2293,119,19,67,20,330,248,220,92,1572,Cottonwood/Willow,Vanet,Cache la Poudre
5667,2288,118,17,42,15,360,246,223,100,1584,Cottonwood/Willow,Vanet,Cache la Poudre
5668,2278,99,14,30,12,390,242,220,104,1597,Cottonwood/Willow,Vanet,Cache la Poudre
5669,2273,45,11,0,0,420,223,215,125,1610,Cottonwood/Willow,Vanet,Cache la Poudre
5670,2448,75,16,30,13,470,238,209,98,1776,Ponderosa Pine,Vanet,Cache la Poudre
5671,2495,317,11,256,12,514,190,230,180,1530,Ponderosa Pine,Vanet,Cache la Poudre
5672,2491,71,13,124,18,510,234,214,110,1434,Ponderosa Pine,Vanet,Cache la Poudre
5673,2446,344,17,30,5,552,184,212,165,1317,Douglas-fir,Cryaquolis,Cache la Poudre
5674,2459,3,22,60,22,624,184,192,140,1249,Douglas-fir,Catacount,Cache la Poudre
5675,2442,107,22,242,101,942,251,209,75,1018,Ponderosa Pine,Vanet,Cache la Poudre
5676,2290,43,12,0,0,1072,222,214,125,805,Cottonwood/Willow,Vanet,Cache la Poudre
5677,2336,292,27,120,64,1110,136,223,223,750,Douglas-fir,Catacount,Cache la Poudre
5678,2344,45,17,210,79,1116,222,201,107,730,Douglas-fir,Catacount,Cache la Poudre
5679,2250,346,9,0,0,1159,203,227,162,742,Cottonwood/Willow,Catacount,Cache la Poudre
5680,2321,63,5,0,0,1082,225,229,139,1399,Cottonwood/Willow,Catacount,Cache la Poudre
5681,2354,300,26,90,39,1127,138,218,216,1504,Douglas-fir,Catacount,Cache la Poudre
5682,2414,298,24,240,108,1181,145,223,215,1390,Douglas-fir,Catacount,Cache la Poudre
5683,2454,346,2,420,148,1024,215,235,158,1216,Ponderosa Pine,Vanet,Cache la Poudre
5684,2463,124,7,566,193,900,233,235,135,1072,Ponderosa Pine,Vanet,Cache la Poudre
5685,2442,173,16,424,99,679,229,246,144,792,Ponderosa Pine,Haploborolis,Cache la Poudre
5686,2432,144,20,365,89,638,244,232,108,738,Ponderosa Pine,Haploborolis,Cache la Poudre
5687,3333,348,16,0,0,4336,187,211,161,4055,Krummholz,Leighcan,Rawah
5688,3285,72,34,60,32,3994,235,155,23,4161,Krummholz,Leighcan,Rawah
5689,3220,77,11,543,115,1054,234,219,115,2070,Lodgepole Pine,Legault,Rawah
5690,2975,99,34,524,170,547,252,172,0,1560,Spruce_Fir,Legault,Rawah
5691,2955,103,24,466,150,488,252,201,64,1500,Lodgepole Pine,Legault,Rawah
5692,2849,27,6,30,4,2429,217,226,145,543,Spruce_Fir,Cryaquolis,Comanche Peak
5693,2308,147,35,42,28,1616,242,213,69,698,Ponderosa Pine,Haploborolis,Cache la Poudre
5694,2459,275,13,474,100,872,183,243,199,323,Douglas-fir,Vanet,Cache la Poudre
5695,2287,120,19,42,12,330,249,220,91,1544,Cottonwood/Willow,Vanet,Cache la Poudre
5696,2281,128,16,30,8,360,245,228,107,1557,Cottonwood/Willow,Vanet,Cache la Poudre
5697,2273,135,6,0,0,390,230,237,140,1570,Cottonwood/Willow,Vanet,Cache la Poudre
5698,2376,303,30,180,96,418,123,209,219,1758,Ponderosa Pine,Catacount,Cache la Poudre
5699,2487,266,7,201,44,391,202,243,180,1861,Ponderosa Pine,Vanet,Cache la Poudre
5700,2503,354,12,190,20,480,200,218,156,1513,Ponderosa Pine,Vanet,Cache la Poudre
5701,2296,38,13,0,0,1044,219,211,124,832,Cottonwood/Willow,Pachic Argiborolis,Cache la Poudre
5702,2312,97,26,210,65,1100,251,194,55,751,Douglas-fir,Vanet,Cache la Poudre
5703,2254,355,11,0,0,1130,202,221,156,771,Cottonwood/Willow,Pachic Argiborolis,Cache la Poudre
5704,2267,307,21,85,19,1142,159,223,202,797,Douglas-fir,Catacount,Cache la Poudre
5705,2292,305,26,134,45,1114,138,215,213,819,Douglas-fir,Catacount,Cache la Poudre
5706,2310,331,20,190,77,1087,167,210,180,845,Douglas-fir,Catacount,Cache la Poudre
5707,2435,160,18,524,165,743,236,241,128,914,Ponderosa Pine,Haploborolis,Cache la Poudre
5708,3342,358,17,42,10,4403,193,207,150,4068,Krummholz,Leighcan,Rawah
5709,3264,328,18,42,13,3891,173,215,181,4079,Krummholz,Leighcan,Rawah
5710,3100,310,16,513,57,1549,176,228,191,3159,Spruce_Fir,Legault,Rawah
5711,2874,116,18,153,17,2379,248,220,94,564,Aspen,Catacount,Comanche Peak
5712,2865,116,15,124,11,2391,245,224,105,552,Aspen,Catacount,Comanche Peak
5713,2404,90,10,390,14,1015,236,224,118,1022,Ponderosa Pine,Vanet,Cache la Poudre
5714,2406,288,23,361,136,1020,151,231,217,272,Douglas-fir,Catacount,Cache la Poudre
5715,2431,269,21,421,161,960,162,242,218,272,Douglas-fir,Catacount,Cache la Poudre
5716,2265,9,21,0,0,391,191,192,133,658,Cottonwood/Willow,Catacount,Cache la Poudre
5717,2275,99,9,0,0,360,235,228,123,1530,Cottonwood/Willow,Vanet,Cache la Poudre
5718,2318,301,29,60,38,450,127,213,220,1664,Ponderosa Pine,Catacount,Cache la Poudre
5719,2428,290,28,270,148,365,131,223,226,1790,Ponderosa Pine,Catacount,Cache la Poudre
5720,2446,326,9,60,8,457,198,230,172,1812,Ponderosa Pine,Vanet,Cache la Poudre
5721,2499,326,7,300,88,480,202,232,169,1676,Ponderosa Pine,Vanet,Cache la Poudre
5722,2457,77,19,0,0,466,240,202,84,1415,Cottonwood/Willow,Vanet,Cache la Poudre
5723,2478,34,14,30,11,595,217,208,123,1292,Douglas-fir,Catacount,Cache la Poudre
5724,2483,355,5,180,32,743,211,230,157,1214,Ponderosa Pine,Vanet,Cache la Poudre
5725,2308,59,13,0,0,1006,229,213,115,872,Cottonwood/Willow,Pachic Argiborolis,Cache la Poudre
5726,2307,88,23,210,60,1071,247,195,64,781,Douglas-fir,Vanet,Cache la Poudre
5727,2295,65,19,180,48,1077,234,199,89,780,Douglas-fir,Vanet,Cache la Poudre
5728,2261,3,15,0,0,1100,198,209,147,800,Cottonwood/Willow,Pachic Argiborolis,Cache la Poudre
5729,2318,324,19,201,80,1060,170,217,185,872,Douglas-fir,Catacount,Cache la Poudre
5730,2402,331,22,474,191,972,163,207,180,1041,Douglas-fir,Catacount,Cache la Poudre
5731,2408,335,25,450,82,967,156,198,176,1062,Douglas-fir,Catacount,Cache la Poudre
5732,2421,38,17,300,95,960,218,202,114,1168,Douglas-fir,Vanet,Cache la Poudre
5733,2325,30,7,0,0,1015,218,226,143,1406,Cottonwood/Willow,Catacount,Cache la Poudre
5734,2449,236,14,335,143,1073,195,251,192,1319,Ponderosa Pine,Vanet,Cache la Poudre
5735,3350,355,18,108,27,4469,187,205,153,4082,Krummholz,Leighcan,Rawah
5736,2995,328,7,182,12,1767,203,232,168,3462,Spruce_Fir,Cryaquolis,Rawah
5737,3105,308,14,503,62,1574,180,230,190,3174,Spruce_Fir,Legault,Rawah
5738,3200,301,22,391,87,1489,153,224,209,3021,Spruce_Fir,Legault,Rawah
5739,2376,121,19,212,85,1289,249,221,92,990,Ponderosa Pine,Haploborolis,Cache la Poudre
5740,2321,143,21,108,37,1454,245,230,103,816,Ponderosa Pine,Haploborolis,Cache la Poudre
5741,2300,338,26,42,19,1440,155,194,172,510,Douglas-fir,Catacount,Cache la Poudre
5742,2312,338,32,60,37,1380,135,178,171,458,Douglas-fir,Catacount,Cache la Poudre
5743,2473,278,19,212,30,330,166,240,212,1826,Ponderosa Pine,Catacount,Cache la Poudre
5744,2489,353,14,85,-3,534,196,215,157,1343,Douglas-fir,Catacount,Cache la Poudre
5745,2488,24,13,60,21,553,212,212,134,1332,Douglas-fir,Catacount,Cache la Poudre
5746,2344,99,22,42,10,942,250,204,71,973,Ponderosa Pine,Vanet,Cache la Poudre
5747,2316,83,11,0,0,960,235,221,116,927,Cottonwood/Willow,Vanet,Cache la Poudre
5748,2311,52,8,0,0,968,225,223,132,912,Cottonwood/Willow,Pachic Argiborolis,Cache la Poudre
5749,2310,0,18,30,2,987,190,203,147,886,Douglas-fir,Pachic Argiborolis,Cache la Poudre
5750,2358,72,12,201,81,1024,233,217,114,824,Douglas-fir,Catacount,Cache la Poudre
5751,2271,1,20,0,0,1071,187,199,145,830,Cottonwood/Willow,Pachic Argiborolis,Cache la Poudre
5752,2340,322,21,268,107,1008,163,214,189,927,Douglas-fir,Catacount,Cache la Poudre
5753,2355,317,22,323,124,987,157,215,196,957,Douglas-fir,Catacount,Cache la Poudre
5754,2420,326,24,450,62,938,155,206,187,1084,Douglas-fir,Catacount,Cache la Poudre
5755,2385,293,20,150,66,1061,159,231,210,1529,Douglas-fir,Catacount,Cache la Poudre
5756,2417,166,15,589,147,726,232,244,139,966,Ponderosa Pine,Haploborolis,Cache la Poudre
5757,2411,171,18,418,68,594,229,245,140,808,Ponderosa Pine,Haploborolis,Cache la Poudre
5758,3010,123,14,212,61,990,243,229,112,495,Lodgepole Pine,Catacount,Comanche Peak
5759,2890,95,19,150,29,2412,247,208,82,541,Aspen,Catacount,Comanche Peak
5760,2967,313,27,335,134,2717,139,209,205,595,Lodgepole Pine,Catacount,Comanche Peak
5761,2404,95,11,391,14,983,238,223,114,984,Ponderosa Pine,Vanet,Cache la Poudre
5762,2388,128,13,242,97,1222,242,231,116,1041,Ponderosa Pine,Vanet,Cache la Poudre
5763,2380,283,23,285,110,1110,151,234,220,242,Douglas-fir,Catacount,Cache la Poudre
5764,2478,264,7,366,91,810,202,244,181,277,Douglas-fir,Vanet,Cache la Poudre
5765,2474,77,16,0,0,400,239,208,95,1482,Cottonwood/Willow,Vanet,Cache la Poudre
5766,2489,333,18,124,39,458,176,214,176,1409,Douglas-fir,Catacount,Cache la Poudre
5767,2347,86,23,30,13,912,246,193,64,999,Ponderosa Pine,Vanet,Cache la Poudre
5768,2328,50,12,0,0,924,225,214,121,967,Cottonwood/Willow,Vanet,Cache la Poudre
5769,2340,57,23,268,68,1001,229,185,78,845,Douglas-fir,Catacount,Cache la Poudre
5770,2316,19,28,120,66,1024,188,170,107,842,Douglas-fir,Catacount,Cache la Poudre
5771,2282,354,21,0,0,1041,180,197,152,859,Cottonwood/Willow,Pachic Argiborolis,Cache la Poudre
5772,2311,326,26,120,61,1050,146,201,189,892,Douglas-fir,Catacount,Cache la Poudre
5773,2340,317,21,240,93,993,161,217,194,939,Douglas-fir,Catacount,Cache la Poudre
5774,2369,314,20,360,138,949,161,219,196,999,Douglas-fir,Catacount,Cache la Poudre
5775,2389,304,23,417,161,931,150,221,209,1032,Douglas-fir,Catacount,Cache la Poudre
5776,2337,13,12,0,0,959,208,216,143,1440,Cottonwood/Willow,Catacount,Cache la Poudre
5777,2345,298,16,30,15,969,173,232,199,1465,Douglas-fir,Catacount,Cache la Poudre
5778,3372,265,6,30,4,4288,205,243,176,4195,Krummholz,Cryorthents,Rawah
5779,3114,303,14,474,47,1626,180,232,193,3206,Spruce_Fir,Legault,Rawah
5780,3295,261,19,150,71,1380,169,246,213,2529,Spruce_Fir,Leighcan,Rawah
5781,2939,80,15,175,41,2314,239,211,98,570,Aspen,Catacount,Comanche Peak
5782,2898,107,17,134,18,2430,247,217,92,534,Aspen,Catacount,Comanche Peak
5783,2885,305,24,85,28,2563,148,220,209,420,Lodgepole Pine,Catacount,Comanche Peak
5784,2358,116,20,150,67,1292,250,217,85,947,Ponderosa Pine,Haploborolis,Cache la Poudre
5785,2329,137,23,85,42,1376,248,224,92,859,Ponderosa Pine,Haploborolis,Cache la Poudre
5786,2286,304,23,0,0,1560,151,221,208,598,Douglas-fir,Cryaquolis,Cache la Poudre
5787,2330,296,24,108,50,1410,145,225,216,457,Douglas-fir,Catacount,Cache la Poudre
5788,2395,288,22,323,125,1080,154,232,216,201,Douglas-fir,Catacount,Cache la Poudre
5789,2479,294,9,342,92,810,194,238,184,255,Douglas-fir,Vanet,Cache la Poudre
5790,2433,282,25,247,153,285,142,232,225,1702,Ponderosa Pine,Catacount,Cache la Poudre
5791,2470,80,15,95,27,295,239,211,98,1867,Ponderosa Pine,Vanet,Cache la Poudre
5792,2462,71,15,67,19,309,236,210,102,1889,Ponderosa Pine,Vanet,Cache la Poudre
5793,2491,310,17,272,63,395,171,226,194,1803,Ponderosa Pine,Catacount,Cache la Poudre
5794,2498,345,13,120,5,450,195,220,163,1423,Douglas-fir,Catacount,Cache la Poudre
5795,2431,118,22,170,71,834,252,213,77,1149,Ponderosa Pine,Vanet,Cache la Poudre
5796,2333,82,11,0,0,888,235,220,115,1008,Cottonwood/Willow,Vanet,Cache la Poudre
5797,2377,349,21,175,87,960,177,200,158,895,Douglas-fir,Catacount,Cache la Poudre
5798,2324,332,26,120,70,1024,151,197,181,920,Douglas-fir,Catacount,Cache la Poudre
5799,2330,333,24,150,80,1008,157,201,179,930,Douglas-fir,Catacount,Cache la Poudre
5800,2374,330,22,330,141,930,163,208,182,1008,Douglas-fir,Catacount,Cache la Poudre
5801,2378,326,23,360,148,920,157,207,187,1024,Douglas-fir,Catacount,Cache la Poudre
5802,2447,318,20,408,89,875,162,217,193,1149,Douglas-fir,Catacount,Cache la Poudre
5803,2343,43,12,0,0,930,222,213,123,1458,Cottonwood/Willow,Vanet,Cache la Poudre
5804,2396,294,23,153,52,1008,148,226,216,1546,Douglas-fir,Catacount,Cache la Poudre
5805,3375,265,5,60,7,4270,207,242,174,4153,Krummholz,Cryorthents,Rawah
5806,3381,247,6,120,13,4214,207,245,176,4121,Krummholz,Leighcan,Rawah
5807,3359,311,32,351,34,3601,118,199,212,3817,Krummholz,Leighcan,Rawah
5808,3173,279,38,492,56,1597,93,215,245,3120,Spruce_Fir,Legault,Rawah
5809,3259,343,9,242,71,1480,202,226,163,2874,Spruce_Fir,Leighcan,Rawah
5810,2939,104,19,150,41,2307,248,213,86,571,Aspen,Catacount,Comanche Peak
5811,2390,123,15,418,103,1006,244,228,110,999,Ponderosa Pine,Vanet,Cache la Poudre
5812,2293,144,22,30,9,1452,244,230,104,765,Ponderosa Pine,Haploborolis,Cache la Poudre
5813,2319,269,19,67,8,1440,168,243,213,474,Douglas-fir,Catacount,Cache la Poudre
5814,2357,30,21,175,82,1290,208,189,109,335,Douglas-fir,Catacount,Cache la Poudre
5815,2348,21,22,192,73,1260,199,186,116,309,Douglas-fir,Catacount,Cache la Poudre
5816,2427,281,17,391,5,990,172,239,206,150,Douglas-fir,Catacount,Cache la Poudre
5817,2326,28,24,124,61,420,203,179,102,589,Ponderosa Pine,Catacount,Cache la Poudre
5818,2510,314,14,335,85,360,183,229,186,1784,Ponderosa Pine,Catacount,Cache la Poudre
5819,2480,333,16,42,4,351,182,218,175,1518,Douglas-fir,Catacount,Cache la Poudre
5820,2498,90,5,153,31,642,227,232,139,1316,Ponderosa Pine,Vanet,Cache la Poudre
5821,2358,345,32,85,35,892,143,173,158,981,Douglas-fir,Catacount,Cache la Poudre
5822,2361,350,35,95,45,902,137,160,146,969,Douglas-fir,Catacount,Cache la Poudre
5823,2370,343,33,127,59,926,137,171,161,949,Douglas-fir,Catacount,Cache la Poudre
5824,2386,7,16,192,90,930,199,207,143,924,Douglas-fir,Catacount,Cache la Poudre
5825,2381,38,16,216,91,932,218,203,115,918,Douglas-fir,Catacount,Cache la Poudre
5826,2375,40,18,242,86,934,218,198,108,912,Douglas-fir,Catacount,Cache la Poudre
5827,2360,35,24,258,-13,942,208,178,94,904,Douglas-fir,Catacount,Cache la Poudre
5828,2306,348,23,0,0,983,172,196,159,918,Cottonwood/Willow,Catacount,Cache la Poudre
5829,2456,325,19,400,98,845,169,216,185,1172,Douglas-fir,Catacount,Cache la Poudre
5830,2373,80,21,60,36,882,242,198,76,1429,Douglas-fir,Vanet,Cache la Poudre
5831,2422,300,11,210,78,1015,188,235,188,1499,Douglas-fir,Catacount,Cache la Poudre
5832,2429,205,8,510,123,886,216,247,167,1222,Ponderosa Pine,Vanet,Cache la Poudre
5833,2423,140,12,598,117,805,238,236,127,1140,Ponderosa Pine,Vanet,Cache la Poudre
5834,3371,273,4,30,2,4309,209,241,170,4144,Krummholz,Cryorthents,Rawah
5835,3376,238,4,90,8,4252,212,244,170,4112,Krummholz,Cryorthents,Rawah
5836,3368,94,24,150,111,4140,249,197,63,4049,Krummholz,Leighcan,Rawah
5837,3372,314,31,342,47,3613,122,198,207,3790,Krummholz,Leighcan,Rawah
5838,3083,300,31,342,40,1739,121,211,222,3339,Spruce_Fir,Legault,Rawah
5839,2934,117,22,124,36,2301,251,214,78,573,Aspen,Catacount,Comanche Peak
5840,2908,108,21,95,10,2359,250,211,79,531,Aspen,Catacount,Comanche Peak
5841,3015,275,6,503,100,2703,205,241,176,1601,Lodgepole Pine,Catacount,Comanche Peak
5842,2402,90,18,408,12,939,244,209,89,932,Ponderosa Pine,Vanet,Cache la Poudre
5843,2381,196,16,295,94,1103,215,252,166,1087,Ponderosa Pine,Haploborolis,Cache la Poudre
5844,2382,171,14,268,95,1131,229,245,144,1087,Ponderosa Pine,Haploborolis,Cache la Poudre
5845,2287,140,20,0,0,1414,245,230,104,789,Cottonwood/Willow,Haploborolis,Cache la Poudre
5846,2339,258,23,95,22,1380,160,246,221,408,Douglas-fir,Catacount,Cache la Poudre
5847,2362,23,23,212,20,1260,200,185,113,295,Douglas-fir,Catacount,Cache la Poudre
5848,2469,100,18,258,82,750,247,212,88,268,Ponderosa Pine,Vanet,Cache la Poudre
5849,2411,49,21,201,66,600,224,190,92,408,Ponderosa Pine,Cathedral,Cache la Poudre
5850,2452,348,6,90,9,295,209,231,160,1917,Ponderosa Pine,Vanet,Cache la Poudre
5851,2483,60,10,0,0,301,228,219,123,1590,Cottonwood/Willow,Vanet,Cache la Poudre
5852,2354,107,19,0,0,819,248,215,88,1091,Cottonwood/Willow,Vanet,Cache la Poudre
5853,2344,47,12,0,0,824,224,214,123,1075,Cottonwood/Willow,Pachic Argiborolis,Cache la Poudre
5854,2350,337,23,42,15,837,163,201,173,1047,Douglas-fir,Catacount,Cache la Poudre
5855,2319,315,3,0,0,953,211,237,164,947,Cottonwood/Willow,Catacount,Cache la Poudre
5856,2448,312,23,430,14,824,151,216,202,1158,Douglas-fir,Catacount,Cache la Poudre
5857,2383,89,20,85,25,845,245,205,80,1425,Douglas-fir,Vanet,Cache la Poudre
5858,2429,240,5,510,123,875,210,244,172,1234,Ponderosa Pine,Vanet,Cache la Poudre
5859,3376,48,6,0,0,4432,223,227,140,4186,Krummholz,Cryorthents,Rawah
5860,3371,333,1,30,2,4347,216,237,158,4135,Krummholz,Cryorthents,Rawah
5861,3377,169,7,153,9,4207,226,243,151,4055,Krummholz,Cryorthents,Rawah
5862,3367,101,19,150,105,4151,248,211,83,4023,Krummholz,Leighcan,Rawah
5863,3039,321,29,234,-1,1831,135,199,197,3457,Spruce_Fir,Leighcan,Rawah
5864,3172,146,17,335,67,932,241,236,119,1961,Lodgepole Pine,Legault,Rawah
5865,3023,72,8,484,112,2550,229,226,130,1742,Lodgepole Pine,Catacount,Comanche Peak
5866,2373,177,14,256,86,1120,226,247,150,1084,Ponderosa Pine,Haploborolis,Cache la Poudre
5867,2364,133,18,175,77,1205,246,228,103,994,Ponderosa Pine,Haploborolis,Cache la Poudre
5868,2291,112,22,0,0,1376,252,210,75,815,Cottonwood/Willow,Haploborolis,Cache la Poudre
5869,2368,23,22,216,26,1230,202,188,115,256,Douglas-fir,Catacount,Cache la Poudre
5870,2387,279,20,297,9,1110,160,238,216,150,Douglas-fir,Catacount,Cache la Poudre
5871,2442,301,21,324,-7,960,158,226,206,95,Douglas-fir,Catacount,Cache la Poudre
5872,2477,316,14,277,77,840,183,228,184,175,Douglas-fir,Vanet,Cache la Poudre
5873,2457,102,18,216,70,720,247,215,90,285,Ponderosa Pine,Vanet,Cache la Poudre
5874,2471,53,14,134,28,228,227,210,113,1829,Ponderosa Pine,Vanet,Cache la Poudre
5875,2461,34,14,120,18,256,217,210,125,1874,Ponderosa Pine,Vanet,Cache la Poudre
5876,2369,329,28,85,34,816,143,195,185,1060,Douglas-fir,Catacount,Cache la Poudre
5877,2350,242,18,150,79,932,181,252,205,1015,Douglas-fir,Catacount,Cache la Poudre
5878,2349,7,6,0,0,847,213,229,153,1513,Cottonwood/Willow,Vanet,Cache la Poudre
5879,2417,170,13,300,73,1022,229,245,145,1438,Ponderosa Pine,Vanet,Cache la Poudre
5880,2429,230,7,510,123,864,209,247,175,1248,Ponderosa Pine,Vanet,Cache la Poudre
5881,3389,333,30,301,64,3665,137,186,179,3747,Krummholz,Leighcan,Rawah
5882,2430,81,10,350,40,832,234,222,118,824,Ponderosa Pine,Vanet,Cache la Poudre
5883,2326,293,13,30,9,1440,184,237,193,454,Douglas-fir,Catacount,Cache la Poudre
5884,2354,284,25,108,27,1350,142,230,224,365,Douglas-fir,Catacount,Cache la Poudre
5885,2477,305,18,256,55,870,169,228,198,134,Douglas-fir,Vanet,Cache la Poudre
5886,2319,98,12,30,6,330,240,223,111,663,Cottonwood/Willow,Vanet,Cache la Poudre
5887,2481,62,9,175,38,190,228,221,125,1786,Ponderosa Pine,Vanet,Cache la Poudre
5888,2495,33,11,67,12,240,218,216,133,1657,Cottonwood/Willow,Vanet,Cache la Poudre
5889,2493,352,14,60,10,242,194,214,158,1641,Douglas-fir,Vanet,Cache la Poudre
5890,2498,335,18,60,15,247,178,213,174,1626,Douglas-fir,Catacount,Cache la Poudre
5891,2413,117,26,150,29,752,253,206,64,1260,Ponderosa Pine,Vanet,Cache la Poudre
5892,2360,82,10,0,0,752,234,222,119,1173,Cottonwood/Willow,Vanet,Cache la Poudre
5893,2406,18,20,255,1,842,199,193,124,1006,Douglas-fir,Catacount,Cache la Poudre
5894,2381,39,22,170,7,859,215,187,98,992,Douglas-fir,Catacount,Cache la Poudre
5895,2351,64,25,85,12,878,233,180,64,994,Douglas-fir,Catacount,Cache la Poudre
5896,2318,20,19,0,0,895,204,197,125,1006,Cottonwood/Willow,Catacount,Cache la Poudre
5897,2399,316,27,270,149,845,138,206,202,1087,Douglas-fir,Catacount,Cache la Poudre
5898,2477,319,5,361,43,755,206,235,168,1242,Douglas-fir,Vanet,Cache la Poudre
5899,2444,73,21,240,86,752,239,194,75,1338,Douglas-fir,Vanet,Cache la Poudre
5900,2431,72,20,210,73,755,238,196,80,1358,Douglas-fir,Vanet,Cache la Poudre
5901,2358,67,15,0,0,808,234,208,102,1510,Douglas-fir,Vanet,Cache la Poudre
5902,2355,337,10,0,0,819,197,225,167,1533,Cottonwood/Willow,Vanet,Cache la Poudre
5903,2388,51,19,433,121,499,225,195,96,937,Douglas-fir,Haploborolis,Cache la Poudre
5904,2293,87,20,255,58,319,245,202,78,768,Douglas-fir,Haploborolis,Cache la Poudre
5905,3370,131,5,150,1,4256,229,237,142,4020,Krummholz,Cryorthents,Rawah
5906,3340,57,23,85,41,4089,228,184,76,3926,Krummholz,Cryorthents,Rawah
5907,2288,299,7,30,0,1390,200,237,177,781,Douglas-fir,Cryaquolis,Cache la Poudre
5908,2294,287,13,60,3,1419,182,239,197,751,Douglas-fir,Catacount,Cache la Poudre
5909,2325,281,12,30,5,1440,185,241,195,451,Douglas-fir,Cryaquolis,Cache la Poudre
5910,2373,294,23,108,31,1320,151,228,214,331,Douglas-fir,Catacount,Cache la Poudre
5911,2390,327,15,162,31,1260,183,223,178,272,Douglas-fir,Catacount,Cache la Poudre
5912,2371,101,21,85,26,511,250,206,74,481,Ponderosa Pine,Cathedral,Cache la Poudre
5913,2320,79,11,0,0,331,235,220,115,661,Cottonwood/Willow,Vanet,Cache la Poudre
5914,2431,308,29,212,105,216,128,208,213,1530,Ponderosa Pine,Catacount,Cache la Poudre
5915,2472,10,10,180,29,216,209,220,148,1860,Ponderosa Pine,Vanet,Cache la Poudre
5916,2504,32,12,108,21,210,217,214,131,1698,Cottonwood/Willow,Vanet,Cache la Poudre
5917,2498,3,10,30,0,426,206,220,152,1518,Douglas-fir,Vanet,Cache la Poudre
5918,2370,332,20,42,11,730,170,211,178,1168,Douglas-fir,Catacount,Cache la Poudre
5919,2411,37,22,192,23,819,213,186,99,1027,Douglas-fir,Catacount,Cache la Poudre
5920,2424,82,18,180,66,730,242,206,87,1401,Douglas-fir,Vanet,Cache la Poudre
5921,2362,55,13,0,0,780,228,211,113,1530,Douglas-fir,Vanet,Cache la Poudre
5922,2361,330,9,0,0,792,199,229,170,1552,Cottonwood/Willow,Vanet,Cache la Poudre
5923,2421,137,9,573,115,787,235,237,133,1224,Douglas-fir,Vanet,Cache la Poudre
5924,2416,135,10,603,110,759,236,236,131,1199,Douglas-fir,Vanet,Cache la Poudre
5925,2410,39,6,604,95,674,221,226,141,1123,Douglas-fir,Vanet,Cache la Poudre
5926,3416,339,21,300,91,3690,170,204,170,3692,Krummholz,Leighcan,Rawah
5927,3014,352,10,450,91,3070,203,223,158,759,Lodgepole Pine,Catacount,Comanche Peak
5928,2356,136,20,210,69,1121,247,227,100,1050,Ponderosa Pine,Haploborolis,Cache la Poudre
5929,2315,315,18,134,28,1500,170,223,192,660,Douglas-fir,Catacount,Cache la Poudre
5930,2325,355,11,0,0,1471,201,220,156,480,Douglas-fir,Catacount,Cache la Poudre
5931,2400,0,16,192,22,1172,194,208,149,180,Douglas-fir,Catacount,Cache la Poudre
5932,2397,356,15,212,4,1142,194,212,154,150,Douglas-fir,Catacount,Cache la Poudre
5933,2469,122,18,175,47,782,248,222,95,210,Ponderosa Pine,Vanet,Cache la Poudre
5934,2331,70,11,0,0,395,232,218,117,600,Cottonwood/Willow,Vanet,Cache la Poudre
5935,2539,124,2,268,56,212,222,237,151,1824,Ponderosa Pine,Vanet,Cache la Poudre
5936,2505,352,7,30,5,408,208,228,158,1546,Douglas-fir,Vanet,Cache la Poudre
5937,2426,8,17,268,-2,780,198,204,141,1077,Douglas-fir,Catacount,Cache la Poudre
5938,2425,26,17,192,20,785,210,201,123,1061,Douglas-fir,Catacount,Cache la Poudre
5939,2409,43,23,150,21,794,218,184,90,1054,Douglas-fir,Catacount,Cache la Poudre
5940,2374,67,24,60,0,815,236,185,68,1052,Douglas-fir,Catacount,Cache la Poudre
5941,2419,303,30,270,158,793,125,210,219,1142,Douglas-fir,Catacount,Cache la Poudre
5942,2459,334,18,350,25,731,175,213,175,1209,Douglas-fir,Catacount,Cache la Poudre
5943,2376,76,23,42,14,741,241,191,68,1528,Douglas-fir,Vanet,Cache la Poudre
5944,2365,320,4,0,0,765,210,236,164,1572,Cottonwood/Willow,Catacount,Cache la Poudre
5945,2416,311,11,459,72,895,191,232,181,1343,Douglas-fir,Catacount,Cache la Poudre
5946,2304,112,24,234,65,297,252,208,70,834,Ponderosa Pine,Haploborolis,Cache la Poudre
5947,3365,92,5,212,-4,4251,229,231,137,3953,Krummholz,Cryorthents,Rawah
5948,2350,161,19,240,63,1084,235,241,128,1053,Ponderosa Pine,Haploborolis,Cache la Poudre
5949,2335,329,16,0,0,1443,179,219,178,451,Douglas-fir,Cryaquolis,Cache la Poudre
5950,2391,283,17,95,32,1293,171,239,207,301,Douglas-fir,Catacount,Cache la Poudre
5951,2405,339,13,150,27,1203,191,221,168,212,Douglas-fir,Catacount,Cache la Poudre
5952,2413,295,17,234,7,1084,171,233,202,95,Douglas-fir,Catacount,Cache la Poudre
5953,2470,140,11,153,48,815,237,237,129,182,Ponderosa Pine,Vanet,Cache la Poudre
5954,2345,92,13,0,0,459,240,220,109,541,Cottonwood/Willow,Vanet,Cache la Poudre
5955,2520,54,10,192,37,150,226,218,125,1781,Cottonwood/Willow,Vanet,Cache la Poudre
5956,2515,123,5,42,3,277,228,236,142,1627,Douglas-fir,Vanet,Cache la Poudre
5957,2397,25,26,60,13,660,197,175,103,1298,Ponderosa Pine,Catacount,Cache la Poudre
5958,2384,24,19,0,0,661,206,195,120,1266,Cottonwood/Willow,Pachic Argiborolis,Cache la Poudre
5959,2396,69,15,67,22,781,234,210,103,1080,Douglas-fir,Catacount,Cache la Poudre
5960,2391,88,17,42,17,782,243,209,89,1080,Douglas-fir,Catacount,Cache la Poudre
5961,2379,88,21,30,5,785,246,200,72,1082,Douglas-fir,Catacount,Cache la Poudre
5962,2354,53,20,0,0,794,227,193,91,1087,Cottonwood/Willow,Catacount,Cache la Poudre
5963,2468,336,14,323,34,702,187,220,171,1235,Douglas-fir,Catacount,Cache la Poudre
5964,2476,142,6,277,42,671,229,239,143,1298,Douglas-fir,Vanet,Cache la Poudre
5965,2473,104,9,270,39,661,236,229,124,1350,Douglas-fir,Vanet,Cache la Poudre
5966,2392,87,22,85,30,702,246,197,68,1527,Douglas-fir,Vanet,Cache la Poudre
5967,2378,83,22,60,16,713,244,197,72,1549,Douglas-fir,Vanet,Cache la Poudre
5968,2364,0,2,0,0,738,216,235,156,1567,Cottonwood/Willow,Catacount,Cache la Poudre
5969,2398,308,8,295,54,912,198,235,177,1516,Douglas-fir,Catacount,Cache la Poudre
5970,2415,341,11,437,71,918,197,224,165,1384,Douglas-fir,Catacount,Cache la Poudre
5971,2414,50,4,624,94,713,222,231,145,1207,Douglas-fir,Vanet,Cache la Poudre
5972,2400,117,13,417,106,485,242,227,112,1019,Ponderosa Pine,Haploborolis,Cache la Poudre
5973,2312,111,26,234,61,300,253,202,59,876,Ponderosa Pine,Haploborolis,Cache la Poudre
5974,3364,358,6,182,65,4179,211,229,156,3880,Krummholz,Cryorthents,Rawah
5975,3154,144,16,190,49,1019,241,235,118,2101,Spruce_Fir,Legault,Rawah
5976,2963,63,10,108,14,1825,229,220,123,120,Lodgepole Pine,Catacount,Comanche Peak
5977,3023,10,7,511,95,3104,213,227,151,713,Lodgepole Pine,Catacount,Comanche Peak
5978,2348,108,12,228,41,1019,241,225,112,987,Ponderosa Pine,Haploborolis,Cache la Poudre
5979,2316,110,16,150,29,1165,245,221,100,992,Ponderosa Pine,Haploborolis,Cache la Poudre
5980,2311,292,23,90,30,1430,149,228,216,722,Douglas-fir,Catacount,Cache la Poudre
5981,2365,267,23,42,6,1355,155,242,222,365,Douglas-fir,Catacount,Cache la Poudre
5982,2419,331,16,212,-1,1087,180,218,177,108,Douglas-fir,Catacount,Cache la Poudre
5983,2459,233,12,170,9,908,199,251,188,108,Douglas-fir,Vanet,Cache la Poudre
5984,2467,212,6,134,17,849,215,246,168,162,Douglas-fir,Vanet,Cache la Poudre
5985,2445,111,21,95,23,730,250,213,81,277,Ponderosa Pine,Cathedral,Cache la Poudre
5986,2351,63,13,0,0,495,231,214,113,514,Cottonwood/Willow,Vanet,Cache la Poudre
5987,2536,339,3,324,53,153,212,234,160,1890,Ponderosa Pine,Vanet,Cache la Poudre
5988,2512,113,5,30,0,255,230,234,138,1655,Douglas-fir,Vanet,Cache la Poudre
5989,2505,321,3,30,-4,324,211,236,164,1622,Douglas-fir,Vanet,Cache la Poudre
5990,2447,301,18,210,95,685,168,229,201,1187,Douglas-fir,Vanet,Cache la Poudre
5991,2367,57,16,0,0,760,229,203,102,1114,Cottonwood/Willow,Catacount,Cache la Poudre
5992,2361,29,19,0,0,765,210,195,115,1116,Cottonwood/Willow,Catacount,Cache la Poudre
5993,2470,190,8,240,36,633,220,247,160,1357,Douglas-fir,Vanet,Cache la Poudre
5994,2367,356,7,0,0,711,209,227,157,1537,Cottonwood/Willow,Catacount,Cache la Poudre
5995,2425,0,11,503,81,853,204,220,153,1348,Douglas-fir,Catacount,Cache la Poudre
5996,2373,130,27,350,79,418,252,213,69,997,Ponderosa Pine,Haploborolis,Cache la Poudre
5997,2361,129,28,323,67,390,252,210,64,977,Ponderosa Pine,Haploborolis,Cache la Poudre
5998,3376,16,4,218,-1,4357,216,231,152,3952,Krummholz,Cryorthents,Rawah
5999,3064,351,19,42,17,2118,183,205,157,3310,Spruce_Fir,Leighcan,Rawah
6000,2881,4,7,30,4,2483,211,227,153,234,Spruce_Fir,Cryaquolis,Comanche Peak
6001,2349,74,14,201,42,1012,236,212,104,977,Ponderosa Pine,Haploborolis,Cache la Poudre
6002,2356,350,23,30,10,1448,173,196,157,459,Douglas-fir,Catacount,Cache la Poudre
6003,2401,264,18,67,23,1269,171,246,211,285,Douglas-fir,Catacount,Cache la Poudre
6004,2428,349,15,150,22,1150,191,213,160,175,Douglas-fir,Vanet,Cache la Poudre
6005,2427,353,18,170,6,1120,187,207,156,150,Douglas-fir,Vanet,Cache la Poudre
6006,2375,86,16,0,0,589,242,211,95,430,Cottonwood/Willow,Cathedral,Cache la Poudre
6007,2494,21,7,306,51,67,216,226,147,1716,Ponderosa Pine,Vanet,Cache la Poudre
6008,2531,96,9,297,48,120,234,228,125,1880,Ponderosa Pine,Vanet,Cache la Poudre
6009,2526,126,2,258,43,95,223,237,151,1848,Cottonwood/Willow,Vanet,Cache la Poudre
6010,2517,84,6,67,5,212,229,229,133,1694,Douglas-fir,Vanet,Cache la Poudre
6011,2388,65,21,0,0,722,234,193,81,1140,Cottonwood/Willow,Catacount,Cache la Poudre
6012,2379,39,17,0,0,726,218,199,111,1142,Cottonwood/Willow,Catacount,Cache la Poudre
6013,2376,21,20,30,2,730,203,193,121,1144,Douglas-fir,Catacount,Cache la Poudre
6014,2378,308,20,108,39,769,161,224,201,1165,Douglas-fir,Catacount,Cache la Poudre
6015,2465,169,10,212,31,607,228,244,148,1365,Douglas-fir,Vanet,Cache la Poudre
6016,2373,336,10,0,0,685,197,226,168,1507,Cottonwood/Willow,Catacount,Cache la Poudre
6017,2376,340,13,30,9,700,191,220,168,1511,Douglas-fir,Catacount,Cache la Poudre
6018,2383,328,20,90,18,732,169,213,182,1519,Douglas-fir,Catacount,Cache la Poudre
6019,2401,334,18,180,52,787,176,214,175,1536,Douglas-fir,Catacount,Cache la Poudre
6020,2424,328,17,360,80,914,177,218,179,1492,Douglas-fir,Catacount,Cache la Poudre
6021,3238,297,25,481,95,1840,142,222,217,3276,Spruce_Fir,Legault,Rawah
6022,3309,357,14,306,82,1697,197,213,153,2821,Spruce_Fir,Leighcan,Rawah
6023,2889,299,12,30,8,2525,186,235,189,170,Spruce_Fir,Cryaquolis,Comanche Peak
6024,2408,105,17,283,110,859,247,216,91,825,Ponderosa Pine,Haploborolis,Cache la Poudre
6025,2286,71,17,0,0,1332,236,205,95,819,Cottonwood/Willow,Cryaquolis,Cache la Poudre
6026,2352,327,17,153,71,1511,176,218,181,641,Douglas-fir,Catacount,Cache la Poudre
6027,2363,345,23,95,28,1511,168,196,162,524,Douglas-fir,Catacount,Cache la Poudre
6028,2387,277,17,30,9,1302,173,241,207,323,Douglas-fir,Catacount,Cache la Poudre
6029,2441,282,10,190,-8,977,191,241,189,124,Douglas-fir,Vanet,Cache la Poudre
6030,2400,68,19,0,0,655,236,198,86,379,Cottonwood/Willow,Cathedral,Cache la Poudre
6031,2390,55,21,0,0,626,228,190,85,408,Cottonwood/Willow,Cathedral,Cache la Poudre
6032,2498,324,2,335,55,42,214,236,160,1698,Ponderosa Pine,Vanet,Cache la Poudre
6033,2524,24,3,283,41,67,218,233,152,1873,Cottonwood/Willow,Vanet,Cache la Poudre
6034,2393,49,19,0,0,693,224,195,97,1170,Cottonwood/Willow,Catacount,Cache la Poudre
6035,2383,7,22,85,22,721,188,192,135,1184,Douglas-fir,Catacount,Cache la Poudre
6036,2406,329,18,153,45,745,173,215,180,1500,Douglas-fir,Catacount,Cache la Poudre
6037,2436,344,15,391,92,918,188,214,164,1482,Douglas-fir,Catacount,Cache la Poudre
6038,2431,45,12,601,87,755,223,214,124,1308,Douglas-fir,Catacount,Cache la Poudre
6039,2273,101,21,134,22,201,249,207,76,916,Ponderosa Pine,Haploborolis,Cache la Poudre
6040,3377,26,10,295,0,4325,215,218,138,3869,Krummholz,Cryorthents,Rawah
6041,3376,1,11,295,77,4298,205,220,152,3852,Krummholz,Cryorthents,Rawah
6042,3318,8,15,408,91,1761,202,209,143,3004,Spruce_Fir,Leighcan,Rawah
6043,2886,20,6,30,1,2458,216,227,148,201,Spruce_Fir,Cryaquolis,Comanche Peak
6044,2385,357,25,42,14,1426,173,186,144,446,Douglas-fir,Catacount,Cache la Poudre
6045,2409,283,18,42,3,1248,166,238,210,283,Douglas-fir,Catacount,Cache la Poudre
6046,2449,4,15,175,11,1071,199,210,147,162,Douglas-fir,Vanet,Cache la Poudre
6047,2414,45,19,0,0,690,221,195,100,362,Cottonwood/Willow,Cathedral,Cache la Poudre
6048,2409,36,23,0,0,660,212,184,98,390,Ponderosa Pine,Cathedral,Cache la Poudre
6049,2535,273,4,331,31,60,209,241,170,1998,Ponderosa Pine,Vanet,Cache la Poudre
6050,2409,64,20,0,0,661,234,196,86,1200,Cottonwood/Willow,Catacount,Cache la Poudre
6051,2466,315,16,247,14,649,175,225,190,1292,Douglas-fir,Catacount,Cache la Poudre
6052,2407,104,16,85,23,569,245,218,98,1440,Douglas-fir,Vanet,Cache la Poudre
6053,2413,314,13,162,48,722,185,230,185,1471,Douglas-fir,Catacount,Cache la Poudre
6054,2304,99,20,201,10,277,248,209,80,990,Ponderosa Pine,Haploborolis,Cache la Poudre
6055,2275,75,19,124,8,190,239,201,85,942,Douglas-fir,Haploborolis,Cache la Poudre
6056,3081,344,19,30,14,2105,179,207,165,3248,Spruce_Fir,Leighcan,Rawah
6057,2982,96,15,242,43,350,243,217,99,2072,Lodgepole Pine,Catacount,Comanche Peak
6058,2344,109,11,95,37,1057,239,228,119,1012,Ponderosa Pine,Haploborolis,Cache la Poudre
6059,2406,326,18,0,0,1283,172,217,183,324,Douglas-fir,Catacount,Cache la Poudre
6060,2413,308,20,30,7,1253,161,224,201,300,Douglas-fir,Catacount,Cache la Poudre
6061,2444,295,16,85,6,1165,172,234,201,234,Douglas-fir,Catacount,Cache la Poudre
6062,2455,351,16,180,5,990,191,212,158,182,Douglas-fir,Vanet,Cache la Poudre
6063,2444,75,15,0,0,780,237,210,100,300,Ponderosa Pine,Cathedral,Cache la Poudre
6064,2465,319,21,228,13,642,161,215,192,1310,Douglas-fir,Catacount,Cache la Poudre
6065,2479,33,5,190,35,577,219,229,147,1356,Douglas-fir,Vanet,Cache la Poudre
6066,2381,40,4,0,0,577,220,231,148,1413,Cottonwood/Willow,Vanet,Cache la Poudre
6067,2386,337,10,0,0,592,197,225,167,1415,Cottonwood/Willow,Catacount,Cache la Poudre
6068,2456,14,17,518,112,841,202,202,134,1416,Douglas-fir,Vanet,Cache la Poudre
6069,2960,328,3,127,14,1448,212,236,162,283,Lodgepole Pine,Cryaquolis,Comanche Peak
6070,2388,313,17,170,31,1554,171,224,193,579,Douglas-fir,Catacount,Cache la Poudre
6071,2463,358,16,182,13,990,193,209,152,212,Douglas-fir,Vanet,Cache la Poudre
6072,2519,311,13,382,15,90,183,230,187,1749,Ponderosa Pine,Vanet,Cache la Poudre
6073,2531,327,10,295,27,90,196,229,173,1879,Ponderosa Pine,Vanet,Cache la Poudre
6074,2428,339,23,212,67,671,165,201,171,1289,Douglas-fir,Catacount,Cache la Poudre
6075,2433,328,23,234,79,685,158,207,185,1295,Douglas-fir,Catacount,Cache la Poudre
6076,2439,125,16,90,5,484,245,228,107,1401,Douglas-fir,Vanet,Cache la Poudre
6077,2433,193,12,90,0,480,218,250,164,1392,Douglas-fir,Vanet,Cache la Poudre
6078,2432,147,16,90,2,484,240,236,120,1385,Douglas-fir,Vanet,Cache la Poudre
6079,2384,65,7,0,0,537,227,226,134,1381,Cottonwood/Willow,Vanet,Cache la Poudre
6080,2384,333,10,0,0,551,198,228,169,1383,Cottonwood/Willow,Catacount,Cache la Poudre
6081,2399,292,12,124,28,638,186,238,191,1401,Douglas-fir,Catacount,Cache la Poudre
6082,2468,343,20,466,124,900,176,205,166,1482,Douglas-fir,Vanet,Cache la Poudre
6083,2378,117,15,376,58,510,245,225,105,1189,Douglas-fir,Haploborolis,Cache la Poudre
6084,2965,87,12,95,10,878,238,219,109,153,Lodgepole Pine,Catacount,Comanche Peak
6085,2342,136,18,95,35,992,245,230,107,942,Ponderosa Pine,Haploborolis,Cache la Poudre
6086,2349,262,26,95,41,1471,147,242,228,702,Douglas-fir,Catacount,Cache la Poudre
6087,2418,350,17,85,15,1380,187,209,159,433,Douglas-fir,Catacount,Cache la Poudre
6088,2423,346,20,42,8,1320,177,204,162,384,Douglas-fir,Catacount,Cache la Poudre
6089,2469,345,16,180,31,1050,187,213,164,242,Douglas-fir,Vanet,Cache la Poudre
6090,2472,352,17,210,34,1020,188,208,156,240,Douglas-fir,Vanet,Cache la Poudre
6091,2466,20,15,67,16,841,208,206,132,300,Ponderosa Pine,Vanet,Cache la Poudre
6092,2428,350,21,182,40,607,177,199,157,1302,Douglas-fir,Catacount,Cache la Poudre
6093,2435,340,23,201,56,618,165,199,169,1307,Douglas-fir,Catacount,Cache la Poudre
6094,2476,320,17,192,4,616,173,221,187,1357,Douglas-fir,Catacount,Cache la Poudre
6095,2392,35,13,0,0,497,218,211,126,1350,Cottonwood/Willow,Vanet,Cache la Poudre
6096,2397,335,12,42,13,541,193,224,170,1355,Douglas-fir,Catacount,Cache la Poudre
6097,2419,80,20,484,86,661,242,200,78,1316,Douglas-fir,Catacount,Cache la Poudre
6098,3212,76,21,330,107,1260,240,196,76,2408,Spruce_Fir,Legault,Rawah
6099,2307,146,25,0,0,1080,245,227,95,1027,Ponderosa Pine,Haploborolis,Cache la Poudre
6100,2298,162,19,0,0,1110,235,241,128,1055,Cottonwood/Willow,Haploborolis,Cache la Poudre
6101,2296,187,17,0,0,1170,220,250,158,997,Cottonwood/Willow,Cryaquolis,Cache la Poudre
6102,2302,198,21,30,6,1200,208,253,170,968,Cottonwood/Willow,Haploborolis,Cache la Poudre
6103,2308,194,22,42,12,1230,211,251,164,940,Cottonwood/Willow,Haploborolis,Cache la Poudre
6104,2311,177,20,42,13,1260,226,247,144,911,Cottonwood/Willow,Haploborolis,Cache la Poudre
6105,2301,93,9,0,0,1320,235,226,123,854,Cottonwood/Willow,Haploborolis,Cache la Poudre
6106,2457,321,17,67,19,1172,173,220,186,309,Douglas-fir,Catacount,Cache la Poudre
6107,2431,89,9,30,-2,421,234,225,122,1337,Douglas-fir,Vanet,Cache la Poudre
6108,2422,117,6,30,-4,421,231,234,136,1328,Douglas-fir,Vanet,Cache la Poudre
6109,2410,71,10,0,0,446,231,221,121,1320,Cottonwood/Willow,Vanet,Cache la Poudre
6110,2401,16,16,30,3,470,204,204,133,1320,Cottonwood/Willow,Catacount,Cache la Poudre
6111,2422,257,11,228,49,661,193,247,192,1361,Douglas-fir,Catacount,Cache la Poudre
6112,2469,310,18,400,120,808,168,225,196,1415,Douglas-fir,Vanet,Cache la Poudre
6113,2472,56,18,552,131,812,229,198,95,1448,Douglas-fir,Vanet,Cache la Poudre
6114,3114,106,23,242,83,2737,251,206,71,3065,Spruce_Fir,Legault,Rawah
6115,3087,127,25,192,57,2694,252,214,73,3062,Spruce_Fir,Legault,Rawah
6116,2306,135,21,30,0,1050,247,226,96,994,Cottonwood/Willow,Haploborolis,Cache la Poudre
6117,2295,185,8,30,0,1230,222,246,158,949,Cottonwood/Willow,Cryaquolis,Cache la Poudre
6118,2298,183,12,30,0,1260,223,248,156,920,Cottonwood/Willow,Cryaquolis,Cache la Poudre
6119,2298,174,9,0,0,1290,226,245,152,892,Cottonwood/Willow,Cryaquolis,Cache la Poudre
6120,2302,312,7,0,0,1350,201,235,173,836,Douglas-fir,Cryaquolis,Cache la Poudre
6121,2312,262,21,30,4,1396,164,245,217,780,Douglas-fir,Catacount,Cache la Poudre
6122,2418,291,19,190,30,1473,164,234,209,541,Douglas-fir,Catacount,Cache la Poudre
6123,2460,339,20,67,29,1203,173,207,171,350,Douglas-fir,Catacount,Cache la Poudre
6124,2485,129,6,108,13,531,230,236,139,1398,Douglas-fir,Vanet,Cache la Poudre
6125,2460,133,10,60,8,443,237,235,128,1348,Douglas-fir,Vanet,Cache la Poudre
6126,2457,126,11,60,5,430,238,233,124,1339,Douglas-fir,Vanet,Cache la Poudre
6127,2438,87,9,30,4,400,234,225,123,1318,Cottonwood/Willow,Vanet,Cache la Poudre
6128,2427,41,10,0,0,390,221,218,131,1302,Cottonwood/Willow,Vanet,Cache la Poudre
6129,2414,43,8,0,0,400,222,222,135,1293,Cottonwood/Willow,Vanet,Cache la Poudre
6130,2410,9,16,30,0,430,200,206,140,1290,Douglas-fir,Catacount,Cache la Poudre
6131,2464,290,20,379,103,767,161,233,211,1376,Douglas-fir,Vanet,Cache la Poudre
6132,2485,100,11,552,141,845,238,225,116,1449,Douglas-fir,Vanet,Cache la Poudre
6133,2446,76,21,469,105,726,241,196,75,1401,Douglas-fir,Catacount,Cache la Poudre
6134,2356,30,23,201,36,371,207,185,105,1165,Douglas-fir,Catacount,Cache la Poudre
6135,2284,43,19,0,0,120,220,194,101,1036,Cottonwood/Willow,Pachic Argiborolis,Cache la Poudre
6136,3046,357,5,454,6,3300,212,231,156,934,Lodgepole Pine,Catacount,Comanche Peak
6137,2307,337,17,0,0,1342,181,215,171,847,Douglas-fir,Cryaquolis,Cache la Poudre
6138,2308,338,16,0,0,1355,183,216,170,819,Douglas-fir,Cryaquolis,Cache la Poudre
6139,2380,262,25,108,39,1465,150,243,227,633,Douglas-fir,Catacount,Cache la Poudre
6140,2476,351,18,212,-4,582,184,206,158,1412,Douglas-fir,Catacount,Cache la Poudre
6141,2448,120,8,30,4,390,234,234,132,1302,Cottonwood/Willow,Vanet,Cache la Poudre
6142,2439,34,9,0,0,371,219,221,138,1289,Cottonwood/Willow,Vanet,Cache la Poudre
6143,2416,1,15,150,32,509,197,210,149,1273,Douglas-fir,Catacount,Cache la Poudre
6144,2447,72,18,446,106,730,238,202,88,1421,Douglas-fir,Catacount,Cache la Poudre
6145,2375,23,17,242,43,437,208,202,126,1224,Douglas-fir,Catacount,Cache la Poudre
6146,2980,330,8,134,20,930,201,231,169,127,Lodgepole Pine,Catacount,Comanche Peak
6147,3129,210,15,384,58,283,207,253,178,666,Lodgepole Pine,Catacount,Comanche Peak
6148,2301,122,3,0,0,1022,225,237,147,960,Cottonwood/Willow,Cryaquolis,Cache la Poudre
6149,2311,28,25,30,5,1221,201,176,99,969,Douglas-fir,Catacount,Cache la Poudre
6150,2494,341,16,170,56,1120,184,214,168,371,Douglas-fir,Catacount,Cache la Poudre
6151,2502,353,17,201,52,912,190,209,156,379,Ponderosa Pine,Vanet,Cache la Poudre
6152,2356,96,15,170,21,446,242,218,101,700,Ponderosa Pine,Vanet,Cache la Poudre
6153,2460,88,13,30,8,408,239,218,107,1300,Cottonwood/Willow,Vanet,Cache la Poudre
6154,2452,91,10,0,0,391,236,224,119,1290,Cottonwood/Willow,Vanet,Cache la Poudre
6155,2447,79,5,0,0,376,226,231,139,1282,Cottonwood/Willow,Vanet,Cache la Poudre
6156,2447,13,5,0,0,362,215,229,151,1273,Cottonwood/Willow,Vanet,Cache la Poudre
6157,2448,10,13,30,9,335,206,213,144,1253,Douglas-fir,Catacount,Cache la Poudre
6158,2434,37,10,60,4,331,220,219,133,1239,Douglas-fir,Catacount,Cache la Poudre
6159,2426,5,19,150,34,467,192,199,141,1239,Douglas-fir,Catacount,Cache la Poudre
6160,2425,5,20,170,34,488,190,197,140,1243,Douglas-fir,Catacount,Cache la Poudre
6161,2476,169,2,531,120,875,221,240,155,1382,Douglas-fir,Vanet,Cache la Poudre
6162,2476,69,12,488,132,824,232,217,115,1410,Douglas-fir,Vanet,Cache la Poudre
6163,2427,49,21,366,91,648,224,189,90,1380,Douglas-fir,Catacount,Cache la Poudre
6164,2389,38,14,283,59,503,219,208,120,1284,Douglas-fir,Catacount,Cache la Poudre
6165,2310,95,14,30,11,190,241,219,104,1115,Cottonwood/Willow,Catacount,Cache la Poudre
6166,2303,77,13,0,0,162,236,216,108,1103,Cottonwood/Willow,Pachic Argiborolis,Cache la Poudre
6167,3272,341,21,297,51,2112,170,203,169,3124,Spruce_Fir,Leighcan,Rawah
6168,2986,56,11,300,47,534,227,217,122,2118,Lodgepole Pine,Catacount,Comanche Peak
6169,2314,138,24,42,11,934,248,223,89,870,Ponderosa Pine,Haploborolis,Cache la Poudre
6170,2327,320,30,42,22,1075,130,197,199,962,Douglas-fir,Catacount,Cache la Poudre
6171,2378,270,31,67,25,1416,125,233,238,666,Douglas-fir,Catacount,Cache la Poudre
6172,2466,312,16,175,35,1362,174,226,192,511,Douglas-fir,Catacount,Cache la Poudre
6173,2503,351,18,192,72,1124,186,207,158,400,Douglas-fir,Catacount,Cache la Poudre
6174,2510,355,15,258,72,1036,193,211,155,390,Douglas-fir,Vanet,Cache la Poudre
6175,2460,63,12,0,0,384,230,216,117,1271,Cottonwood/Willow,Vanet,Cache la Poudre
6176,2452,20,12,60,8,306,211,213,137,1224,Douglas-fir,Catacount,Cache la Poudre
6177,2438,352,11,90,8,306,200,221,159,1206,Douglas-fir,Catacount,Cache la Poudre
6178,2426,67,17,324,90,626,235,205,97,1383,Douglas-fir,Catacount,Cache la Poudre
6179,2401,85,13,283,68,541,239,217,106,1326,Douglas-fir,Catacount,Cache la Poudre
6180,2307,87,10,0,0,201,236,223,118,1142,Cottonwood/Willow,Pachic Argiborolis,Cache la Poudre
6181,3101,313,9,150,-1,2388,196,233,177,2984,Spruce_Fir,Leighcan,Rawah
6182,3034,49,4,360,11,2912,222,230,144,1332,Lodgepole Pine,Catacount,Comanche Peak
6183,3134,112,18,339,80,437,248,217,90,607,Lodgepole Pine,Catacount,Comanche Peak
6184,2323,35,22,0,0,466,212,186,101,391,Ponderosa Pine,Cryaquolis,Cache la Poudre
6185,2317,322,28,30,18,1008,138,199,195,930,Douglas-fir,Catacount,Cache la Poudre
6186,2356,341,24,67,30,1291,162,196,168,834,Douglas-fir,Catacount,Cache la Poudre
6187,2397,269,31,85,25,1410,124,233,238,661,Douglas-fir,Catacount,Cache la Poudre
6188,2415,270,29,108,43,1429,131,235,235,638,Douglas-fir,Catacount,Cache la Poudre
6189,2504,330,14,182,73,1218,185,222,176,457,Douglas-fir,Vanet,Cache la Poudre
6190,2517,7,17,283,67,983,198,205,142,424,Ponderosa Pine,Vanet,Cache la Poudre
6191,2470,66,8,0,0,404,229,224,128,1265,Cottonwood/Willow,Vanet,Cache la Poudre
6192,2460,353,15,60,8,309,193,213,157,1216,Douglas-fir,Catacount,Cache la Poudre
6193,2452,333,19,120,25,295,174,213,176,1172,Douglas-fir,Catacount,Cache la Poudre
6194,2416,118,19,283,80,607,249,219,91,1387,Douglas-fir,Cathedral,Cache la Poudre
6195,2397,111,11,256,61,552,240,228,117,1350,Douglas-fir,Cathedral,Cache la Poudre
6196,2314,99,11,0,0,242,238,225,117,1182,Cottonwood/Willow,Cathedral,Cache la Poudre
6197,3237,120,36,351,41,3127,253,185,26,2965,Spruce_Fir,Leighcan,Rawah
6198,2908,229,5,0,0,2353,212,245,169,277,Spruce_Fir,Cryaquolis,Comanche Peak
6199,3100,120,10,216,48,437,238,232,124,633,Lodgepole Pine,Leighcan,Comanche Peak
6200,2316,33,14,0,0,532,216,208,124,454,Cottonwood/Willow,Cryaquolis,Cache la Poudre
6201,2305,131,11,0,0,890,238,234,126,842,Cottonwood/Willow,Haploborolis,Cache la Poudre
6202,2304,330,9,0,0,916,199,229,170,872,Cottonwood/Willow,Cryaquolis,Cache la Poudre
6203,2512,321,13,218,81,1194,186,227,180,474,Douglas-fir,Vanet,Cache la Poudre
6204,2440,101,28,272,74,730,253,190,46,558,Ponderosa Pine,Cathedral,Cache la Poudre
6205,2378,93,16,190,29,582,243,214,96,658,Ponderosa Pine,Cathedral,Cache la Poudre
6206,2356,100,13,127,12,495,241,222,109,726,Ponderosa Pine,Vanet,Cache la Poudre
6207,2476,85,3,0,0,433,223,234,147,1261,Cottonwood/Willow,Vanet,Cache la Poudre
6208,2474,6,15,60,6,319,200,209,144,1205,Douglas-fir,Catacount,Cache la Poudre
6209,2465,343,17,150,38,283,182,211,166,1140,Douglas-fir,Catacount,Cache la Poudre
6210,2466,0,18,153,42,300,190,203,147,1140,Douglas-fir,Catacount,Cache la Poudre
6211,2451,16,17,212,39,384,203,202,132,1146,Douglas-fir,Catacount,Cache la Poudre
6212,2454,32,16,258,56,458,215,204,121,1159,Douglas-fir,Catacount,Cache la Poudre
6213,2451,12,18,319,67,537,200,202,135,1179,Douglas-fir,Catacount,Cache la Poudre
6214,2446,19,19,339,62,564,203,198,127,1187,Douglas-fir,Catacount,Cache la Poudre
6215,2444,347,16,382,58,618,188,212,162,1205,Douglas-fir,Catacount,Cache la Poudre
6216,2450,313,10,426,77,674,193,233,179,1226,Douglas-fir,Catacount,Cache la Poudre
6217,2427,135,20,297,86,674,247,227,100,1434,Douglas-fir,Cathedral,Cache la Poudre
6218,2367,131,20,134,35,418,248,225,96,1291,Douglas-fir,Cathedral,Cache la Poudre
6219,2320,74,18,0,0,283,238,204,91,1222,Cottonwood/Willow,Cathedral,Cache la Poudre
6220,2311,53,10,0,0,258,226,219,127,1209,Cottonwood/Willow,Pachic Argiborolis,Cache la Poudre
6221,3047,74,12,120,5,706,234,217,114,1934,Spruce_Fir,Legault,Rawah
6222,2913,120,13,190,19,792,242,229,114,2489,Lodgepole Pine,Catacount,Comanche Peak
6223,2861,143,9,30,-3,1050,233,238,136,2400,Lodgepole Pine,Cryaquolis,Comanche Peak
6224,2305,137,9,0,0,849,234,237,134,815,Cottonwood/Willow,Cryaquolis,Cache la Poudre
6225,2335,328,31,42,24,953,129,187,188,871,Douglas-fir,Catacount,Cache la Poudre
6226,2381,287,22,30,9,1345,152,232,218,722,Douglas-fir,Catacount,Cache la Poudre
6227,2463,261,19,127,52,1406,169,246,213,600,Douglas-fir,Catacount,Cache la Poudre
6228,2400,94,20,192,34,648,247,205,78,638,Ponderosa Pine,Cathedral,Cache la Poudre
6229,2481,59,8,0,0,443,227,223,130,1248,Cottonwood/Willow,Vanet,Cache la Poudre
6230,2479,2,7,0,0,417,210,226,154,1234,Cottonwood/Willow,Vanet,Cache la Poudre
6231,2459,315,14,180,20,228,181,228,186,1114,Douglas-fir,Catacount,Cache la Poudre
6232,2464,225,11,458,108,836,205,250,181,1276,Douglas-fir,Vanet,Cache la Poudre
6233,2470,203,6,433,114,864,217,246,164,1291,Douglas-fir,Vanet,Cache la Poudre
6234,2326,57,16,0,0,300,229,203,102,1249,Cottonwood/Willow,Pachic Argiborolis,Cache la Poudre
6235,2938,72,32,42,-8,430,237,163,32,1678,Spruce_Fir,Legault,Rawah
6236,2910,356,8,42,2,2308,208,226,156,342,Spruce_Fir,Cryaquolis,Comanche Peak
6237,3124,266,12,408,70,470,190,245,194,914,Lodgepole Pine,Catacount,Comanche Peak
6238,2351,46,24,42,23,524,219,179,82,437,Douglas-fir,Catacount,Cache la Poudre
6239,2332,46,20,30,9,1140,222,192,97,874,Douglas-fir,Catacount,Cache la Poudre
6240,2343,253,20,42,10,1183,171,249,213,902,Douglas-fir,Catacount,Cache la Poudre
6241,2384,20,22,30,12,1284,199,189,119,787,Douglas-fir,Catacount,Cache la Poudre
6242,2530,315,15,285,99,1179,180,227,187,524,Douglas-fir,Vanet,Cache la Poudre
6243,2468,354,11,342,70,485,201,220,157,1113,Douglas-fir,Catacount,Cache la Poudre
6244,2464,357,14,382,73,541,197,213,153,1129,Douglas-fir,Catacount,Cache la Poudre
6245,2465,132,13,391,109,864,241,233,119,1282,Douglas-fir,Vanet,Cache la Poudre
6246,2349,129,20,108,19,443,248,225,96,1343,Douglas-fir,Cathedral,Cache la Poudre
6247,2332,90,9,0,0,319,234,226,123,1276,Cottonwood/Willow,Pachic Argiborolis,Cache la Poudre
6248,2322,356,6,60,2,277,210,229,157,1254,Douglas-fir,Catacount,Cache la Poudre
6249,3302,100,24,323,104,1723,251,201,65,2914,Spruce_Fir,Leighcan,Rawah
6250,2304,132,6,0,0,767,229,237,141,765,Cottonwood/Willow,Cryaquolis,Cache la Poudre
6251,2472,241,24,150,52,1361,168,251,214,618,Douglas-fir,Catacount,Cache la Poudre
6252,2518,277,20,242,91,1245,163,239,214,569,Douglas-fir,Catacount,Cache la Poudre
6253,2529,287,17,268,102,1216,169,236,207,560,Douglas-fir,Vanet,Cache la Poudre
6254,2459,280,4,485,103,759,208,240,170,1195,Douglas-fir,Vanet,Cache la Poudre
6255,2460,196,6,430,104,816,219,245,162,1224,Douglas-fir,Vanet,Cache la Poudre
6256,2460,174,12,402,104,845,227,246,150,1240,Douglas-fir,Vanet,Cache la Poudre
6257,2416,125,15,255,60,731,244,228,109,1345,Douglas-fir,Cathedral,Cache la Poudre
6258,2411,126,17,234,67,702,246,226,103,1364,Douglas-fir,Cathedral,Cache la Poudre
6259,2401,131,18,212,57,674,246,228,104,1383,Douglas-fir,Cathedral,Cache la Poudre
6260,2368,121,20,124,32,537,250,219,89,1415,Douglas-fir,Cathedral,Cache la Poudre
6261,2331,135,3,0,0,361,225,238,148,1316,Cottonwood/Willow,Pachic Argiborolis,Cache la Poudre
6262,2327,347,8,67,1,300,204,227,161,1282,Douglas-fir,Catacount,Cache la Poudre
6263,3226,121,19,242,64,1549,249,221,92,2751,Spruce_Fir,Legault,Rawah
6264,2313,258,10,0,0,600,197,246,188,598,Cottonwood/Willow,Cryaquolis,Cache la Poudre
6265,2351,246,21,30,3,1165,171,251,213,872,Douglas-fir,Catacount,Cache la Poudre
6266,2433,225,24,60,22,1379,181,254,201,691,Douglas-fir,Catacount,Cache la Poudre
6267,2544,288,13,313,117,1165,183,239,195,577,Douglas-fir,Vanet,Cache la Poudre
6268,2552,292,14,342,125,1136,181,237,196,573,Douglas-fir,Vanet,Cache la Poudre
6269,2559,309,10,371,128,1106,193,234,180,571,Douglas-fir,Vanet,Cache la Poudre
6270,2469,90,28,255,71,816,249,184,45,631,Ponderosa Pine,Cathedral,Cache la Poudre
6271,2366,78,14,67,0,591,237,214,105,765,Ponderosa Pine,Vanet,Cache la Poudre
6272,2353,70,7,30,4,510,228,226,132,828,Ponderosa Pine,Vanet,Cache la Poudre
6273,2349,62,8,0,0,484,227,223,130,850,Cottonwood/Willow,Vanet,Cache la Poudre
6274,2455,34,3,503,99,721,219,232,149,1154,Douglas-fir,Vanet,Cache la Poudre
6275,2457,198,2,474,101,750,218,240,158,1168,Douglas-fir,Vanet,Cache la Poudre
6276,2384,126,14,150,43,631,243,229,112,1401,Douglas-fir,Cathedral,Cache la Poudre
6277,2370,128,20,108,29,577,248,224,94,1442,Douglas-fir,Cathedral,Cache la Poudre
6278,2352,121,18,85,16,525,248,222,94,1425,Douglas-fir,Cathedral,Cache la Poudre
6279,2330,76,2,0,0,402,222,235,150,1356,Cottonwood/Willow,Pachic Argiborolis,Cache la Poudre
6280,2328,8,3,0,0,376,216,232,154,1343,Cottonwood/Willow,Pachic Argiborolis,Cache la Poudre
6281,3093,315,31,234,63,2689,126,199,206,2770,Spruce_Fir,Leighcan,Rawah
6282,2318,306,13,0,0,582,182,232,189,607,Cottonwood/Willow,Cryaquolis,Cache la Poudre
6283,2309,103,9,0,0,685,236,228,122,721,Cottonwood/Willow,Cryaquolis,Cache la Poudre
6284,2321,319,29,30,15,738,133,199,199,779,Douglas-fir,Catacount,Cache la Poudre
6285,2385,8,12,175,80,953,206,216,147,751,Douglas-fir,Catacount,Cache la Poudre
6286,2413,2,21,30,11,1294,185,194,141,768,Douglas-fir,Catacount,Cache la Poudre
6287,2485,252,26,162,58,1318,152,247,225,646,Douglas-fir,Catacount,Cache la Poudre
6288,2538,261,17,277,111,1201,177,247,207,612,Douglas-fir,Vanet,Cache la Poudre
6289,2546,269,14,306,119,1172,182,244,201,607,Douglas-fir,Vanet,Cache la Poudre
6290,2515,92,25,268,72,911,249,191,55,626,Ponderosa Pine,Cathedral,Cache la Poudre
6291,2359,57,8,30,3,551,226,223,132,828,Cottonwood/Willow,Vanet,Cache la Poudre
6292,2356,50,7,0,0,525,224,224,135,849,Cottonwood/Willow,Vanet,Cache la Poudre
6293,2480,13,9,469,82,541,212,222,148,1053,Douglas-fir,Vanet,Cache la Poudre
6294,2456,111,4,466,100,742,227,235,143,1142,Douglas-fir,Vanet,Cache la Poudre
6295,2339,83,4,30,6,443,225,233,143,1409,Douglas-fir,Cathedral,Cache la Poudre
6296,2333,70,7,0,0,417,228,226,132,1396,Cottonwood/Willow,Pachic Argiborolis,Cache la Poudre
6297,2336,1,9,42,8,335,207,223,153,1359,Douglas-fir,Catacount,Cache la Poudre
6298,3109,132,14,242,55,641,242,232,116,815,Lodgepole Pine,Catacount,Comanche Peak
6299,2952,161,14,480,114,725,233,243,137,2167,Aspen,Catacount,Comanche Peak
6300,2362,81,21,95,41,446,243,197,73,484,Douglas-fir,Catacount,Cache la Poudre
6301,2326,281,13,30,10,566,183,241,197,618,Cottonwood/Willow,Haploborolis,Cache la Poudre
6302,2314,121,15,0,0,644,244,227,107,702,Cottonwood/Willow,Cryaquolis,Cache la Poudre
6303,2390,0,12,201,83,942,203,218,152,721,Douglas-fir,Catacount,Cache la Poudre
6304,2388,19,21,108,52,1020,199,189,120,750,Douglas-fir,Catacount,Cache la Poudre
6305,2429,8,22,30,16,1273,189,190,133,792,Douglas-fir,Catacount,Cache la Poudre
6306,2471,83,24,201,55,836,245,189,60,685,Ponderosa Pine,Cathedral,Cache la Poudre
6307,2481,50,13,531,89,589,225,212,119,1048,Douglas-fir,Vanet,Cache la Poudre
6308,2452,99,10,430,96,765,236,227,121,1132,Douglas-fir,Vanet,Cache la Poudre
6309,2439,128,8,371,83,824,234,235,132,1165,Douglas-fir,Vanet,Cache la Poudre
6310,2422,110,15,256,66,800,244,222,103,1237,Douglas-fir,Vanet,Cache la Poudre
6311,2398,77,12,150,42,684,235,217,112,1316,Douglas-fir,Vanet,Cache la Poudre
6312,2373,108,20,85,29,598,249,214,84,1379,Douglas-fir,Cathedral,Cache la Poudre
6313,2338,61,2,0,0,430,221,234,149,1436,Cottonwood/Willow,Pachic Argiborolis,Cache la Poudre
6314,2335,41,5,0,0,402,221,228,143,1423,Cottonwood/Willow,Pachic Argiborolis,Cache la Poudre
6315,2337,13,4,134,5,242,215,231,152,1357,Douglas-fir,Catacount,Cache la Poudre
6316,2954,155,17,450,116,713,238,239,126,2096,Aspen,Catacount,Comanche Peak
6317,2941,143,7,459,103,808,231,239,140,2290,Aspen,Catacount,Comanche Peak
6318,2365,78,23,90,44,426,242,191,66,499,Douglas-fir,Catacount,Cache la Poudre
6319,2314,214,7,0,0,525,214,247,169,604,Cottonwood/Willow,Cryaquolis,Cache la Poudre
6320,2345,307,31,67,36,711,120,204,216,721,Douglas-fir,Catacount,Cache la Poudre
6321,2378,321,20,127,71,792,164,216,190,700,Douglas-fir,Catacount,Cache la Poudre
6322,2396,3,17,216,73,942,195,206,146,696,Douglas-fir,Catacount,Cache la Poudre
6323,2401,353,19,170,65,966,185,205,155,706,Douglas-fir,Catacount,Cache la Poudre
6324,2369,17,28,30,14,1092,185,169,108,793,Douglas-fir,Catacount,Cache la Poudre
6325,2403,248,32,67,24,1189,139,244,231,872,Douglas-fir,Catacount,Cache la Poudre
6326,2440,356,15,42,16,1252,195,212,154,816,Douglas-fir,Catacount,Cache la Poudre
6327,2374,65,14,0,0,633,232,211,109,834,Cottonwood/Willow,Vanet,Cache la Poudre
6328,2368,58,13,0,0,607,229,211,113,853,Cottonwood/Willow,Vanet,Cache la Poudre
6329,2491,45,11,516,81,524,223,216,126,997,Douglas-fir,Vanet,Cache la Poudre
6330,2484,82,9,553,86,582,233,225,124,1020,Douglas-fir,Vanet,Cache la Poudre
6331,2419,120,14,247,63,794,243,227,110,1214,Douglas-fir,Vanet,Cache la Poudre
6332,2409,103,9,190,53,735,236,228,122,1253,Douglas-fir,Vanet,Cache la Poudre
6333,2402,96,11,162,46,706,238,224,115,1273,Douglas-fir,Vanet,Cache la Poudre
6334,2397,102,12,134,41,677,240,224,111,1294,Douglas-fir,Cathedral,Cache la Poudre
6335,2378,108,20,85,22,618,250,213,82,1337,Douglas-fir,Cathedral,Cache la Poudre
6336,2340,32,7,0,0,474,219,224,142,1448,Cottonwood/Willow,Cathedral,Cache la Poudre
6337,2338,11,7,0,0,446,213,225,150,1471,Cottonwood/Willow,Pachic Argiborolis,Cache la Poudre
6338,3170,138,14,60,8,1397,241,234,120,2624,Spruce_Fir,Legault,Rawah
6339,3037,109,19,85,27,778,248,216,88,2028,Spruce_Fir,Legault,Rawah
6340,2941,173,8,421,103,805,225,244,152,2245,Aspen,Catacount,Comanche Peak
6341,2315,92,19,0,0,484,246,207,82,592,Cottonwood/Willow,Cryaquolis,Cache la Poudre
6342,2318,207,10,30,4,537,214,249,170,644,Cottonwood/Willow,Cryaquolis,Cache la Poudre
6343,2328,313,30,42,19,644,127,201,207,713,Douglas-fir,Catacount,Cache la Poudre
6344,2398,333,15,192,94,836,185,220,173,663,Douglas-fir,Catacount,Cache la Poudre
6345,2403,341,14,234,99,882,191,219,167,660,Douglas-fir,Catacount,Cache la Poudre
6346,2406,17,28,95,56,1015,186,171,110,725,Douglas-fir,Catacount,Cache la Poudre
6347,2557,184,10,335,88,1110,223,247,157,690,Lodgepole Pine,Vanet,Cache la Poudre
6348,2495,359,15,492,76,430,197,212,151,940,Douglas-fir,Vanet,Cache la Poudre
6349,2485,89,12,558,75,547,237,221,113,981,Douglas-fir,Vanet,Cache la Poudre
6350,2480,96,11,571,124,607,238,224,115,1006,Douglas-fir,Vanet,Cache la Poudre
6351,2394,125,16,124,38,671,246,226,104,1273,Douglas-fir,Cathedral,Cache la Poudre
6352,3269,63,24,190,31,3692,233,183,70,2852,Spruce_Fir,Leighcan,Rawah
6353,3175,91,14,454,104,376,241,218,104,830,Lodgepole Pine,Catacount,Comanche Peak
6354,3066,124,19,120,12,698,248,222,94,870,Lodgepole Pine,Leighcan,Comanche Peak
6355,2930,186,14,390,92,792,222,249,157,2175,Aspen,Catacount,Comanche Peak
6356,2839,43,11,108,15,834,222,217,128,2501,Spruce_Fir,Catacount,Comanche Peak
6357,2314,2,5,0,0,524,212,229,155,659,Cottonwood/Willow,Cryaquolis,Cache la Poudre
6358,2342,314,32,67,26,631,119,196,208,685,Douglas-fir,Catacount,Cache la Poudre
6359,2395,325,20,170,86,769,166,214,185,641,Douglas-fir,Catacount,Cache la Poudre
6360,2420,12,28,124,65,990,180,172,117,698,Douglas-fir,Catacount,Cache la Poudre
6361,2416,18,30,108,61,1008,182,163,103,711,Douglas-fir,Catacount,Cache la Poudre
6362,3036,178,5,134,-8,3093,223,243,155,1276,Lodgepole Pine,Catacount,Comanche Peak
6363,3206,152,11,443,74,319,234,240,136,937,Spruce_Fir,Catacount,Comanche Peak
6364,2981,162,20,319,76,750,235,241,127,1842,Lodgepole Pine,Catacount,Comanche Peak
6365,2923,201,13,360,85,819,214,251,169,2188,Aspen,Catacount,Comanche Peak
6366,2887,90,6,446,8,1020,230,230,134,2574,Spruce_Fir,Catacount,Comanche Peak
6367,2432,357,20,234,89,886,184,199,149,618,Douglas-fir,Catacount,Cache la Poudre
6368,2436,9,29,150,81,966,175,170,120,671,Douglas-fir,Catacount,Cache la Poudre
6369,2432,71,25,60,-10,808,238,183,61,832,Ponderosa Pine,Cathedral,Cache la Poudre
6370,2398,58,19,0,0,732,230,197,92,875,Cottonwood/Willow,Cathedral,Cache la Poudre
6371,2391,62,16,0,0,708,232,205,101,886,Cottonwood/Willow,Cathedral,Cache la Poudre
6372,3387,63,1,335,105,2148,220,236,153,2790,Spruce_Fir,Cryorthents,Rawah
6373,3141,124,16,351,70,484,245,227,106,708,Spruce_Fir,Catacount,Comanche Peak
6374,3118,113,14,268,47,481,243,226,109,659,Spruce_Fir,Catacount,Comanche Peak
6375,2915,179,16,330,77,836,225,248,151,2173,Aspen,Catacount,Comanche Peak
6376,2707,28,5,240,8,30,218,230,148,708,Aspen,Cryaquolis,Comanche Peak
6377,2701,100,4,120,2,85,227,234,142,785,Aspen,Catacount,Comanche Peak
6378,2693,114,5,30,0,60,228,235,141,850,Aspen,Catacount,Comanche Peak
6379,2434,340,20,319,98,819,174,207,170,573,Douglas-fir,Catacount,Cache la Poudre
6380,2454,350,26,190,99,924,165,188,154,631,Douglas-fir,Catacount,Cache la Poudre
6381,2439,33,25,90,64,999,206,176,94,691,Douglas-fir,Catacount,Cache la Poudre
6382,2407,53,22,0,0,750,226,187,84,900,Cottonwood/Willow,Cathedral,Cache la Poudre
6383,2977,96,7,362,37,1978,232,229,129,745,Spruce_Fir,Catacount,Comanche Peak
6384,3030,108,5,95,7,3043,228,234,141,1356,Spruce_Fir,Catacount,Comanche Peak
6385,3050,65,15,67,1,552,233,209,105,540,Lodgepole Pine,Catacount,Comanche Peak
6386,2906,170,18,300,68,854,230,245,140,2160,Aspen,Catacount,Comanche Peak
6387,2881,33,8,446,23,1132,219,222,139,2707,Spruce_Fir,Catacount,Comanche Peak
6388,2710,24,6,272,11,30,217,227,147,716,Aspen,Cryaquolis,Comanche Peak
6389,2708,34,5,212,9,67,219,228,145,750,Aspen,Cryaquolis,Comanche Peak
6390,2447,53,23,95,57,977,226,185,82,666,Douglas-fir,Catacount,Cache la Poudre
6391,2414,274,25,30,16,1084,146,237,226,764,Douglas-fir,Catacount,Cache la Poudre
6392,2431,269,26,60,33,1106,143,239,229,785,Douglas-fir,Catacount,Cache la Poudre
6393,2507,66,23,95,38,967,235,188,74,837,Ponderosa Pine,Catacount,Cache la Poudre
6394,2404,50,21,42,-2,745,224,189,89,864,Ponderosa Pine,Catacount,Cache la Poudre
6395,3338,9,24,134,45,2542,185,184,129,2644,Spruce_Fir,Leighcan,Rawah
6396,3190,115,9,492,58,382,236,232,127,882,Spruce_Fir,Catacount,Comanche Peak
6397,2899,188,16,270,61,892,220,250,159,2201,Aspen,Catacount,Comanche Peak
6398,2696,55,8,85,5,120,225,223,132,870,Aspen,Catacount,Comanche Peak
6399,2379,267,24,42,8,589,153,241,224,577,Douglas-fir,Catacount,Cache la Poudre
6400,2458,60,23,0,0,882,231,187,77,902,Cottonwood/Willow,Cathedral,Cache la Poudre
6401,3076,123,18,134,21,3294,247,224,98,2520,Spruce_Fir,Legault,Rawah
6402,2844,66,21,108,49,127,235,192,78,1237,Spruce_Fir,Legault,Rawah
6403,2978,128,16,127,-1,883,245,228,108,1464,Lodgepole Pine,Catacount,Comanche Peak
6404,2929,159,15,285,59,872,235,242,133,2007,Lodgepole Pine,Catacount,Comanche Peak
6405,2718,24,8,285,19,85,216,222,143,767,Aspen,Cryaquolis,Comanche Peak
6406,2716,26,8,256,17,95,216,222,142,782,Aspen,Catacount,Comanche Peak
6407,2713,32,8,201,14,127,219,224,141,816,Aspen,Catacount,Comanche Peak
6408,2704,47,9,127,13,153,224,220,130,872,Aspen,Catacount,Comanche Peak
6409,2400,32,31,85,53,408,196,157,78,658,Douglas-fir,Catacount,Cache la Poudre
6410,2379,17,32,30,20,495,177,156,99,600,Douglas-fir,Catacount,Cache la Poudre
6411,2473,2,20,285,45,799,187,197,143,513,Douglas-fir,Catacount,Cache la Poudre
6412,2486,31,15,175,58,872,215,206,124,566,Douglas-fir,Catacount,Cache la Poudre
6413,2410,45,10,0,0,1022,223,219,130,700,Douglas-fir,Catacount,Cache la Poudre
6414,3157,307,27,120,35,2971,138,213,211,2467,Spruce_Fir,Leighcan,Rawah
6415,3027,25,11,324,55,2271,215,216,137,2144,Spruce_Fir,Catacount,Comanche Peak
6416,2884,157,14,210,46,940,235,241,134,2203,Aspen,Catacount,Comanche Peak
6417,2731,26,7,495,32,30,217,225,144,713,Aspen,Catacount,Comanche Peak
6418,2724,18,7,351,25,67,215,226,148,765,Aspen,Cryaquolis,Comanche Peak
6419,2723,21,6,323,24,85,216,227,148,778,Aspen,Catacount,Comanche Peak
6420,2414,30,25,108,67,400,204,178,99,636,Douglas-fir,Vanet,Cache la Poudre
6421,2441,312,20,180,63,655,161,220,198,459,Douglas-fir,Catacount,Cache la Poudre
6422,2448,50,25,85,0,850,222,178,76,895,Ponderosa Pine,Catacount,Cache la Poudre
6423,3078,116,8,201,36,641,235,232,129,430,Spruce_Fir,Catacount,Comanche Peak
6424,2729,27,7,390,30,90,218,225,144,780,Aspen,Catacount,Comanche Peak
6425,2727,39,6,362,28,95,220,227,142,792,Aspen,Catacount,Comanche Peak
6426,2722,58,4,283,23,150,223,230,143,834,Aspen,Catacount,Comanche Peak
6427,2704,76,7,150,15,210,229,227,131,937,Aspen,Catacount,Comanche Peak
6428,2697,82,7,108,10,210,230,228,132,977,Aspen,Cryaquolis,Comanche Peak
6429,2688,77,4,60,4,127,226,231,141,1062,Lodgepole Pine,Catacount,Comanche Peak
6430,2406,41,21,67,31,470,217,190,99,553,Douglas-fir,Catacount,Cache la Poudre
6431,2449,300,20,180,71,626,160,227,206,430,Douglas-fir,Catacount,Cache la Poudre
6432,2496,327,22,360,118,700,162,210,185,430,Douglas-fir,Catacount,Cache la Poudre
6433,2538,268,7,212,37,1127,202,243,179,930,Lodgepole Pine,Vanet,Cache la Poudre
6434,3035,52,3,175,13,1065,221,233,149,752,Lodgepole Pine,Catacount,Comanche Peak
6435,3026,72,12,150,20,3013,233,217,115,1477,Lodgepole Pine,Catacount,Comanche Peak
6436,3022,37,12,309,95,2144,219,214,128,2305,Spruce_Fir,Catacount,Comanche Peak
6437,3020,158,15,134,-5,920,235,241,132,716,Lodgepole Pine,Leighcan,Comanche Peak
6438,2874,6,17,711,144,210,197,205,142,1290,Lodgepole Pine,Catacount,Comanche Peak
6439,2755,43,11,499,34,90,222,216,127,750,Aspen,Cryaquolis,Comanche Peak
6440,2745,38,9,553,29,90,221,221,135,755,Aspen,Catacount,Comanche Peak
6441,2736,30,7,485,37,90,218,226,143,779,Aspen,Catacount,Comanche Peak
6442,2729,57,7,376,30,124,225,226,136,819,Aspen,Catacount,Comanche Peak
6443,2723,90,4,300,28,170,226,233,143,860,Aspen,Catacount,Comanche Peak
6444,2709,62,7,192,20,242,226,226,134,942,Aspen,Catacount,Comanche Peak
6445,2415,51,18,85,38,457,226,198,100,531,Douglas-fir,Catacount,Cache la Poudre
6446,2452,284,20,180,74,598,162,236,213,400,Douglas-fir,Catacount,Cache la Poudre
6447,2420,57,23,201,-11,805,228,184,76,765,Ponderosa Pine,Catacount,Cache la Poudre
6448,3116,130,22,30,-6,3544,249,222,89,2452,Spruce_Fir,Legault,Rawah
6449,2943,67,23,324,143,342,235,188,73,1368,Spruce_Fir,Legault,Rawah
6450,2964,274,12,0,0,2644,187,243,195,779,Spruce_Fir,Catacount,Comanche Peak
6451,2771,49,9,474,37,120,224,220,129,785,Aspen,Cryaquolis,Comanche Peak
6452,2748,36,8,576,29,120,220,221,137,785,Aspen,Catacount,Comanche Peak
6453,2731,60,8,391,32,153,226,224,132,847,Aspen,Catacount,Comanche Peak
6454,2720,72,5,297,29,212,225,231,141,900,Aspen,Catacount,Comanche Peak
6455,2432,260,19,120,54,552,170,247,213,390,Douglas-fir,Catacount,Cache la Poudre
6456,3385,324,31,255,31,2816,127,189,193,2416,Spruce_Fir,Leighcan,Rawah
6457,3316,40,15,134,34,1956,220,206,117,2659,Spruce_Fir,Leighcan,Rawah
6458,3020,57,23,450,21,537,229,185,78,1565,Spruce_Fir,Legault,Rawah
6459,3030,306,10,108,11,1296,191,234,183,924,Lodgepole Pine,Leighcan,Comanche Peak
6460,2988,135,8,272,52,2073,233,237,135,859,Lodgepole Pine,Catacount,Comanche Peak
6461,2860,178,19,108,35,1115,225,247,147,2419,Aspen,Catacount,Comanche Peak
6462,2777,62,10,484,43,150,229,218,121,819,Aspen,Cryaquolis,Comanche Peak
6463,2771,43,9,516,37,150,222,220,133,812,Aspen,Catacount,Comanche Peak
6464,2750,22,10,591,51,150,214,218,140,819,Aspen,Catacount,Comanche Peak
6465,2722,48,6,319,31,234,222,227,140,927,Aspen,Catacount,Comanche Peak
6466,2719,61,6,297,30,255,225,228,137,942,Aspen,Catacount,Comanche Peak
6467,2702,67,9,190,18,277,229,222,125,1045,Aspen,Catacount,Comanche Peak
6468,2397,17,8,0,0,474,214,223,146,426,Douglas-fir,Catacount,Cache la Poudre
6469,2489,257,23,255,74,577,160,246,220,330,Douglas-fir,Catacount,Cache la Poudre
6470,3383,307,39,192,65,2881,90,186,222,2372,Spruce_Fir,Leighcan,Rawah
6471,2955,325,13,90,12,2492,187,225,178,812,Lodgepole Pine,Catacount,Comanche Peak
6472,3024,340,10,180,25,2889,198,225,166,1652,Lodgepole Pine,Catacount,Comanche Peak
6473,2970,79,15,67,8,1950,239,211,99,2561,Spruce_Fir,Cryaquolis,Comanche Peak
6474,2859,310,16,738,127,150,175,228,192,1590,Lodgepole Pine,Catacount,Comanche Peak
6475,2777,36,9,525,43,180,220,221,136,845,Aspen,Catacount,Comanche Peak
6476,2767,40,11,576,33,180,221,216,128,840,Aspen,Catacount,Comanche Peak
6477,2756,17,13,604,57,180,208,212,139,849,Aspen,Catacount,Comanche Peak
6478,2423,55,26,297,60,698,225,174,66,693,Ponderosa Pine,Catacount,Cache la Poudre
6479,3065,335,7,30,4,3378,205,231,165,2296,Spruce_Fir,Cryaquolis,Rawah
6480,3092,11,24,42,8,1155,186,183,125,2207,Spruce_Fir,Legault,Rawah
6481,3024,246,8,42,4,1261,205,246,179,957,Lodgepole Pine,Catacount,Comanche Peak
6482,3057,328,9,295,68,2581,198,230,171,1959,Lodgepole Pine,Catacount,Comanche Peak
6483,3025,90,14,247,56,2156,241,216,101,2374,Spruce_Fir,Catacount,Comanche Peak
6484,2802,97,12,120,14,446,239,223,112,2581,Lodgepole Pine,Catacount,Comanche Peak
6485,2768,30,11,618,34,210,216,215,133,871,Aspen,Catacount,Comanche Peak
6486,2711,67,7,268,27,360,228,226,132,1057,Aspen,Catacount,Comanche Peak
6487,2708,73,7,256,24,339,229,226,131,1074,Aspen,Catacount,Comanche Peak
6488,2436,275,19,124,21,474,164,240,214,295,Douglas-fir,Catacount,Cache la Poudre
6489,3448,320,35,212,55,2810,110,183,201,2337,Spruce_Fir,Cryorthents,Rawah
6490,2880,222,19,190,71,1317,194,254,192,2698,Lodgepole Pine,Vanet,Comanche Peak
6491,2886,166,15,270,103,1027,231,244,140,2965,Aspen,Catacount,Comanche Peak
6492,2878,147,16,272,95,938,239,237,123,2974,Lodgepole Pine,Catacount,Comanche Peak
6493,2783,33,8,592,49,240,219,222,139,902,Aspen,Catacount,Comanche Peak
6494,2515,269,18,283,82,553,170,244,211,256,Douglas-fir,Catacount,Cache la Poudre
6495,2526,279,19,309,93,573,166,239,212,268,Douglas-fir,Vanet,Cache la Poudre
6496,3089,152,14,95,17,3675,236,240,131,2316,Spruce_Fir,Legault,Rawah
6497,3269,113,13,576,133,518,242,226,110,1012,Krummholz,Leighcan,Comanche Peak
6498,3035,150,11,0,0,853,235,240,134,218,Spruce_Fir,Cryaquolis,Comanche Peak
6499,2858,146,14,268,77,845,238,237,126,2955,Lodgepole Pine,Catacount,Comanche Peak
6500,2648,158,5,0,0,30,226,241,149,845,Lodgepole Pine,Cryaquolis,Comanche Peak
6501,2332,32,4,30,5,0,219,230,147,771,Ponderosa Pine,Cryaquolis,Cache la Poudre
6502,3487,14,28,390,53,2599,182,172,115,2324,Spruce_Fir,Cryorthents,Rawah
6503,3255,100,16,534,119,553,244,217,98,977,Krummholz,Leighcan,Comanche Peak
6504,2867,169,18,210,84,992,231,244,138,3019,Aspen,Vanet,Comanche Peak
6505,2793,24,9,618,59,300,216,222,142,967,Aspen,Catacount,Comanche Peak
6506,2687,82,7,255,15,297,230,228,132,1200,Lodgepole Pine,Catacount,Comanche Peak
6507,2458,294,16,30,6,859,175,235,200,541,Lodgepole Pine,Catacount,Cache la Poudre
6508,2486,69,29,268,119,624,236,171,46,752,Ponderosa Pine,Catacount,Cache la Poudre
6509,3014,97,14,391,-5,1620,242,219,104,1159,Lodgepole Pine,Catacount,Comanche Peak
6510,3006,320,22,182,63,2520,156,212,193,964,Lodgepole Pine,Catacount,Comanche Peak
6511,3280,90,11,582,113,560,237,223,116,1090,Krummholz,Leighcan,Comanche Peak
6512,2843,209,28,124,47,1320,187,252,185,2742,Aspen,Vanet,Comanche Peak
6513,2850,166,17,190,69,900,232,244,136,3036,Aspen,Catacount,Comanche Peak
6514,2927,52,18,659,193,402,227,199,100,1242,Lodgepole Pine,Catacount,Comanche Peak
6515,2798,20,10,644,64,330,214,220,142,997,Aspen,Catacount,Comanche Peak
6516,2795,18,10,658,61,330,212,218,142,994,Aspen,Catacount,Comanche Peak
6517,2513,287,10,85,5,911,193,240,187,1031,Lodgepole Pine,Vanet,Cache la Poudre
6518,2566,33,7,330,89,741,219,226,143,994,Ponderosa Pine,Vanet,Cache la Poudre
6519,2555,78,16,342,78,700,239,208,94,904,Ponderosa Pine,Vanet,Cache la Poudre
6520,2492,84,27,256,125,600,246,182,47,755,Ponderosa Pine,Catacount,Cache la Poudre
6521,3089,336,11,120,22,3463,194,225,169,2140,Spruce_Fir,Cryaquolis,Rawah
6522,3084,0,0,360,37,3182,218,238,156,1400,Lodgepole Pine,Catacount,Comanche Peak
6523,3279,88,12,558,112,589,238,220,110,1087,Krummholz,Leighcan,Comanche Peak
6524,3267,102,12,525,108,603,239,225,114,1027,Krummholz,Leighcan,Comanche Peak
6525,3224,107,15,417,97,646,244,221,103,849,Krummholz,Catacount,Comanche Peak
6526,3058,52,8,30,-4,930,225,223,133,295,Spruce_Fir,Cryaquolis,Comanche Peak
6527,2837,208,28,108,41,1290,189,252,183,2784,Aspen,Vanet,Comanche Peak
6528,2850,194,27,124,53,1230,204,249,163,2835,Aspen,Vanet,Comanche Peak
6529,2852,184,26,134,58,1200,215,247,148,2862,Aspen,Vanet,Comanche Peak
6530,2851,175,25,150,68,1140,225,244,136,2914,Aspen,Vanet,Comanche Peak
6531,2841,172,18,162,61,900,229,245,141,3062,Aspen,Catacount,Comanche Peak
6532,2895,84,9,626,161,391,233,225,123,1183,Lodgepole Pine,Catacount,Comanche Peak
6533,2334,346,6,0,0,30,209,231,160,760,Ponderosa Pine,Cryaquolis,Cache la Poudre
6534,3002,286,3,351,17,1920,210,239,168,1140,Lodgepole Pine,Catacount,Comanche Peak
6535,3246,99,14,446,87,648,243,220,103,934,Krummholz,Leighcan,Comanche Peak
6536,2829,200,27,90,32,1260,198,251,172,2825,Aspen,Vanet,Comanche Peak
6537,2830,174,19,150,50,871,228,246,142,3065,Aspen,Catacount,Comanche Peak
6538,2896,91,11,633,64,421,237,223,115,1209,Lodgepole Pine,Catacount,Comanche Peak
6539,2656,59,6,124,12,150,224,228,139,774,Lodgepole Pine,Cryaquolis,Comanche Peak
6540,2350,293,12,60,17,67,187,237,191,696,Ponderosa Pine,Catacount,Cache la Poudre
6541,2463,326,5,150,50,228,206,234,166,371,Ponderosa Pine,Vanet,Cache la Poudre
6542,3234,355,24,402,164,947,172,189,149,1891,Spruce_Fir,Legault,Rawah
6543,2818,190,26,67,25,1231,209,249,157,2866,Aspen,Vanet,Comanche Peak
6544,2819,182,25,90,38,992,218,246,146,3074,Aspen,Vanet,Comanche Peak
6545,2647,60,5,90,5,120,224,229,140,658,Lodgepole Pine,Cryaquolis,Comanche Peak
6546,2421,250,21,268,15,134,170,250,214,484,Ponderosa Pine,Catacount,Cache la Poudre
6547,3371,122,14,499,89,2268,243,228,110,2301,Spruce_Fir,Leighcan,Rawah
6548,3291,75,11,509,104,671,234,218,115,1110,Krummholz,Leighcan,Comanche Peak
6549,3277,74,15,469,90,684,237,211,102,1050,Krummholz,Leighcan,Comanche Peak
6550,3212,96,14,324,76,741,241,219,105,811,Krummholz,Catacount,Comanche Peak
6551,3049,33,17,127,0,1031,214,199,116,67,Spruce_Fir,Leighcan,Comanche Peak
6552,2806,184,25,60,26,964,217,247,148,3115,Aspen,Vanet,Comanche Peak
6553,2964,198,2,745,132,537,218,240,158,1507,Aspen,Catacount,Comanche Peak
6554,2447,238,23,212,28,162,171,252,212,391,Ponderosa Pine,Catacount,Cache la Poudre
6555,3096,312,13,60,7,3666,185,230,185,2047,Spruce_Fir,Cryaquolis,Rawah
6556,3121,66,16,541,144,674,234,207,101,1590,Spruce_Fir,Legault,Rawah
6557,2861,69,29,85,41,95,236,170,45,960,Lodgepole Pine,Legault,Rawah
6558,3297,70,12,511,110,696,233,217,114,1140,Krummholz,Leighcan,Comanche Peak
6559,3187,104,18,255,60,805,248,214,88,720,Krummholz,Leighcan,Comanche Peak
6560,3166,111,26,212,42,832,253,202,59,660,Krummholz,Catacount,Comanche Peak
6561,3073,347,23,42,9,1050,169,196,161,270,Spruce_Fir,Cryaquolis,Comanche Peak
6562,3045,23,11,268,50,1167,214,217,138,300,Spruce_Fir,Leighcan,Comanche Peak
6563,3006,7,15,180,30,1260,200,208,143,870,Spruce_Fir,Leighcan,Comanche Peak
6564,2961,179,9,722,129,564,224,246,154,1530,Aspen,Vanet,Comanche Peak
6565,2959,160,10,684,127,591,231,242,142,1490,Aspen,Vanet,Comanche Peak
6566,2956,185,11,649,124,607,222,248,158,1452,Aspen,Vanet,Comanche Peak
6567,2827,353,8,649,-4,481,207,227,158,1154,Lodgepole Pine,Catacount,Comanche Peak
6568,2679,38,8,268,22,309,220,222,136,900,Lodgepole Pine,Catacount,Comanche Peak
6569,2536,358,9,258,28,836,207,224,155,810,Lodgepole Pine,Vanet,Cache la Poudre
6570,3537,137,13,306,103,2730,239,235,123,2106,Spruce_Fir,Cryorthents,Rawah
6571,2988,285,13,30,6,2311,183,240,196,1146,Lodgepole Pine,Cryaquolis,Comanche Peak
6572,3230,86,17,319,71,779,243,208,89,871,Krummholz,Leighcan,Comanche Peak
6573,3219,90,17,297,60,787,243,211,92,841,Krummholz,Leighcan,Comanche Peak
6574,2457,282,22,90,24,283,154,235,218,42,Lodgepole Pine,Catacount,Cache la Poudre
6575,2494,89,20,120,22,607,245,205,80,331,Lodgepole Pine,Catacount,Cache la Poudre
6576,3041,113,9,391,69,2419,236,231,126,2326,Spruce_Fir,Catacount,Comanche Peak
6577,3308,58,11,499,94,752,228,218,122,1172,Krummholz,Leighcan,Comanche Peak
6578,3304,64,11,474,104,755,230,217,118,1142,Krummholz,Leighcan,Comanche Peak
6579,3298,70,12,450,98,760,233,215,112,1112,Krummholz,Leighcan,Comanche Peak
6580,3274,72,18,382,87,779,238,203,90,1022,Krummholz,Leighcan,Comanche Peak
6581,3246,84,16,324,73,794,241,212,97,932,Krummholz,Leighcan,Comanche Peak
6582,3050,30,19,277,75,1307,211,196,115,484,Spruce_Fir,Leighcan,Comanche Peak
6583,3024,19,17,210,-2,1321,205,201,128,842,Spruce_Fir,Leighcan,Comanche Peak
6584,2918,58,9,0,0,1415,227,221,127,1471,Lodgepole Pine,Cryaquolis,Comanche Peak
6585,2797,29,12,42,7,1302,216,214,133,2879,Spruce_Fir,Leighcan,Comanche Peak
6586,2938,153,19,551,106,618,240,237,119,1448,Aspen,Vanet,Comanche Peak
6587,2367,283,16,120,26,42,174,239,204,663,Ponderosa Pine,Catacount,Cache la Poudre
6588,3230,83,17,268,63,837,242,207,89,875,Krummholz,Leighcan,Comanche Peak
6589,3149,106,25,150,22,912,252,202,63,666,Krummholz,Leighcan,Comanche Peak
6590,3065,9,14,335,33,1215,203,211,144,228,Spruce_Fir,Leighcan,Comanche Peak
6591,3066,10,17,306,-28,1249,200,204,138,313,Spruce_Fir,Leighcan,Comanche Peak
6592,2760,130,4,0,0,664,226,237,145,2912,Spruce_Fir,Cryaquolis,Comanche Peak
6593,2761,342,6,85,12,470,208,231,162,2724,Lodgepole Pine,Catacount,Comanche Peak
6594,2930,183,22,638,226,607,220,248,151,1657,Aspen,Vanet,Comanche Peak
6595,2931,187,22,658,230,618,217,250,155,1637,Aspen,Vanet,Comanche Peak
6596,2699,40,15,362,42,402,220,207,118,875,Lodgepole Pine,Catacount,Comanche Peak
6597,2422,194,24,120,62,404,208,251,164,1181,Ponderosa Pine,Vanet,Cache la Poudre
6598,2534,34,5,272,8,664,219,228,145,1084,Lodgepole Pine,Vanet,Cache la Poudre
6599,3257,54,13,350,42,1892,227,211,114,2413,Spruce_Fir,Leighcan,Rawah
6600,3167,308,13,120,24,1397,185,232,187,2313,Spruce_Fir,Legault,Rawah
6601,3012,94,4,540,-7,1687,225,234,144,1436,Lodgepole Pine,Catacount,Comanche Peak
6602,3060,231,7,67,9,3021,210,246,174,1473,Lodgepole Pine,Catacount,Comanche Peak
6603,3322,63,10,499,80,810,229,220,123,1236,Krummholz,Leighcan,Comanche Peak
6604,3320,60,9,484,90,811,227,221,127,1206,Krummholz,Leighcan,Comanche Peak
6605,3197,107,20,192,38,892,250,212,81,789,Krummholz,Leighcan,Comanche Peak
6606,3073,11,15,309,-34,1243,202,208,140,242,Spruce_Fir,Leighcan,Comanche Peak
6607,2829,251,17,366,114,446,180,250,206,1982,Lodgepole Pine,Catacount,Comanche Peak
6608,2918,185,22,576,214,604,218,249,153,1719,Aspen,Vanet,Comanche Peak
6609,2418,196,27,90,58,488,202,250,166,1170,Ponderosa Pine,Vanet,Cache la Poudre
6610,2429,182,28,150,71,485,216,245,143,1113,Ponderosa Pine,Vanet,Cache la Poudre
6611,3070,337,8,285,43,2736,203,229,165,1295,Lodgepole Pine,Catacount,Comanche Peak
6612,3298,74,14,376,84,853,236,212,104,1090,Krummholz,Leighcan,Comanche Peak
6613,3271,85,17,300,84,874,242,209,91,1001,Krummholz,Leighcan,Comanche Peak
6614,3241,95,19,234,54,888,247,208,82,912,Krummholz,Leighcan,Comanche Peak
6615,3131,29,17,255,67,1203,212,201,120,192,Spruce_Fir,Leighcan,Comanche Peak
6616,2904,189,24,534,200,618,213,249,156,1762,Aspen,Vanet,Comanche Peak
6617,2899,38,8,400,67,663,220,223,138,1436,Lodgepole Pine,Catacount,Comanche Peak
6618,2666,28,14,242,32,301,214,209,128,418,Lodgepole Pine,Catacount,Comanche Peak
6619,2649,20,9,190,24,228,214,221,143,391,Lodgepole Pine,Catacount,Comanche Peak
6620,2645,41,10,180,20,212,221,218,131,400,Lodgepole Pine,Catacount,Comanche Peak
6621,2409,153,28,108,49,382,240,228,97,1214,Ponderosa Pine,Vanet,Cache la Poudre
6622,2409,178,31,120,51,524,216,240,133,1150,Ponderosa Pine,Vanet,Cache la Poudre
6623,2406,181,34,108,50,417,209,238,134,1124,Ponderosa Pine,Vanet,Cache la Poudre
6624,2413,188,32,95,57,342,205,243,149,1061,Ponderosa Pine,Vanet,Cache la Poudre
6625,2469,310,16,134,6,30,174,227,192,335,Ponderosa Pine,Vanet,Cache la Poudre
6626,2544,307,7,242,18,577,201,236,175,1180,Ponderosa Pine,Vanet,Cache la Poudre
6627,3186,36,13,30,4,1587,219,211,126,2496,Spruce_Fir,Legault,Rawah
6628,3314,71,12,402,84,875,233,216,113,1154,Krummholz,Leighcan,Comanche Peak
6629,3181,94,20,127,14,959,248,205,77,771,Krummholz,Leighcan,Comanche Peak
6630,2769,237,13,192,55,384,197,251,190,2184,Lodgepole Pine,Catacount,Comanche Peak
6631,2845,213,24,402,132,551,191,254,189,1931,Lodgepole Pine,Vanet,Comanche Peak
6632,2890,181,26,552,189,671,218,245,144,1744,Aspen,Vanet,Comanche Peak
6633,2895,192,24,604,196,713,210,250,162,1687,Aspen,Vanet,Comanche Peak
6634,2902,184,18,531,70,765,222,249,154,1615,Aspen,Vanet,Comanche Peak
6635,2883,62,10,365,51,690,229,218,121,1405,Aspen,Catacount,Comanche Peak
6636,2878,54,10,371,46,690,226,218,124,1395,Aspen,Catacount,Comanche Peak
6637,2843,118,5,691,17,660,228,236,142,1321,Spruce_Fir,Catacount,Comanche Peak
6638,3438,312,33,256,24,3187,114,195,211,1842,Spruce_Fir,Cryorthents,Rawah
6639,3342,80,16,677,60,2280,240,210,95,2134,Spruce_Fir,Cryorthents,Rawah
6640,2898,212,10,426,66,759,211,250,173,1574,Aspen,Vanet,Comanche Peak
6641,2885,76,8,335,53,720,230,226,128,1433,Aspen,Catacount,Comanche Peak
6642,2370,188,29,30,3,573,209,246,152,1243,Ponderosa Pine,Vanet,Cache la Poudre
6643,2343,83,10,0,0,228,235,222,119,837,Ponderosa Pine,Cryaquolis,Cache la Poudre
6644,3478,277,19,256,103,3116,165,240,213,1834,Spruce_Fir,Cryorthents,Rawah
6645,3024,99,10,437,3,1084,237,226,119,1354,Lodgepole Pine,Catacount,Comanche Peak
6646,3030,342,9,268,58,2242,201,226,164,2598,Spruce_Fir,Cryaquolis,Comanche Peak
6647,3172,72,15,67,5,1025,236,209,100,759,Spruce_Fir,Catacount,Comanche Peak
6648,2849,205,26,408,145,658,196,253,179,1889,Aspen,Vanet,Comanche Peak
6649,2875,195,24,541,43,792,207,251,166,1698,Aspen,Vanet,Comanche Peak
6650,2887,210,11,446,55,808,211,251,174,1631,Aspen,Vanet,Comanche Peak
6651,2891,229,9,424,59,797,206,249,180,1616,Aspen,Vanet,Comanche Peak
6652,2904,198,3,350,72,765,218,242,160,1557,Aspen,Catacount,Comanche Peak
6653,2665,25,13,295,40,335,213,212,133,301,Lodgepole Pine,Catacount,Comanche Peak
6654,2558,135,10,192,32,579,236,236,131,931,Ponderosa Pine,Vanet,Cache la Poudre
6655,2547,125,4,120,21,532,226,237,145,1077,Ponderosa Pine,Vanet,Cache la Poudre
6656,3518,81,12,424,84,2831,237,218,110,1871,Spruce_Fir,Cryorthents,Rawah
6657,3340,62,16,661,125,2278,232,206,102,2095,Spruce_Fir,Cryorthents,Rawah
6658,3331,104,9,382,70,960,236,229,124,1259,Krummholz,Leighcan,Comanche Peak
6659,2846,193,23,424,145,711,210,251,163,1871,Aspen,Vanet,Comanche Peak
6660,2850,194,25,510,152,778,208,250,163,1776,Aspen,Vanet,Comanche Peak
6661,2858,197,25,537,162,808,204,252,169,1740,Aspen,Vanet,Comanche Peak
6662,2432,261,21,277,91,134,163,245,218,577,Ponderosa Pine,Catacount,Cache la Poudre
6663,2511,93,12,90,28,362,239,221,110,382,Lodgepole Pine,Catacount,Cache la Poudre
6664,2485,322,8,30,2,417,200,232,172,474,Lodgepole Pine,Catacount,Cache la Poudre
6665,3469,47,13,633,35,2635,224,212,120,1907,Spruce_Fir,Cryorthents,Rawah
6666,3016,302,14,124,21,2393,179,233,193,1411,Lodgepole Pine,Catacount,Comanche Peak
6667,3055,75,7,90,0,2875,229,226,130,1583,Spruce_Fir,Catacount,Comanche Peak
6668,3345,84,11,417,76,990,235,222,117,1354,Krummholz,Leighcan,Comanche Peak
6669,3172,336,16,192,48,1240,183,217,172,469,Spruce_Fir,Leighcan,Comanche Peak
6670,3072,36,9,30,0,1578,220,221,136,725,Spruce_Fir,Catacount,Comanche Peak
6671,2860,15,11,268,72,1385,210,217,143,2955,Spruce_Fir,Catacount,Comanche Peak
6672,2820,213,22,342,116,698,194,254,187,1953,Aspen,Vanet,Comanche Peak
6673,2836,178,22,446,137,765,224,246,143,1855,Aspen,Vanet,Comanche Peak
6674,2887,162,11,242,55,810,231,243,143,1549,Lodgepole Pine,Catacount,Comanche Peak
6675,2889,354,7,283,57,810,208,227,157,1492,Aspen,Catacount,Comanche Peak
6676,2889,6,7,300,57,808,211,226,152,1484,Aspen,Catacount,Comanche Peak
6677,2873,60,9,404,47,782,227,221,127,1455,Aspen,Catacount,Comanche Peak
6678,2371,117,12,67,7,484,240,229,118,1294,Ponderosa Pine,Vanet,Cache la Poudre
6679,2543,151,12,134,17,513,235,240,134,977,Ponderosa Pine,Vanet,Cache la Poudre
6680,2995,199,9,541,-25,1455,217,248,165,1557,Lodgepole Pine,Catacount,Comanche Peak
6681,3019,306,7,339,-3,1865,201,236,174,1560,Lodgepole Pine,Catacount,Comanche Peak
6682,3335,86,10,361,72,1020,235,223,119,1302,Krummholz,Leighcan,Comanche Peak
6683,3293,110,22,242,42,1031,251,211,77,1129,Krummholz,Leighcan,Comanche Peak
6684,2886,48,11,342,38,1566,224,215,123,2780,Spruce_Fir,Catacount,Comanche Peak
6685,2865,22,8,295,77,1395,215,224,145,2958,Spruce_Fir,Catacount,Comanche Peak
6686,2811,220,20,319,110,725,193,254,192,1976,Aspen,Vanet,Comanche Peak
6687,2817,210,18,339,116,738,203,254,181,1956,Aspen,Vanet,Comanche Peak
6688,2823,187,20,382,124,765,218,250,157,1917,Aspen,Vanet,Comanche Peak
6689,2850,238,19,470,18,886,183,253,203,1756,Aspen,Vanet,Comanche Peak
6690,2886,255,11,366,54,882,194,247,192,1693,Aspen,Vanet,Comanche Peak
6691,2438,284,22,306,-24,180,155,234,217,582,Ponderosa Pine,Catacount,Cache la Poudre
6692,2545,78,12,153,19,497,235,219,114,959,Ponderosa Pine,Vanet,Cache la Poudre
6693,3160,88,12,30,-5,4400,238,220,110,1989,Spruce_Fir,Legault,Rawah
6694,3116,18,12,85,13,4116,211,215,140,1777,Spruce_Fir,Cryaquolis,Rawah
6695,3057,31,6,67,6,2808,219,228,145,1650,Spruce_Fir,Catacount,Comanche Peak
6696,3081,75,11,780,27,2468,234,219,116,2210,Spruce_Fir,Catacount,Comanche Peak
6697,2884,322,16,67,10,1711,177,222,184,2308,Spruce_Fir,Cryaquolis,Comanche Peak
6698,2740,119,10,30,2,503,237,232,125,2508,Aspen,Cryaquolis,Comanche Peak
6699,2727,62,7,0,0,484,226,226,134,2455,Aspen,Cryaquolis,Comanche Peak
6700,2720,36,8,0,0,480,220,221,137,2405,Aspen,Cryaquolis,Comanche Peak
6701,2814,198,17,417,118,845,212,252,169,1866,Aspen,Vanet,Comanche Peak
6702,2830,237,16,458,136,886,189,252,198,1814,Aspen,Vanet,Comanche Peak
6703,2892,39,3,277,60,859,220,232,149,1536,Aspen,Catacount,Comanche Peak
6704,2884,47,10,342,58,845,224,217,127,1519,Aspen,Catacount,Comanche Peak
6705,2724,36,11,474,99,532,219,216,131,324,Lodgepole Pine,Catacount,Comanche Peak
6706,2403,311,18,170,21,283,169,225,195,752,Ponderosa Pine,Catacount,Cache la Poudre
6707,2408,322,17,192,26,268,176,222,185,726,Ponderosa Pine,Catacount,Cache la Poudre
6708,2564,55,15,210,38,497,228,207,109,914,Ponderosa Pine,Vanet,Cache la Poudre
6709,3256,203,20,362,143,1080,206,253,174,1930,Spruce_Fir,Legault,Rawah
6710,2981,185,8,571,-39,1328,222,246,158,1556,Lodgepole Pine,Catacount,Comanche Peak
6711,3345,80,11,330,59,1080,235,220,116,1376,Krummholz,Leighcan,Comanche Peak
6712,3195,337,15,255,62,1317,185,218,171,531,Spruce_Fir,Leighcan,Comanche Peak
6713,2789,226,20,255,88,765,187,254,198,2040,Aspen,Vanet,Comanche Peak
6714,2802,181,20,319,103,805,222,248,150,1982,Aspen,Vanet,Comanche Peak
6715,2893,22,4,277,67,883,217,230,150,1559,Aspen,Catacount,Comanche Peak
6716,2735,60,8,524,101,570,227,223,131,362,Ponderosa Pine,Catacount,Comanche Peak
6717,2720,60,8,488,95,547,226,224,132,258,Ponderosa Pine,Catacount,Comanche Peak
6718,2371,132,12,30,3,537,239,234,122,1321,Ponderosa Pine,Cryaquolis,Cache la Poudre
6719,2408,311,18,150,26,309,170,225,195,767,Ponderosa Pine,Catacount,Cache la Poudre
6720,2563,51,15,180,37,457,226,207,111,953,Ponderosa Pine,Vanet,Cache la Poudre
6721,3256,311,5,457,108,1231,205,236,170,2083,Lodgepole Pine,Legault,Rawah
6722,3055,30,11,300,67,2274,216,215,133,2672,Spruce_Fir,Catacount,Comanche Peak
6723,3353,94,8,300,27,1110,232,229,129,1442,Krummholz,Leighcan,Comanche Peak
6724,3000,27,14,256,11,1739,213,208,128,1471,Lodgepole Pine,Catacount,Comanche Peak
6725,2742,51,6,0,0,569,223,227,139,2479,Aspen,Cryaquolis,Comanche Peak
6726,2790,188,22,277,91,819,216,250,157,2024,Aspen,Vanet,Comanche Peak
6727,2805,236,16,376,111,912,191,252,197,1897,Aspen,Vanet,Comanche Peak
6728,2885,28,15,390,59,900,213,207,127,1567,Lodgepole Pine,Catacount,Comanche Peak
6729,2740,81,10,488,-15,601,233,223,121,379,Ponderosa Pine,Catacount,Comanche Peak
6730,2375,354,16,60,19,457,191,210,155,993,Ponderosa Pine,Catacount,Cache la Poudre
6731,3213,308,30,175,41,3861,127,206,213,1578,Spruce_Fir,Legault,Rawah
6732,3067,9,8,601,79,2308,211,224,150,2451,Spruce_Fir,Catacount,Comanche Peak
6733,2745,18,9,30,1,598,213,220,144,2455,Lodgepole Pine,Cryaquolis,Comanche Peak
6734,2757,227,20,170,56,797,188,254,198,2061,Aspen,Vanet,Comanche Peak
6735,2775,194,23,234,76,832,210,251,164,2030,Aspen,Vanet,Comanche Peak
6736,2777,185,24,255,79,845,217,249,153,2021,Aspen,Vanet,Comanche Peak
6737,2783,213,14,309,88,899,207,252,179,1974,Aspen,Vanet,Comanche Peak
6738,2822,267,21,384,127,966,163,243,217,1889,Aspen,Vanet,Comanche Peak
6739,2878,266,16,342,46,1006,177,245,206,1812,Aspen,Vanet,Comanche Peak
6740,2734,110,11,466,-14,630,239,228,118,342,Ponderosa Pine,Vanet,Comanche Peak
6741,3242,42,18,192,18,1565,220,198,107,2418,Spruce_Fir,Legault,Rawah
6742,3351,106,9,240,25,1170,235,229,125,1433,Krummholz,Leighcan,Comanche Peak
6743,2766,114,6,30,1,716,230,234,138,2569,Aspen,Catacount,Comanche Peak
6744,2756,208,20,170,57,836,202,254,180,2022,Aspen,Vanet,Comanche Peak
6745,2792,269,15,309,98,953,181,244,202,1943,Aspen,Vanet,Comanche Peak
6746,2857,266,19,395,25,1034,169,245,213,1868,Aspen,Vanet,Comanche Peak
6747,2876,242,16,335,44,1034,188,251,199,1839,Aspen,Vanet,Comanche Peak
6748,2699,156,10,443,91,560,232,242,141,67,Ponderosa Pine,Vanet,Comanche Peak
6749,2682,79,8,295,74,484,231,225,126,162,Ponderosa Pine,Catacount,Comanche Peak
6750,2475,22,23,210,110,721,199,185,114,1348,Ponderosa Pine,Catacount,Cache la Poudre
6751,2413,54,25,201,62,618,225,179,74,1209,Ponderosa Pine,Catacount,Cache la Poudre
6752,2402,8,22,175,51,582,188,189,132,1155,Ponderosa Pine,Catacount,Cache la Poudre
6753,2393,16,16,124,37,537,204,204,133,1073,Ponderosa Pine,Catacount,Cache la Poudre
6754,2391,12,17,67,24,513,201,204,137,1020,Ponderosa Pine,Catacount,Cache la Poudre
6755,2587,12,8,256,61,408,212,224,149,942,Ponderosa Pine,Vanet,Cache la Poudre
6756,3426,287,22,42,14,3288,154,233,216,1558,Spruce_Fir,Leighcan,Rawah
6757,2996,81,33,0,0,503,243,164,25,1387,Spruce_Fir,Legault,Rawah
6758,3221,340,20,255,43,1356,175,207,169,721,Spruce_Fir,Leighcan,Comanche Peak
6759,2752,203,18,212,56,899,208,253,174,1964,Aspen,Vanet,Comanche Peak
6760,2794,285,17,283,99,979,171,238,206,1914,Aspen,Vanet,Comanche Peak
6761,2846,260,19,362,158,1047,171,247,212,1884,Aspen,Vanet,Comanche Peak
6762,2864,233,17,361,32,1072,190,253,197,1875,Aspen,Vanet,Comanche Peak
6763,2870,220,17,331,38,1063,198,254,188,1865,Lodgepole Pine,Vanet,Comanche Peak
6764,2415,12,22,201,64,607,192,189,127,1167,Ponderosa Pine,Catacount,Cache la Poudre
6765,3256,296,14,201,44,3841,180,235,195,1481,Krummholz,Legault,Rawah
6766,2956,189,12,742,-64,1120,220,249,160,1638,Lodgepole Pine,Catacount,Comanche Peak
6767,3095,38,11,780,41,2301,220,216,129,2333,Spruce_Fir,Catacount,Comanche Peak
6768,2708,76,7,0,0,702,229,227,131,2125,Aspen,Cryaquolis,Comanche Peak
6769,2745,223,15,182,49,926,200,253,187,1935,Aspen,Vanet,Comanche Peak
6770,2797,284,18,258,102,1006,168,237,208,1885,Aspen,Vanet,Comanche Peak
6771,2807,284,18,277,116,1020,169,238,208,1878,Aspen,Vanet,Comanche Peak
6772,2707,109,9,408,-20,698,236,230,124,240,Douglas-fir,Vanet,Comanche Peak
6773,3269,67,9,0,0,4312,229,222,125,2282,Spruce_Fir,Leighcan,Rawah
6774,3376,309,30,60,25,3448,126,205,212,1465,Spruce_Fir,Leighcan,Rawah
6775,3013,315,8,342,-21,1784,198,233,175,1840,Lodgepole Pine,Catacount,Comanche Peak
6776,2725,204,18,108,27,914,208,253,175,1939,Aspen,Vanet,Comanche Peak
6777,2729,210,16,127,33,930,206,253,179,1928,Aspen,Vanet,Comanche Peak
6778,2757,252,18,175,63,979,177,249,209,1888,Aspen,Vanet,Comanche Peak
6779,2822,230,16,283,134,1073,195,253,192,1836,Aspen,Vanet,Comanche Peak
6780,2809,39,7,285,21,1057,221,225,140,1230,Lodgepole Pine,Catacount,Comanche Peak
6781,2690,124,11,417,-31,685,238,232,124,153,Douglas-fir,Vanet,Comanche Peak
6782,2416,290,18,60,22,365,167,235,207,872,Ponderosa Pine,Catacount,Cache la Poudre
6783,3294,30,19,240,60,1727,211,196,115,2252,Spruce_Fir,Leighcan,Rawah
6784,3063,286,18,255,54,2510,169,237,207,1710,Lodgepole Pine,Catacount,Comanche Peak
6785,3067,55,10,335,5,1861,226,220,127,1183,Spruce_Fir,Catacount,Comanche Peak
6786,3001,50,11,362,72,1952,225,215,123,1756,Lodgepole Pine,Catacount,Comanche Peak
6787,2712,213,18,67,14,918,201,254,183,1922,Spruce_Fir,Vanet,Comanche Peak
6788,2722,216,16,108,26,957,202,254,184,1900,Aspen,Vanet,Comanche Peak
6789,2735,227,18,124,40,981,191,254,195,1879,Aspen,Vanet,Comanche Peak
6790,2753,234,22,150,59,1006,178,253,207,1860,Aspen,Vanet,Comanche Peak
6791,2763,236,23,162,68,1020,174,253,209,1851,Aspen,Vanet,Comanche Peak
6792,2784,232,23,192,93,1047,176,253,207,1834,Aspen,Vanet,Comanche Peak
6793,2794,228,22,212,103,1060,182,254,202,1826,Aspen,Vanet,Comanche Peak
6794,2802,223,21,228,111,1073,187,254,197,1819,Aspen,Vanet,Comanche Peak
6795,2733,68,12,313,-2,781,232,216,114,365,Douglas-fir,Catacount,Comanche Peak
6796,2727,58,12,323,-5,779,228,214,117,335,Douglas-fir,Catacount,Comanche Peak
6797,2709,64,14,351,-14,752,232,210,107,247,Douglas-fir,Catacount,Comanche Peak
6798,2656,161,17,361,52,553,235,242,132,162,Ponderosa Pine,Vanet,Comanche Peak
6799,2642,147,19,258,41,469,242,234,113,277,Ponderosa Pine,Vanet,Comanche Peak
6800,2408,82,23,95,32,618,244,192,64,1369,Ponderosa Pine,Vanet,Cache la Poudre
6801,2380,245,4,0,0,674,212,243,169,1425,Ponderosa Pine,Cryaquolis,Cache la Poudre
6802,2443,284,24,120,57,738,148,232,221,1507,Lodgepole Pine,Catacount,Cache la Poudre
6803,2462,353,20,283,106,700,182,202,155,1235,Ponderosa Pine,Catacount,Cache la Poudre
6804,2418,287,19,42,4,371,163,235,211,892,Ponderosa Pine,Catacount,Cache la Poudre
6805,2510,309,20,301,96,127,163,223,199,716,Ponderosa Pine,Catacount,Cache la Poudre
6806,2883,236,19,499,259,782,183,253,203,1719,Lodgepole Pine,Catacount,Comanche Peak
6807,3051,3,15,424,22,1924,198,209,147,1463,Lodgepole Pine,Catacount,Comanche Peak
6808,2964,91,14,190,35,1980,241,218,104,1935,Lodgepole Pine,Catacount,Comanche Peak
6809,2763,219,29,150,72,1060,175,252,199,1813,Aspen,Vanet,Comanche Peak
6810,2773,219,28,170,82,1073,176,252,199,1805,Aspen,Vanet,Comanche Peak
6811,2802,198,25,228,118,1127,204,252,170,1777,Aspen,Vanet,Comanche Peak
6812,2811,203,25,256,128,1154,199,253,176,1766,Aspen,Vanet,Comanche Peak
6813,2839,127,16,134,7,1144,245,228,106,1740,Lodgepole Pine,Catacount,Comanche Peak
6814,2810,32,3,240,22,969,219,232,150,934,Lodgepole Pine,Vanet,Comanche Peak
6815,2465,23,26,255,92,698,194,173,104,1199,Ponderosa Pine,Catacount,Cache la Poudre
6816,2458,12,23,201,80,671,190,186,126,1148,Ponderosa Pine,Catacount,Cache la Poudre
6817,2432,285,20,60,18,351,160,235,213,891,Ponderosa Pine,Catacount,Cache la Poudre
6818,3226,281,19,67,14,3973,164,238,212,1377,Krummholz,Legault,Rawah
6819,3412,308,35,150,61,3491,104,194,218,1377,Spruce_Fir,Leighcan,Rawah
6820,3444,317,31,153,93,3438,126,198,203,1390,Spruce_Fir,Leighcan,Rawah
6821,3542,315,31,255,130,3218,124,198,206,1448,Spruce_Fir,Cryorthents,Rawah
6822,3261,39,12,404,27,1471,220,213,126,2345,Spruce_Fir,Legault,Rawah
6823,3042,84,21,120,41,2016,245,199,73,2958,Spruce_Fir,Catacount,Comanche Peak
6824,2790,45,7,0,0,932,222,225,138,2527,Aspen,Catacount,Comanche Peak
6825,2777,207,29,175,89,1127,187,251,182,1761,Aspen,Vanet,Comanche Peak
6826,2793,201,26,216,110,1167,200,252,173,1742,Aspen,Vanet,Comanche Peak
6827,2773,144,12,240,17,882,237,238,129,612,Ponderosa Pine,Catacount,Comanche Peak
6828,2499,55,22,390,136,816,227,186,81,1370,Ponderosa Pine,Catacount,Cache la Poudre
6829,2435,292,20,60,21,362,159,232,211,912,Ponderosa Pine,Catacount,Cache la Poudre
6830,3202,13,20,30,8,4094,197,196,131,1376,Krummholz,Leighcan,Rawah
6831,3087,64,21,150,-25,631,234,193,82,1570,Spruce_Fir,Legault,Rawah
6832,2794,62,6,0,0,973,225,228,138,2529,Aspen,Catacount,Comanche Peak
6833,2707,202,20,42,12,1064,207,253,174,1794,Spruce_Fir,Vanet,Comanche Peak
6834,2716,205,26,67,25,1087,196,253,179,1774,Aspen,Vanet,Comanche Peak
6835,2723,209,29,85,32,1100,186,252,185,1765,Aspen,Vanet,Comanche Peak
6836,2791,203,25,216,109,1221,198,252,176,1702,Aspen,Vanet,Comanche Peak
6837,2433,9,15,0,0,430,202,209,142,976,Ponderosa Pine,Catacount,Cache la Poudre
6838,2492,319,30,180,78,277,129,197,200,858,Ponderosa Pine,Catacount,Cache la Poudre
6839,3337,154,9,190,23,4061,231,241,141,2465,Krummholz,Leighcan,Rawah
6840,3243,285,23,42,7,3971,149,233,220,1312,Krummholz,Leighcan,Rawah
6841,2895,184,15,553,261,983,223,249,156,1800,Lodgepole Pine,Catacount,Comanche Peak
6842,3076,12,12,466,2,1984,208,216,144,1298,Lodgepole Pine,Catacount,Comanche Peak
6843,2748,1,16,108,16,866,194,207,148,1989,Spruce_Fir,Catacount,Comanche Peak
6844,2765,206,27,162,83,1221,193,252,181,1683,Aspen,Vanet,Comanche Peak
6845,2762,164,11,180,13,940,230,243,144,626,Ponderosa Pine,Vanet,Comanche Peak
6846,2455,44,28,60,30,497,213,166,71,1040,Ponderosa Pine,Catacount,Cache la Poudre
6847,2496,319,34,150,82,319,113,186,202,900,Ponderosa Pine,Catacount,Cache la Poudre
6848,3333,165,11,228,19,4023,230,244,144,2475,Krummholz,Leighcan,Rawah
6849,3203,337,10,120,24,4481,199,227,167,1621,Spruce_Fir,Cryaquolis,Rawah
6850,3227,344,17,30,9,4066,183,211,164,1302,Krummholz,Leighcan,Rawah
6851,2790,219,25,306,169,626,183,254,196,1668,Lodgepole Pine,Catacount,Comanche Peak
6852,3025,301,10,400,-9,1784,193,236,183,2026,Lodgepole Pine,Catacount,Comanche Peak
6853,2759,207,26,150,80,1261,193,253,182,1648,Aspen,Vanet,Comanche Peak
6854,2798,165,13,120,15,1103,231,244,142,1012,Ponderosa Pine,Vanet,Comanche Peak
6855,2511,317,34,150,97,339,114,190,205,924,Ponderosa Pine,Catacount,Cache la Poudre
6856,3327,155,11,218,31,4013,233,241,138,2408,Krummholz,Leighcan,Rawah
6857,3264,22,24,201,80,4268,197,182,112,1343,Krummholz,Leighcan,Rawah
6858,3236,358,20,42,9,4079,186,201,149,1273,Krummholz,Leighcan,Rawah
6859,3450,31,16,616,226,2190,214,203,120,1804,Spruce_Fir,Leighcan,Rawah
6860,3072,286,10,361,65,2561,193,240,186,1890,Lodgepole Pine,Catacount,Comanche Peak
6861,3107,11,10,591,29,1992,209,220,147,2673,Spruce_Fir,Catacount,Comanche Peak
6862,3100,42,6,390,99,1936,221,226,140,2825,Spruce_Fir,Catacount,Comanche Peak
6863,2688,128,3,0,0,1153,224,237,149,1699,Spruce_Fir,Cryaquolis,Comanche Peak
6864,2797,175,11,60,9,1181,226,246,151,1136,Ponderosa Pine,Vanet,Comanche Peak
6865,2793,165,14,85,10,1142,232,244,140,1048,Ponderosa Pine,Vanet,Comanche Peak
6866,2733,85,8,190,18,914,232,226,126,339,Ponderosa Pine,Catacount,Comanche Peak
6867,3247,8,24,85,20,4119,184,183,129,1253,Krummholz,Leighcan,Rawah
6868,3454,273,28,300,103,3549,135,234,232,1230,Spruce_Fir,Leighcan,Rawah
6869,3119,347,5,765,65,2080,210,231,160,2493,Spruce_Fir,Catacount,Comanche Peak
6870,3107,23,5,443,32,1921,217,228,148,2801,Spruce_Fir,Catacount,Comanche Peak
6871,2716,213,29,67,37,1288,182,252,191,1601,Aspen,Vanet,Comanche Peak
6872,2733,208,27,108,50,1315,190,252,184,1589,Aspen,Vanet,Comanche Peak
6873,2833,65,18,242,45,1299,234,201,93,1406,Lodgepole Pine,Catacount,Comanche Peak
6874,2776,162,15,67,11,1121,233,243,136,911,Ponderosa Pine,Vanet,Comanche Peak
6875,2741,173,14,90,8,1012,228,246,147,604,Ponderosa Pine,Vanet,Comanche Peak
6876,2551,307,32,182,137,366,116,202,217,957,Ponderosa Pine,Catacount,Cache la Poudre
6877,3319,165,11,228,17,3911,230,244,144,2509,Krummholz,Leighcan,Rawah
6878,3266,295,12,395,87,4484,187,237,190,1390,Krummholz,Leighcan,Rawah
6879,3285,345,19,283,101,4348,178,206,164,1315,Krummholz,Leighcan,Rawah
6880,3354,271,20,212,44,3787,164,242,216,1170,Spruce_Fir,Legault,Rawah
6881,2983,297,11,713,-51,1543,190,237,186,2003,Lodgepole Pine,Catacount,Comanche Peak
6882,2957,118,13,95,19,2190,241,228,115,2041,Lodgepole Pine,Catacount,Comanche Peak
6883,2688,51,10,402,4,750,225,218,126,323,Ponderosa Pine,Catacount,Comanche Peak
6884,2606,337,23,306,192,335,164,202,173,926,Ponderosa Pine,Catacount,Cache la Poudre
6885,3415,222,17,60,23,3814,196,254,190,2739,Krummholz,Cryorthents,Rawah
6886,3317,151,8,216,3,3874,231,240,141,2522,Krummholz,Leighcan,Rawah
6887,3278,317,16,402,115,4469,175,224,188,1348,Krummholz,Leighcan,Rawah
6888,2651,234,30,85,34,469,156,250,218,1431,Lodgepole Pine,Catacount,Comanche Peak
6889,3202,42,7,323,-4,1953,221,225,139,883,Spruce_Fir,Catacount,Comanche Peak
6890,2970,84,17,457,85,2054,242,210,93,2609,Lodgepole Pine,Catacount,Comanche Peak
6891,2784,353,12,42,5,997,199,218,157,2100,Spruce_Fir,Cryaquolis,Comanche Peak
6892,2695,36,16,60,9,1242,217,203,117,1605,Lodgepole Pine,Catacount,Comanche Peak
6893,2705,206,26,67,24,1369,193,253,181,1530,Aspen,Vanet,Comanche Peak
6894,2727,170,13,85,13,1020,229,245,146,446,Ponderosa Pine,Vanet,Comanche Peak
6895,2702,70,6,309,18,830,226,229,137,331,Ponderosa Pine,Catacount,Comanche Peak
6896,2577,332,24,306,90,859,156,202,180,1154,Ponderosa Pine,Catacount,Cache la Poudre
6897,2611,312,22,285,197,376,155,218,201,966,Ponderosa Pine,Catacount,Cache la Poudre
6898,2618,337,16,313,204,362,184,217,171,953,Ponderosa Pine,Vanet,Cache la Poudre
6899,3239,304,20,242,60,4402,162,226,203,1448,Krummholz,Leighcan,Rawah
6900,3284,322,22,417,109,4482,158,212,191,1323,Krummholz,Leighcan,Rawah
6901,3295,287,21,60,18,3948,156,233,215,1116,Krummholz,Leighcan,Rawah
6902,2696,213,32,134,72,607,174,250,192,1495,Lodgepole Pine,Catacount,Comanche Peak
6903,2755,143,18,60,8,1410,243,234,113,1473,Lodgepole Pine,Vanet,Comanche Peak
6904,2756,131,9,0,0,1194,235,235,132,914,Aspen,Catacount,Comanche Peak
6905,2728,75,7,0,0,1113,229,226,130,700,Aspen,Catacount,Comanche Peak
6906,2724,90,2,0,0,1100,223,235,148,649,Aspen,Catacount,Comanche Peak
6907,2555,358,15,511,169,900,195,210,152,1177,Ponderosa Pine,Catacount,Cache la Poudre
6908,3210,288,17,150,22,4312,169,236,206,1506,Spruce_Fir,Cryaquolis,Rawah
6909,2802,32,14,330,60,1092,216,208,125,1765,Lodgepole Pine,Catacount,Comanche Peak
6910,2748,40,20,201,60,1195,217,191,100,1624,Lodgepole Pine,Catacount,Comanche Peak
6911,2685,201,24,67,16,1436,202,253,174,1465,Spruce_Fir,Vanet,Comanche Peak
6912,2700,103,5,309,31,853,229,233,138,395,Ponderosa Pine,Vanet,Comanche Peak
6913,2665,126,15,446,21,722,244,229,110,458,Ponderosa Pine,Vanet,Comanche Peak
6914,3263,117,8,30,-3,3951,235,232,129,2058,Krummholz,Leighcan,Rawah
6915,3232,120,9,30,-3,4039,236,233,128,1880,Krummholz,Leighcan,Rawah
6916,3291,319,25,402,112,4436,147,208,197,1308,Krummholz,Leighcan,Rawah
6917,2964,92,18,210,21,335,245,209,86,1249,Spruce_Fir,Legault,Rawah
6918,2853,35,12,0,0,1332,219,214,129,2554,Lodgepole Pine,Catacount,Comanche Peak
6919,2807,63,11,30,8,1113,230,218,121,2148,Aspen,Cryaquolis,Comanche Peak
6920,2796,41,15,277,71,1148,221,207,118,1689,Lodgepole Pine,Catacount,Comanche Peak
6921,2714,106,7,30,-2,1140,232,232,132,573,Aspen,Vanet,Comanche Peak
6922,2707,162,10,0,0,1103,230,243,144,516,Aspen,Vanet,Comanche Peak
6923,2702,178,11,85,10,1040,225,247,152,457,Ponderosa Pine,Vanet,Comanche Peak
6924,2699,130,8,295,30,872,233,236,135,424,Ponderosa Pine,Vanet,Comanche Peak
6925,3358,105,23,150,-33,3711,252,205,68,2635,Krummholz,Cryorthents,Rawah
6926,3290,50,7,0,0,3855,224,224,135,2201,Krummholz,Leighcan,Rawah
6927,3267,95,10,0,0,3912,237,225,118,2069,Krummholz,Leighcan,Rawah
6928,3250,82,12,0,0,3973,237,219,111,1940,Krummholz,Leighcan,Rawah
6929,2855,242,22,400,74,1470,172,252,212,1493,Lodgepole Pine,Vanet,Comanche Peak
6930,2698,152,8,256,29,914,230,240,142,451,Ponderosa Pine,Vanet,Comanche Peak
6931,2669,126,16,361,25,807,245,227,106,485,Ponderosa Pine,Vanet,Comanche Peak
6932,2655,123,16,404,15,765,246,226,103,510,Ponderosa Pine,Vanet,Comanche Peak
6933,2535,194,4,0,0,95,219,243,160,1452,Douglas-fir,Vanet,Comanche Peak
6934,3215,310,11,90,13,4204,191,233,182,1487,Krummholz,Cryaquolis,Rawah
6935,3224,308,21,150,22,4236,160,223,201,1443,Krummholz,Leighcan,Rawah
6936,2912,98,21,150,-20,228,249,205,73,1087,Spruce_Fir,Legault,Rawah
6937,2669,45,6,30,-2,1476,222,227,140,1397,Aspen,Catacount,Comanche Peak
6938,2696,137,11,0,0,1146,237,236,128,551,Aspen,Vanet,Comanche Peak
6939,2692,156,10,0,0,1124,232,241,140,537,Aspen,Vanet,Comanche Peak
6940,2610,110,14,510,33,649,243,224,107,618,Aspen,Vanet,Comanche Peak
6941,2588,1,14,234,30,402,199,213,150,890,Ponderosa Pine,Catacount,Comanche Peak
6942,2564,28,16,67,11,379,212,205,125,1155,Douglas-fir,Catacount,Comanche Peak
6943,2555,24,13,42,7,306,213,211,133,1265,Douglas-fir,Cryaquolis,Comanche Peak
6944,2535,342,1,30,1,108,217,237,157,1461,Douglas-fir,Vanet,Comanche Peak
6945,2594,357,15,516,208,769,196,212,153,1087,Ponderosa Pine,Catacount,Cache la Poudre
6946,2595,1,14,390,108,782,199,213,150,1026,Ponderosa Pine,Catacount,Cache la Poudre
6947,2596,335,11,360,109,780,195,225,169,1019,Ponderosa Pine,Catacount,Cache la Poudre
6948,3333,22,15,85,-2,3684,210,208,131,2502,Krummholz,Cryorthents,Rawah
6949,3316,26,7,30,-3,3719,217,225,144,2391,Krummholz,Cryorthents,Rawah
6950,3478,76,26,778,244,2114,241,181,54,1687,Spruce_Fir,Cryorthents,Rawah
6951,3005,264,9,720,-63,1632,199,244,185,2205,Lodgepole Pine,Catacount,Comanche Peak
6952,3118,256,2,391,37,1708,214,240,163,2930,Spruce_Fir,Catacount,Comanche Peak
6953,2682,73,11,0,0,1458,233,218,115,1395,Aspen,Catacount,Comanche Peak
6954,2579,15,15,134,20,390,206,209,138,1061,Ponderosa Pine,Catacount,Comanche Peak
6955,2544,38,15,60,0,201,218,205,118,1387,Douglas-fir,Cryaquolis,Comanche Peak
6956,2536,33,5,42,1,127,219,229,147,1471,Douglas-fir,Vanet,Comanche Peak
6957,3405,75,31,108,13,3596,240,167,35,2714,Krummholz,Cryorthents,Rawah
6958,3359,47,20,150,4,3631,222,193,97,2574,Krummholz,Cryorthents,Rawah
6959,3320,16,12,0,0,3690,209,214,141,2379,Krummholz,Cryorthents,Rawah
6960,3118,346,7,323,43,2049,207,229,161,2403,Lodgepole Pine,Catacount,Comanche Peak
6961,2681,15,14,42,4,1517,207,210,138,1348,Aspen,Catacount,Comanche Peak
6962,2679,16,14,67,4,1530,208,211,138,1339,Aspen,Catacount,Comanche Peak
6963,2865,222,13,446,227,1560,204,252,183,1449,Lodgepole Pine,Vanet,Comanche Peak
6964,2653,135,17,300,13,860,244,231,110,569,Ponderosa Pine,Vanet,Comanche Peak
6965,2615,107,16,457,-24,708,246,219,98,649,Aspen,Vanet,Comanche Peak
6966,2604,10,16,255,48,446,200,205,139,949,Ponderosa Pine,Catacount,Comanche Peak
6967,2586,11,18,134,33,430,198,200,136,1154,Douglas-fir,Catacount,Comanche Peak
6968,2551,35,18,90,3,216,215,198,113,1398,Douglas-fir,Catacount,Comanche Peak
6969,3329,10,17,0,0,3662,200,204,138,2368,Krummholz,Cryorthents,Rawah
6970,3077,24,9,85,11,2255,215,220,141,2265,Spruce_Fir,Catacount,Comanche Peak
6971,3104,321,9,319,6,2382,196,231,175,2230,Lodgepole Pine,Catacount,Comanche Peak
6972,3219,15,12,566,7,2242,209,215,142,1177,Spruce_Fir,Catacount,Comanche Peak
6973,3151,153,17,228,45,2382,238,239,124,1635,Lodgepole Pine,Catacount,Comanche Peak
6974,2699,90,11,0,0,1456,237,222,114,1371,Aspen,Catacount,Comanche Peak
6975,2695,40,8,0,0,1473,221,222,135,1359,Aspen,Catacount,Comanche Peak
6976,2641,138,14,309,1,849,241,234,119,607,Ponderosa Pine,Vanet,Comanche Peak
6977,2596,49,5,532,-43,658,222,229,142,726,Aspen,Cryaquolis,Comanche Peak
6978,2595,2,6,510,34,636,212,229,154,745,Aspen,Cryaquolis,Comanche Peak
6979,2560,33,20,120,12,234,212,191,107,1410,Douglas-fir,Catacount,Comanche Peak
6980,2622,30,9,454,111,690,218,220,138,959,Ponderosa Pine,Catacount,Cache la Poudre
6981,3384,36,20,162,25,3558,215,193,106,2609,Krummholz,Cryorthents,Rawah
6982,3379,27,19,134,20,3565,209,196,118,2581,Krummholz,Cryorthents,Rawah
6983,3353,39,15,42,-1,3598,219,206,118,2468,Krummholz,Cryorthents,Rawah
6984,3675,44,18,1045,263,2661,221,198,105,1237,Spruce_Fir,Cryorthents,Rawah
6985,3481,98,28,774,196,2126,252,187,43,1632,Spruce_Fir,Cryorthents,Rawah
6986,3027,128,22,42,-1,631,250,220,85,1410,Spruce_Fir,Legault,Rawah
6987,2702,3,19,67,8,1531,191,201,144,1310,Aspen,Catacount,Comanche Peak
6988,2747,214,28,210,7,1627,183,253,192,1282,Lodgepole Pine,Vanet,Comanche Peak
6989,2676,192,13,30,-3,1172,219,250,162,626,Aspen,Vanet,Comanche Peak
6990,2678,191,15,42,9,1149,218,250,162,618,Ponderosa Pine,Vanet,Comanche Peak
6991,2621,123,13,379,-18,792,241,230,115,671,Aspen,Vanet,Comanche Peak
6992,2615,118,13,408,-24,768,242,228,114,685,Aspen,Cryaquolis,Comanche Peak
6993,2600,54,6,495,-39,700,224,227,138,732,Aspen,Cryaquolis,Comanche Peak
6994,2599,349,8,525,38,658,205,226,160,768,Ponderosa Pine,Catacount,Comanche Peak
6995,2618,18,15,277,59,495,207,206,133,1008,Ponderosa Pine,Catacount,Comanche Peak
6996,2583,26,22,150,35,300,203,186,111,1369,Douglas-fir,Catacount,Comanche Peak
6997,2622,17,14,571,111,658,208,210,137,979,Ponderosa Pine,Catacount,Cache la Poudre
6998,3394,36,19,153,17,3529,215,195,109,2599,Krummholz,Cryorthents,Rawah
6999,3349,3,20,67,19,3615,189,198,142,2318,Krummholz,Cryorthents,Rawah
7000,3430,53,32,255,124,4186,219,155,47,902,Krummholz,Cryorthents,Rawah
7001,3236,133,16,437,76,1310,244,230,109,1897,Spruce_Fir,Legault,Rawah
7002,2661,21,22,124,37,716,199,186,116,1211,Lodgepole Pine,Catacount,Comanche Peak
7003,3078,113,16,30,3,1511,246,221,98,3055,Spruce_Fir,Cryaquolis,Comanche Peak
7004,3239,5,11,384,46,2384,205,218,149,1343,Spruce_Fir,Catacount,Comanche Peak
7005,2742,150,25,42,17,1387,243,230,102,1448,Aspen,Vanet,Comanche Peak
7006,2721,147,18,30,4,1423,241,235,116,1399,Aspen,Cryaquolis,Comanche Peak
7007,2711,126,4,0,0,1463,227,237,145,1355,Aspen,Catacount,Comanche Peak
7008,2655,154,14,127,15,1034,236,240,130,631,Ponderosa Pine,Vanet,Comanche Peak
7009,2624,16,16,283,65,518,204,205,134,1050,Ponderosa Pine,Catacount,Comanche Peak
7010,2621,17,18,268,68,514,203,200,130,1074,Ponderosa Pine,Catacount,Comanche Peak
7011,2609,14,21,201,61,417,196,192,127,1276,Douglas-fir,Catacount,Comanche Peak
7012,2594,25,23,180,46,319,201,184,110,1382,Douglas-fir,Catacount,Comanche Peak
7013,3424,78,20,201,21,3479,241,200,81,2676,Krummholz,Cryorthents,Rawah
7014,3125,355,6,537,52,1885,211,230,157,2589,Spruce_Fir,Catacount,Comanche Peak
7015,2948,54,13,497,-4,2067,227,211,114,2927,Spruce_Fir,Cryaquolis,Comanche Peak
7016,2713,344,8,30,0,1489,205,228,162,1329,Aspen,Catacount,Comanche Peak
7017,2721,346,20,67,15,1549,178,205,163,1276,Aspen,Catacount,Comanche Peak
7018,2641,141,13,162,1,999,238,236,125,666,Aspen,Vanet,Comanche Peak
7019,2619,69,10,365,-20,830,231,221,122,725,Aspen,Cryaquolis,Comanche Peak
7020,2619,345,13,488,61,649,193,218,164,872,Ponderosa Pine,Catacount,Comanche Peak
7021,2555,60,19,67,18,247,231,197,91,1557,Douglas-fir,Catacount,Comanche Peak
7022,3363,38,11,0,0,3511,220,215,128,2438,Krummholz,Cryorthents,Rawah
7023,3362,1,12,30,3,3520,202,216,151,2410,Krummholz,Cryorthents,Rawah
7024,3615,84,24,1025,330,2466,245,192,63,1318,Spruce_Fir,Cryorthents,Rawah
7025,3220,101,16,283,47,2474,245,216,95,1441,Spruce_Fir,Leighcan,Comanche Peak
7026,2989,51,10,67,6,2580,225,218,126,2306,Spruce_Fir,Cryaquolis,Comanche Peak
7027,2952,55,13,470,0,2086,228,212,115,2940,Spruce_Fir,Cryaquolis,Comanche Peak
7028,2718,63,6,0,0,1465,226,227,135,1365,Aspen,Cryaquolis,Comanche Peak
7029,2716,7,8,30,0,1490,211,225,151,1333,Aspen,Cryaquolis,Comanche Peak
7030,2716,346,10,30,3,1503,201,225,162,1317,Aspen,Catacount,Comanche Peak
7031,2722,338,14,60,9,1530,188,219,169,1288,Aspen,Catacount,Comanche Peak
7032,2728,342,18,85,18,1559,179,210,167,1261,Aspen,Catacount,Comanche Peak
7033,2658,150,10,0,0,1209,233,240,137,706,Aspen,Vanet,Comanche Peak
7034,2656,156,14,0,0,1188,235,241,133,700,Aspen,Vanet,Comanche Peak
7035,2640,145,11,124,0,1040,236,238,132,693,Aspen,Vanet,Comanche Peak
7036,2623,21,23,240,75,382,198,185,115,1384,Douglas-fir,Catacount,Comanche Peak
7037,2543,65,15,30,7,270,233,209,105,1624,Douglas-fir,Catacount,Comanche Peak
7038,3446,62,30,170,9,3413,230,165,47,2687,Krummholz,Cryorthents,Rawah
7039,3417,68,13,247,100,4045,233,214,111,771,Spruce_Fir,Cryorthents,Rawah
7040,2992,51,24,60,-6,532,224,182,80,1242,Spruce_Fir,Legault,Rawah
7041,3109,299,8,162,13,2028,197,237,180,2452,Lodgepole Pine,Catacount,Comanche Peak
7042,3135,45,2,516,61,1842,219,235,152,2617,Spruce_Fir,Catacount,Comanche Peak
7043,2766,132,13,30,3,1380,241,233,120,1702,Aspen,Catacount,Comanche Peak
7044,2725,331,14,67,12,1543,186,222,175,1276,Aspen,Catacount,Comanche Peak
7045,2733,335,17,95,20,1571,178,214,174,1248,Aspen,Catacount,Comanche Peak
7046,2746,358,18,150,40,1631,189,204,150,1198,Aspen,Catacount,Comanche Peak
7047,2702,220,32,150,61,1744,167,250,202,1177,Lodgepole Pine,Vanet,Comanche Peak
7048,2784,179,25,418,176,1678,221,245,142,1451,Lodgepole Pine,Vanet,Comanche Peak
7049,2644,149,16,0,0,1183,239,237,122,726,Aspen,Vanet,Comanche Peak
7050,2639,176,9,60,0,1107,225,245,153,720,Ponderosa Pine,Vanet,Comanche Peak
7051,2638,158,8,90,-1,1082,229,242,145,721,Aspen,Vanet,Comanche Peak
7052,2631,352,2,210,-8,984,216,236,157,735,Aspen,Cryaquolis,Comanche Peak
7053,2632,13,4,270,-7,937,215,231,152,750,Aspen,Cryaquolis,Comanche Peak
7054,2629,32,9,330,-10,892,218,221,138,769,Ponderosa Pine,Catacount,Comanche Peak
7055,2631,334,10,531,74,700,197,227,169,918,Ponderosa Pine,Catacount,Comanche Peak
7056,2645,4,15,313,97,566,199,210,147,1224,Ponderosa Pine,Vanet,Comanche Peak
7057,2645,9,14,301,97,516,203,211,144,1273,Ponderosa Pine,Vanet,Comanche Peak
7058,3433,48,23,108,-3,3398,222,183,85,2621,Krummholz,Cryorthents,Rawah
7059,3424,52,23,95,-12,3405,225,184,81,2592,Krummholz,Cryorthents,Rawah
7060,3473,92,16,404,167,4287,243,214,95,834,Krummholz,Cryorthents,Rawah
7061,2825,303,35,300,179,1200,104,198,223,1585,Lodgepole Pine,Catacount,Comanche Peak
7062,2943,322,17,570,297,1425,175,221,185,1825,Lodgepole Pine,Catacount,Comanche Peak
7063,3105,308,11,134,33,1380,190,233,183,2992,Lodgepole Pine,Catacount,Comanche Peak
7064,3157,121,12,67,16,2552,241,230,116,1663,Spruce_Fir,Catacount,Comanche Peak
7065,2958,5,10,234,30,1871,207,220,150,2797,Lodgepole Pine,Catacount,Comanche Peak
7066,2728,338,13,85,12,1557,191,221,169,1266,Aspen,Catacount,Comanche Peak
7067,2636,145,15,30,-12,1199,239,237,123,755,Aspen,Vanet,Comanche Peak
7068,2633,171,10,0,0,1173,227,245,149,752,Aspen,Vanet,Comanche Peak
7069,2635,342,5,240,-4,979,209,232,161,771,Aspen,Cryaquolis,Comanche Peak
7070,2654,9,10,351,106,607,209,221,149,1218,Ponderosa Pine,Vanet,Comanche Peak
7071,2503,49,5,30,-2,242,222,228,141,1518,Douglas-fir,Catacount,Comanche Peak
7072,3420,59,25,60,-16,3384,229,178,67,2555,Krummholz,Cryorthents,Rawah
7073,3407,60,25,42,4,3392,230,180,68,2526,Krummholz,Cryorthents,Rawah
7074,3004,65,12,67,-8,2670,231,216,116,2232,Spruce_Fir,Cryaquolis,Comanche Peak
7075,2736,26,12,90,5,1549,214,213,133,1290,Aspen,Catacount,Comanche Peak
7076,2732,351,10,95,10,1572,202,223,159,1256,Aspen,Catacount,Comanche Peak
7077,2764,343,16,190,53,1667,186,214,166,1155,Aspen,Catacount,Comanche Peak
7078,2744,102,14,420,-16,1543,243,221,104,1041,Ponderosa Pine,Catacount,Comanche Peak
7079,2630,151,13,30,-2,1215,237,239,130,785,Aspen,Vanet,Comanche Peak
7080,2629,191,9,0,0,1190,220,247,161,782,Aspen,Cryaquolis,Comanche Peak
7081,2634,200,6,60,-5,1140,218,245,163,780,Ponderosa Pine,Cryaquolis,Comanche Peak
7082,2637,32,9,360,-2,912,218,220,137,836,Ponderosa Pine,Catacount,Comanche Peak
7083,2650,357,4,430,97,671,213,232,157,1124,Ponderosa Pine,Vanet,Comanche Peak
7084,2524,56,14,30,-3,379,228,209,111,1590,Douglas-fir,Catacount,Comanche Peak
7085,2511,82,7,30,-4,319,230,228,132,1539,Douglas-fir,Catacount,Comanche Peak
7086,3382,335,4,162,23,3445,211,234,162,2259,Krummholz,Cryaquolis,Rawah
7087,3075,108,14,30,-13,2644,243,223,107,1931,Spruce_Fir,Catacount,Comanche Peak
7088,2745,319,14,150,27,1624,182,226,183,1199,Aspen,Catacount,Comanche Peak
7089,2757,315,15,175,41,1650,177,226,188,1168,Aspen,Catacount,Comanche Peak
7090,2762,320,15,190,49,1664,179,224,184,1154,Aspen,Catacount,Comanche Peak
7091,2736,102,14,418,157,1565,243,221,104,1045,Ponderosa Pine,Catacount,Comanche Peak
7092,2695,131,16,350,11,1541,244,230,109,957,Ponderosa Pine,Vanet,Comanche Peak
7093,2651,348,7,454,123,741,207,229,160,1045,Ponderosa Pine,Vanet,Comanche Peak
7094,2651,11,1,470,98,706,217,236,156,1124,Ponderosa Pine,Vanet,Comanche Peak
7095,2652,45,1,350,119,492,219,236,155,1423,Ponderosa Pine,Vanet,Comanche Peak
7096,3393,29,14,42,3,3368,214,208,127,2394,Krummholz,Cryaquolis,Rawah
7097,2738,106,12,324,109,864,241,225,112,997,Lodgepole Pine,Catacount,Comanche Peak
7098,2688,100,16,120,50,957,245,216,96,1158,Lodgepole Pine,Catacount,Comanche Peak
7099,2792,94,14,30,8,1503,241,218,103,1747,Aspen,Cryaquolis,Comanche Peak
7100,2746,33,12,150,13,1605,218,214,131,1242,Aspen,Catacount,Comanche Peak
7101,2762,317,16,201,46,1677,176,224,187,1142,Aspen,Catacount,Comanche Peak
7102,2768,319,16,216,52,1691,176,224,187,1128,Aspen,Catacount,Comanche Peak
7103,2660,17,16,67,11,1890,205,205,133,994,Lodgepole Pine,Catacount,Comanche Peak
7104,2763,171,17,395,179,1661,230,245,141,1231,Lodgepole Pine,Vanet,Comanche Peak
7105,2750,146,12,390,166,1616,236,238,131,1126,Ponderosa Pine,Vanet,Comanche Peak
7106,2617,173,12,0,0,1249,227,246,149,845,Aspen,Vanet,Comanche Peak
7107,2654,27,3,430,126,759,218,232,151,1087,Ponderosa Pine,Vanet,Comanche Peak
7108,2463,117,2,0,0,42,223,237,150,1259,Douglas-fir,Catacount,Comanche Peak
7109,3093,62,19,85,-3,780,232,196,89,1276,Spruce_Fir,Legault,Rawah
7110,2796,127,15,30,3,1535,243,229,111,1756,Aspen,Cryaquolis,Comanche Peak
7111,2757,22,13,175,21,1622,212,213,136,1237,Aspen,Catacount,Comanche Peak
7112,2752,164,16,361,168,1679,233,243,136,1230,Ponderosa Pine,Vanet,Comanche Peak
7113,2659,132,17,297,-4,1507,245,228,105,953,Ponderosa Pine,Vanet,Comanche Peak
7114,2611,179,14,0,0,1266,225,248,152,875,Aspen,Vanet,Comanche Peak
7115,2562,50,21,124,34,454,225,191,91,1556,Douglas-fir,Catacount,Comanche Peak
7116,2553,44,20,120,25,459,220,192,98,1537,Douglas-fir,Catacount,Comanche Peak
7117,2546,40,20,120,18,446,217,192,101,1518,Douglas-fir,Catacount,Comanche Peak
7118,3412,39,22,85,0,3302,215,186,97,2408,Krummholz,Cryorthents,Rawah
7119,3015,78,15,240,-18,558,238,211,100,1064,Spruce_Fir,Legault,Rawah
7120,2997,341,13,690,-123,1606,192,220,166,1879,Lodgepole Pine,Catacount,Comanche Peak
7121,2795,142,13,30,4,1567,239,237,125,1765,Aspen,Cryaquolis,Comanche Peak
7122,2789,336,20,256,67,1731,172,209,174,1091,Aspen,Catacount,Comanche Peak
7123,2701,192,28,228,91,1867,205,249,160,1425,Lodgepole Pine,Vanet,Comanche Peak
7124,2681,122,23,300,102,1614,252,214,77,1034,Ponderosa Pine,Vanet,Comanche Peak
7125,2627,174,28,150,4,1406,224,241,131,931,Ponderosa Pine,Vanet,Comanche Peak
7126,2657,168,13,371,129,816,230,245,144,1134,Ponderosa Pine,Vanet,Comanche Peak
7127,2467,33,8,42,5,95,219,223,140,1201,Douglas-fir,Catacount,Comanche Peak
7128,3405,47,18,150,10,3302,223,198,103,2314,Krummholz,Cryorthents,Rawah
7129,3390,24,6,216,13,3332,217,226,146,2226,Krummholz,Cryorthents,Rawah
7130,2974,99,22,277,-33,488,250,204,71,966,Spruce_Fir,Legault,Rawah
7131,3058,315,15,390,-62,1986,179,227,187,2271,Lodgepole Pine,Catacount,Comanche Peak
7132,3263,90,10,190,24,2629,236,224,118,1566,Krummholz,Leighcan,Comanche Peak
7133,2836,116,7,42,7,1624,233,233,133,1906,Lodgepole Pine,Vanet,Comanche Peak
7134,2795,42,6,0,0,1597,221,226,140,1749,Aspen,Cryaquolis,Comanche Peak
7135,2791,57,10,0,0,1595,227,219,125,1724,Aspen,Cryaquolis,Comanche Peak
7136,2788,63,14,362,76,1842,232,210,107,981,Aspen,Catacount,Comanche Peak
7137,2719,158,24,306,135,1689,237,236,114,1158,Ponderosa Pine,Vanet,Comanche Peak
7138,2612,203,26,240,-27,1124,197,252,177,942,Ponderosa Pine,Vanet,Comanche Peak
7139,2538,86,8,201,20,390,232,227,129,1348,Ponderosa Pine,Catacount,Comanche Peak
7140,3449,107,7,0,0,3210,233,232,131,2512,Krummholz,Cryorthents,Rawah
7141,3427,234,31,384,172,3313,153,249,219,626,Spruce_Fir,Leighcan,Rawah
7142,3557,119,26,904,272,2461,253,207,63,1209,Spruce_Fir,Cryorthents,Rawah
7143,3139,40,12,510,58,1343,221,213,124,2619,Spruce_Fir,Catacount,Comanche Peak
7144,2868,140,13,60,0,1708,239,236,125,2081,Aspen,Vanet,Comanche Peak
7145,2768,356,15,268,29,1717,196,213,154,1149,Aspen,Catacount,Comanche Peak
7146,2770,333,16,270,33,1728,182,218,175,1129,Aspen,Catacount,Comanche Peak
7147,2789,329,21,285,56,1761,164,210,182,1074,Aspen,Catacount,Comanche Peak
7148,2805,347,13,350,87,1825,196,219,162,994,Aspen,Catacount,Comanche Peak
7149,2611,123,18,216,50,1514,247,224,99,1015,Ponderosa Pine,Vanet,Comanche Peak
7150,2583,167,24,108,20,1416,231,241,127,983,Ponderosa Pine,Vanet,Comanche Peak
7151,3447,121,1,30,-1,3198,221,237,152,2448,Krummholz,Cryaquolis,Rawah
7152,3447,35,8,42,2,3207,219,224,140,2418,Krummholz,Cryaquolis,Rawah
7153,3308,73,16,108,23,1674,237,207,96,1945,Spruce_Fir,Leighcan,Rawah
7154,3230,119,17,90,-5,1357,246,223,100,1691,Spruce_Fir,Leighcan,Rawah
7155,3115,353,11,67,5,1940,201,221,158,2669,Spruce_Fir,Catacount,Comanche Peak
7156,3188,71,11,633,113,1584,233,218,115,2568,Spruce_Fir,Catacount,Comanche Peak
7157,3243,81,11,67,4,2723,235,219,114,1666,Krummholz,Leighcan,Comanche Peak
7158,2808,50,11,30,-4,1663,225,215,123,1772,Aspen,Cryaquolis,Comanche Peak
7159,2807,346,16,335,72,1812,186,212,163,1015,Aspen,Catacount,Comanche Peak
7160,2568,222,18,30,-4,1318,195,254,191,992,Ponderosa Pine,Vanet,Comanche Peak
7161,2609,219,17,300,62,1110,198,254,188,1019,Ponderosa Pine,Vanet,Comanche Peak
7162,2633,216,14,277,105,911,205,253,181,1190,Ponderosa Pine,Vanet,Comanche Peak
7163,2620,197,13,313,92,828,216,251,167,1318,Ponderosa Pine,Vanet,Comanche Peak
7164,2590,65,15,256,62,570,233,208,103,1506,Douglas-fir,Vanet,Comanche Peak
7165,2582,63,15,247,54,571,232,209,106,1486,Douglas-fir,Vanet,Comanche Peak
7166,2504,74,14,190,18,324,236,213,106,1221,Ponderosa Pine,Catacount,Comanche Peak
7167,3437,61,19,120,-7,3207,232,198,91,2324,Krummholz,Cryaquolis,Rawah
7168,3145,54,11,516,64,1276,226,216,122,2565,Spruce_Fir,Catacount,Comanche Peak
7169,3263,88,11,108,4,2716,236,222,116,1651,Krummholz,Leighcan,Comanche Peak
7170,3034,89,15,190,29,2313,242,214,98,3050,Lodgepole Pine,Catacount,Comanche Peak
7171,2810,25,14,85,10,1684,213,210,131,1678,Aspen,Cryaquolis,Comanche Peak
7172,2783,4,14,323,40,1774,201,212,148,1104,Aspen,Catacount,Comanche Peak
7173,2611,85,14,324,83,607,240,215,102,1550,Ponderosa Pine,Vanet,Comanche Peak
7174,2558,48,13,270,30,537,224,212,120,1364,Douglas-fir,Vanet,Comanche Peak
7175,3378,240,13,277,123,3391,196,250,191,524,Spruce_Fir,Leighcan,Rawah
7176,3191,93,9,0,0,1265,234,227,125,1557,Spruce_Fir,Legault,Rawah
7177,2970,71,17,268,42,488,237,204,92,853,Spruce_Fir,Legault,Rawah
7178,3132,349,13,408,51,1170,195,218,161,2576,Spruce_Fir,Catacount,Comanche Peak
7179,3343,82,16,256,23,2644,240,210,96,1604,Krummholz,Leighcan,Comanche Peak
7180,2830,48,6,60,-4,1742,222,227,140,1852,Aspen,Cryaquolis,Comanche Peak
7181,2813,31,14,124,13,1712,216,209,126,1638,Aspen,Catacount,Comanche Peak
7182,2820,326,19,371,83,1844,169,215,184,1003,Aspen,Catacount,Comanche Peak
7183,2824,1,12,402,91,1879,202,216,151,949,Aspen,Catacount,Comanche Peak
7184,2822,39,10,376,56,1932,221,218,131,886,Aspen,Catacount,Comanche Peak
7185,2673,166,26,201,89,1869,231,238,121,1403,Ponderosa Pine,Vanet,Comanche Peak
7186,2665,179,27,180,81,1842,220,244,139,1345,Ponderosa Pine,Vanet,Comanche Peak
7187,2612,104,14,150,33,1590,242,222,107,1110,Ponderosa Pine,Vanet,Comanche Peak
7188,2602,88,13,127,41,1542,239,218,107,1092,Ponderosa Pine,Vanet,Comanche Peak
7189,2577,89,25,95,16,1495,248,192,58,1077,Ponderosa Pine,Vanet,Comanche Peak
7190,2558,178,7,0,0,1380,224,245,155,1054,Aspen,Cryaquolis,Comanche Peak
7191,2606,141,15,247,78,891,241,235,119,1345,Ponderosa Pine,Vanet,Comanche Peak
7192,2582,66,13,301,54,624,232,214,111,1421,Douglas-fir,Vanet,Comanche Peak
7193,2539,73,17,313,11,484,237,206,94,1249,Ponderosa Pine,Vanet,Comanche Peak
7194,2494,14,10,240,29,283,211,220,145,1115,Douglas-fir,Catacount,Comanche Peak
7195,3213,80,14,0,0,1387,238,215,105,1655,Spruce_Fir,Leighcan,Rawah
7196,2950,269,39,450,316,1528,95,221,248,1595,Lodgepole Pine,Catacount,Comanche Peak
7197,3296,87,12,150,11,2737,238,220,111,1666,Krummholz,Leighcan,Comanche Peak
7198,3255,63,10,30,-3,2790,229,220,123,1728,Krummholz,Leighcan,Comanche Peak
7199,2820,331,16,268,27,1742,181,219,176,1441,Lodgepole Pine,Catacount,Comanche Peak
7200,2801,15,15,371,52,1822,206,209,138,1082,Aspen,Catacount,Comanche Peak
7201,2829,14,11,430,94,1907,210,217,144,924,Aspen,Catacount,Comanche Peak
7202,2828,14,9,443,95,1919,212,222,147,907,Aspen,Catacount,Comanche Peak
7203,2823,70,7,362,57,1959,228,226,132,860,Aspen,Catacount,Comanche Peak
7204,2645,163,20,124,66,1756,234,241,129,1207,Ponderosa Pine,Vanet,Comanche Peak
7205,2555,166,8,30,-3,1423,227,243,149,1087,Aspen,Cryaquolis,Comanche Peak
7206,2600,135,17,218,70,912,244,230,109,1368,Ponderosa Pine,Vanet,Comanche Peak
7207,2584,62,11,331,56,649,230,216,118,1400,Douglas-fir,Vanet,Comanche Peak
7208,2529,56,14,309,43,450,228,208,110,1190,Ponderosa Pine,Vanet,Comanche Peak
7209,2500,28,12,268,38,309,215,213,133,1087,Douglas-fir,Catacount,Comanche Peak
7210,3248,77,20,30,-8,1510,241,198,79,1756,Spruce_Fir,Leighcan,Rawah
7211,3187,351,12,742,91,1442,199,220,159,2439,Spruce_Fir,Catacount,Comanche Peak
7212,3294,55,12,108,9,2773,227,215,119,1703,Krummholz,Leighcan,Comanche Peak
7213,3264,48,13,30,5,2810,224,212,120,1746,Krummholz,Leighcan,Comanche Peak
7214,3259,51,12,0,0,2819,226,214,120,1756,Krummholz,Leighcan,Comanche Peak
7215,3244,52,13,30,-1,2846,226,211,116,1788,Krummholz,Leighcan,Comanche Peak
7216,2811,327,20,418,64,1869,167,213,184,1018,Aspen,Catacount,Comanche Peak
7217,2830,40,7,408,64,1959,221,224,138,865,Aspen,Catacount,Comanche Peak
7218,2824,76,8,351,58,1986,230,226,128,834,Aspen,Catacount,Comanche Peak
7219,2636,24,19,67,18,2130,206,194,119,918,Lodgepole Pine,Catacount,Comanche Peak
7220,2616,200,17,30,8,2072,211,253,171,1273,Spruce_Fir,Vanet,Comanche Peak
7221,2615,151,24,90,36,1698,242,232,105,1198,Ponderosa Pine,Vanet,Comanche Peak
7222,2596,113,20,67,35,1556,250,215,84,1142,Ponderosa Pine,Vanet,Comanche Peak
7223,2551,32,4,0,0,1421,219,230,147,1114,Ponderosa Pine,Cryaquolis,Comanche Peak
7224,2560,200,17,175,32,1075,211,253,171,1222,Ponderosa Pine,Vanet,Comanche Peak
7225,2589,216,20,216,59,895,196,254,188,1429,Ponderosa Pine,Vanet,Comanche Peak
7226,2574,37,9,360,46,618,220,219,134,1296,Douglas-fir,Vanet,Comanche Peak
7227,2527,57,15,323,41,446,229,208,109,1148,Douglas-fir,Vanet,Comanche Peak
7228,2506,48,13,277,69,335,224,211,118,1060,Douglas-fir,Vanet,Comanche Peak
7229,2952,98,10,153,24,390,237,225,118,726,Spruce_Fir,Legault,Rawah
7230,3399,303,5,376,30,1896,206,237,170,741,Krummholz,Leighcan,Comanche Peak
7231,3377,87,10,255,28,2657,236,223,118,1676,Krummholz,Leighcan,Comanche Peak
7232,3371,85,9,216,22,2683,233,225,124,1684,Krummholz,Leighcan,Comanche Peak
7233,3293,53,14,67,8,2809,227,208,111,1739,Krummholz,Leighcan,Comanche Peak
7234,2820,325,20,446,71,1897,165,213,186,997,Aspen,Catacount,Comanche Peak
7235,2625,161,27,108,41,1945,235,235,112,1452,Ponderosa Pine,Vanet,Comanche Peak
7236,2561,78,15,0,0,1530,238,211,99,1159,Ponderosa Pine,Cryaquolis,Comanche Peak
7237,2589,192,26,150,61,1040,208,249,160,1348,Ponderosa Pine,Vanet,Comanche Peak
7238,2610,147,10,443,82,730,234,239,136,1495,Ponderosa Pine,Vanet,Comanche Peak
7239,2600,117,7,408,72,721,232,234,135,1425,Ponderosa Pine,Vanet,Comanche Peak
7240,2577,29,6,390,49,644,218,226,144,1273,Douglas-fir,Vanet,Comanche Peak
7241,2531,56,15,351,45,467,229,206,106,1123,Douglas-fir,Vanet,Comanche Peak
7242,2525,45,12,342,39,446,223,213,122,1107,Douglas-fir,Vanet,Comanche Peak
7243,2492,90,18,212,55,342,245,208,85,1008,Ponderosa Pine,Vanet,Comanche Peak
7244,3527,104,17,938,242,2532,247,216,92,1092,Spruce_Fir,Cryorthents,Rawah
7245,3247,65,16,90,-20,1505,234,206,99,1708,Spruce_Fir,Leighcan,Rawah
7246,3377,287,5,201,13,1630,206,240,172,853,Krummholz,Leighcan,Comanche Peak
7247,3393,290,7,297,24,1779,200,239,178,767,Krummholz,Leighcan,Comanche Peak
7248,3410,310,7,470,41,1979,201,235,174,684,Krummholz,Leighcan,Comanche Peak
7249,3413,303,8,497,44,1987,198,236,178,677,Krummholz,Leighcan,Comanche Peak
7250,3411,42,6,446,62,2591,221,227,141,1495,Krummholz,Leighcan,Comanche Peak
7251,3410,49,5,418,61,2602,222,229,142,1513,Krummholz,Leighcan,Comanche Peak
7252,3407,74,8,390,58,2613,230,226,129,1533,Krummholz,Leighcan,Comanche Peak
7253,3377,83,11,234,28,2684,236,220,114,1655,Krummholz,Leighcan,Comanche Peak
7254,3337,87,17,134,5,2764,242,210,92,1727,Krummholz,Leighcan,Comanche Peak
7255,3298,48,15,42,1,2838,224,206,113,1768,Krummholz,Leighcan,Comanche Peak
7256,3280,40,15,0,0,2860,220,206,117,1793,Krummholz,Leighcan,Comanche Peak
7257,2631,147,23,95,26,2002,244,230,102,1533,Ponderosa Pine,Vanet,Comanche Peak
7258,2606,165,23,67,22,1966,233,240,125,1458,Ponderosa Pine,Vanet,Comanche Peak
7259,2564,57,8,0,0,1550,226,223,132,1189,Ponderosa Pine,Cryaquolis,Comanche Peak
7260,2565,221,19,95,22,1326,194,254,191,1176,Ponderosa Pine,Vanet,Comanche Peak
7261,2612,126,17,309,98,832,246,226,103,1613,Ponderosa Pine,Vanet,Comanche Peak
7262,2582,144,10,420,54,711,235,238,133,1316,Ponderosa Pine,Vanet,Comanche Peak
7263,2579,155,9,420,51,698,231,241,142,1294,Douglas-fir,Vanet,Comanche Peak
7264,2578,54,8,420,50,649,225,222,130,1231,Douglas-fir,Vanet,Comanche Peak
7265,2573,54,10,420,45,624,226,218,124,1211,Douglas-fir,Vanet,Comanche Peak
7266,3382,305,8,258,19,1693,198,236,177,792,Krummholz,Leighcan,Comanche Peak
7267,3387,295,9,277,21,1723,195,238,182,774,Krummholz,Leighcan,Comanche Peak
7268,3418,54,8,466,69,2609,225,223,131,1452,Krummholz,Leighcan,Comanche Peak
7269,3397,81,7,295,48,2675,230,227,129,1570,Krummholz,Leighcan,Comanche Peak
7270,3378,81,12,216,29,2711,236,219,112,1634,Krummholz,Leighcan,Comanche Peak
7271,3374,78,7,192,25,2724,229,228,132,1655,Krummholz,Leighcan,Comanche Peak
7272,3371,87,9,170,22,2737,234,224,121,1677,Krummholz,Leighcan,Comanche Peak
7273,3297,59,14,0,0,2874,230,210,110,1805,Krummholz,Leighcan,Comanche Peak
7274,3249,53,10,127,0,2951,226,218,126,1895,Krummholz,Catacount,Comanche Peak
7275,3244,54,11,150,-1,2960,226,217,123,1907,Spruce_Fir,Catacount,Comanche Peak
7276,3148,27,11,446,40,2873,215,217,137,2704,Spruce_Fir,Catacount,Comanche Peak
7277,2570,180,12,120,14,1282,224,247,154,1224,Ponderosa Pine,Vanet,Comanche Peak
7278,2609,209,17,255,95,886,205,254,179,1595,Ponderosa Pine,Vanet,Comanche Peak
7279,2607,128,15,283,91,859,244,229,110,1635,Ponderosa Pine,Vanet,Comanche Peak
7280,2555,49,14,418,107,552,225,210,116,1110,Douglas-fir,Vanet,Comanche Peak
7281,3112,118,22,134,29,872,251,214,79,1047,Spruce_Fir,Legault,Rawah
7282,3068,67,23,120,-14,693,236,186,69,890,Spruce_Fir,Legault,Rawah
7283,3369,315,7,192,15,1519,202,235,172,892,Krummholz,Leighcan,Comanche Peak
7284,3447,314,16,658,78,2087,174,225,190,600,Krummholz,Leighcan,Comanche Peak
7285,3283,65,12,60,-1,2926,232,215,113,1860,Krummholz,Leighcan,Comanche Peak
7286,3150,338,17,342,78,3120,182,214,171,2503,Spruce_Fir,Catacount,Comanche Peak
7287,2832,354,9,510,65,1943,205,224,157,1057,Lodgepole Pine,Catacount,Comanche Peak
7288,2814,112,7,270,48,2120,232,233,133,700,Lodgepole Pine,Catacount,Comanche Peak
7289,2575,132,6,0,0,1890,230,237,140,1369,Ponderosa Pine,Cryaquolis,Comanche Peak
7290,2601,158,11,360,96,830,232,242,139,1489,Ponderosa Pine,Vanet,Comanche Peak
7291,2579,57,7,480,127,661,225,226,136,1167,Douglas-fir,Vanet,Comanche Peak
7292,2576,64,9,467,124,638,229,221,125,1146,Douglas-fir,Vanet,Comanche Peak
7293,3120,258,10,162,4,1917,195,246,189,2594,Lodgepole Pine,Catacount,Comanche Peak
7294,3188,43,12,711,65,1168,222,213,124,2304,Spruce_Fir,Catacount,Comanche Peak
7295,3439,333,14,592,70,2088,186,221,174,577,Krummholz,Leighcan,Comanche Peak
7296,3409,74,7,365,60,2697,229,227,132,1465,Krummholz,Leighcan,Comanche Peak
7297,3281,64,11,95,-3,2963,230,217,118,1897,Krummholz,Leighcan,Comanche Peak
7298,2842,313,12,560,85,2012,189,231,182,918,Aspen,Catacount,Comanche Peak
7299,2849,304,14,569,94,2021,182,233,191,895,Aspen,Catacount,Comanche Peak
7300,2559,170,10,60,8,1333,227,245,149,1283,Ponderosa Pine,Vanet,Comanche Peak
7301,2531,247,6,30,3,1179,207,245,176,1409,Douglas-fir,Cryaquolis,Comanche Peak
7302,2595,197,12,330,90,866,217,250,166,1498,Ponderosa Pine,Vanet,Comanche Peak
7303,3189,137,10,242,100,1087,235,237,132,1215,Spruce_Fir,Legault,Rawah
7304,2788,74,29,351,155,1044,240,173,44,759,Lodgepole Pine,Catacount,Comanche Peak
7305,3202,262,10,576,79,1384,195,245,189,2301,Spruce_Fir,Catacount,Comanche Peak
7306,3181,323,5,537,70,1032,207,235,166,2307,Spruce_Fir,Catacount,Comanche Peak
7307,3408,308,8,404,42,1825,198,235,177,649,Krummholz,Leighcan,Comanche Peak
7308,3452,317,15,659,83,2135,179,225,186,541,Krummholz,Leighcan,Comanche Peak
7309,3418,74,8,421,69,2704,230,226,129,1403,Krummholz,Leighcan,Comanche Peak
7310,3277,62,9,134,-7,3000,228,221,125,1935,Krummholz,Leighcan,Comanche Peak
7311,3274,69,12,150,-5,3009,233,216,113,1945,Krummholz,Leighcan,Comanche Peak
7312,2703,139,15,0,0,2329,241,234,119,579,Aspen,Catacount,Comanche Peak
7313,2680,88,7,0,0,2317,231,229,131,633,Aspen,Catacount,Comanche Peak
7314,2679,40,7,0,0,2315,221,224,139,649,Aspen,Catacount,Comanche Peak
7315,2672,76,15,67,16,2310,237,212,102,830,Lodgepole Pine,Catacount,Comanche Peak
7316,2595,146,11,0,0,2116,235,239,134,1510,Ponderosa Pine,Cryaquolis,Comanche Peak
7317,2545,329,6,0,0,1440,207,233,165,1293,Douglas-fir,Catacount,Comanche Peak
7318,2553,138,13,30,4,1343,239,235,124,1318,Douglas-fir,Cryaquolis,Comanche Peak
7319,2536,180,4,0,0,1289,221,242,156,1348,Douglas-fir,Cryaquolis,Comanche Peak
7320,2533,79,7,30,3,1265,230,227,130,1366,Douglas-fir,Cryaquolis,Comanche Peak
7321,2528,21,7,0,0,1243,215,224,146,1387,Douglas-fir,Cryaquolis,Comanche Peak
7322,2543,94,20,277,95,551,247,205,78,966,Ponderosa Pine,Vanet,Comanche Peak
7323,3374,279,6,258,27,1536,204,241,176,834,Krummholz,Leighcan,Comanche Peak
7324,3387,281,6,319,33,1624,203,241,176,765,Krummholz,Leighcan,Comanche Peak
7325,3464,311,15,700,95,2173,178,228,190,510,Krummholz,Leighcan,Comanche Peak
7326,3429,50,13,510,80,2704,225,212,119,1321,Krummholz,Leighcan,Comanche Peak
7327,3280,67,9,162,-10,3029,229,222,125,1964,Krummholz,Leighcan,Comanche Peak
7328,3277,77,13,175,-7,3037,236,216,110,1974,Krummholz,Leighcan,Comanche Peak
7329,3267,83,18,192,-12,3046,242,206,87,1984,Krummholz,Leighcan,Comanche Peak
7330,3133,83,16,255,25,2843,241,211,96,2896,Lodgepole Pine,Catacount,Comanche Peak
7331,2688,56,11,30,-4,2349,227,218,123,592,Aspen,Catacount,Comanche Peak
7332,2550,167,9,0,0,1399,227,244,149,1337,Douglas-fir,Cryaquolis,Comanche Peak
7333,2534,15,7,0,0,1282,214,225,148,1405,Douglas-fir,Cryaquolis,Comanche Peak
7334,2524,141,10,30,-5,1153,236,237,131,1518,Douglas-fir,Cryaquolis,Comanche Peak
7335,2527,215,21,67,15,1065,195,254,188,1598,Ponderosa Pine,Vanet,Comanche Peak
7336,2582,191,15,270,78,924,218,251,162,1466,Ponderosa Pine,Vanet,Comanche Peak
7337,2579,182,6,285,76,904,222,244,157,1365,Ponderosa Pine,Vanet,Comanche Peak
7338,3493,92,21,892,208,2495,248,202,72,1130,Spruce_Fir,Cryorthents,Rawah
7339,2761,74,30,295,112,1120,239,169,39,800,Lodgepole Pine,Catacount,Comanche Peak
7340,3216,174,2,769,32,1165,220,240,156,2190,Lodgepole Pine,Catacount,Comanche Peak
7341,3382,265,8,319,32,1601,200,244,182,768,Krummholz,Leighcan,Comanche Peak
7342,3399,307,5,402,40,1747,207,237,169,658,Krummholz,Leighcan,Comanche Peak
7343,3297,63,10,127,-9,3034,229,220,123,1924,Krummholz,Leighcan,Comanche Peak
7344,3164,0,13,242,46,3207,200,215,152,2451,Spruce_Fir,Catacount,Comanche Peak
7345,2880,4,15,395,37,2014,200,211,147,1546,Lodgepole Pine,Catacount,Comanche Peak
7346,2865,311,16,612,99,2106,175,227,191,841,Aspen,Catacount,Comanche Peak
7347,2706,76,9,30,-3,2393,231,224,126,513,Aspen,Catacount,Comanche Peak
7348,2701,69,7,30,-5,2389,228,226,131,524,Aspen,Catacount,Comanche Peak
7349,2512,180,5,0,0,1123,222,243,156,1590,Douglas-fir,Cryaquolis,Comanche Peak
7350,2576,198,9,247,73,938,218,248,165,1374,Ponderosa Pine,Vanet,Comanche Peak
7351,2576,167,9,268,79,932,227,244,149,1323,Ponderosa Pine,Vanet,Comanche Peak
7352,2544,165,7,382,53,830,226,242,150,1176,Ponderosa Pine,Vanet,Comanche Peak
7353,2569,256,30,424,81,785,139,242,233,1129,Ponderosa Pine,Vanet,Comanche Peak
7354,3016,82,25,0,0,631,245,189,59,738,Spruce_Fir,Legault,Rawah
7355,2923,62,17,67,-13,361,232,202,97,511,Spruce_Fir,Legault,Rawah
7356,3386,287,7,361,36,1637,200,240,179,726,Krummholz,Leighcan,Comanche Peak
7357,3389,292,8,382,36,1666,199,239,180,703,Krummholz,Leighcan,Comanche Peak
7358,3393,293,9,402,39,1695,195,238,183,680,Krummholz,Leighcan,Comanche Peak
7359,3430,310,14,552,62,1959,180,230,189,510,Krummholz,Leighcan,Comanche Peak
7360,3390,51,10,190,41,2876,225,219,127,1513,Krummholz,Leighcan,Comanche Peak
7361,3289,76,13,192,-15,3078,236,216,109,1961,Krummholz,Leighcan,Comanche Peak
7362,2863,319,14,648,97,2126,182,226,183,849,Aspen,Catacount,Comanche Peak
7363,2876,337,12,589,110,2144,193,223,169,799,Aspen,Catacount,Comanche Peak
7364,2701,20,11,85,0,2412,212,217,140,525,Aspen,Catacount,Comanche Peak
7365,2534,31,20,85,14,1218,210,193,112,1557,Ponderosa Pine,Catacount,Comanche Peak
7366,3406,57,12,509,121,2068,228,215,119,1597,Spruce_Fir,Cryaquolis,Rawah
7367,3367,294,9,295,29,1471,196,238,182,860,Krummholz,Leighcan,Comanche Peak
7368,3449,313,16,616,83,2024,175,226,191,457,Krummholz,Leighcan,Comanche Peak
7369,3417,56,11,342,68,2848,227,218,123,1380,Krummholz,Leighcan,Comanche Peak
7370,3401,58,12,256,52,2880,228,214,117,1448,Krummholz,Leighcan,Comanche Peak
7371,3383,48,12,150,34,2927,224,214,122,1542,Krummholz,Leighcan,Comanche Peak
7372,3368,35,15,90,19,2978,217,206,121,1639,Krummholz,Leighcan,Comanche Peak
7373,3301,58,9,175,-13,3092,227,221,127,1894,Krummholz,Leighcan,Comanche Peak
7374,3245,100,11,319,-34,3159,238,226,118,2100,Krummholz,Catacount,Comanche Peak
7375,3198,356,12,484,102,3215,200,218,155,2654,Spruce_Fir,Catacount,Comanche Peak
7376,2869,321,15,655,103,2155,181,224,183,834,Aspen,Catacount,Comanche Peak
7377,2882,334,12,598,116,2173,192,224,171,782,Aspen,Catacount,Comanche Peak
7378,2723,48,14,90,10,2460,224,208,115,437,Aspen,Catacount,Comanche Peak
7379,2559,351,20,95,23,1357,179,201,156,1499,Ponderosa Pine,Catacount,Comanche Peak
7380,2522,197,18,42,8,1100,213,252,168,1666,Ponderosa Pine,Vanet,Comanche Peak
7381,2565,134,20,361,112,787,247,226,98,1045,Ponderosa Pine,Vanet,Comanche Peak
7382,2647,67,2,0,0,1433,221,235,151,1084,Lodgepole Pine,Cryaquolis,Comanche Peak
7383,3205,67,4,706,61,1050,223,232,144,2117,Spruce_Fir,Catacount,Comanche Peak
7384,3400,45,11,242,51,2919,223,217,127,1452,Krummholz,Leighcan,Comanche Peak
7385,3368,68,19,120,19,3019,236,198,86,1648,Krummholz,Leighcan,Comanche Peak
7386,3304,58,9,201,-15,3121,227,221,127,1879,Krummholz,Leighcan,Comanche Peak
7387,3244,84,11,342,-40,3188,236,221,115,2093,Krummholz,Catacount,Comanche Peak
7388,3235,84,10,360,70,3207,234,224,121,2148,Spruce_Fir,Catacount,Comanche Peak
7389,2882,317,15,636,116,2192,178,225,186,793,Aspen,Catacount,Comanche Peak
7390,2728,45,15,120,15,2490,223,206,114,408,Aspen,Catacount,Comanche Peak
7391,2670,332,10,30,5,2460,196,227,170,767,Lodgepole Pine,Catacount,Comanche Peak
7392,2573,9,24,150,39,1341,185,184,129,1560,Ponderosa Pine,Catacount,Comanche Peak
7393,2535,164,18,234,81,726,233,243,133,912,Ponderosa Pine,Vanet,Comanche Peak
7394,2447,0,4,0,0,631,213,232,156,711,Douglas-fir,Vanet,Comanche Peak
7395,3415,319,17,509,62,1776,174,222,187,576,Krummholz,Leighcan,Comanche Peak
7396,3404,43,11,258,55,2947,222,216,127,1434,Krummholz,Leighcan,Comanche Peak
7397,3383,58,9,162,34,3007,227,221,128,1556,Krummholz,Leighcan,Comanche Peak
7398,3209,20,11,457,37,3209,212,217,140,2739,Spruce_Fir,Catacount,Comanche Peak
7399,2726,17,15,150,13,2512,207,208,135,402,Aspen,Catacount,Comanche Peak
7400,2724,6,17,150,11,2508,197,205,142,417,Aspen,Catacount,Comanche Peak
7401,2541,233,23,323,55,872,175,253,208,1057,Ponderosa Pine,Vanet,Comanche Peak
7402,2471,141,25,85,25,684,247,224,90,768,Ponderosa Pine,Vanet,Comanche Peak
7403,3386,63,10,190,37,3034,229,221,124,1539,Krummholz,Leighcan,Comanche Peak
7404,3235,73,15,330,70,3273,236,210,102,2151,Spruce_Fir,Catacount,Comanche Peak
7405,2899,335,13,631,133,2259,191,223,171,738,Aspen,Catacount,Comanche Peak
7406,2746,44,15,182,33,2550,222,205,114,342,Aspen,Catacount,Comanche Peak
7407,2734,4,16,180,21,2542,198,208,146,376,Aspen,Catacount,Comanche Peak
7408,2734,0,18,180,21,2538,191,204,148,391,Aspen,Catacount,Comanche Peak
7409,2523,47,21,42,15,1207,222,189,93,1689,Douglas-fir,Catacount,Comanche Peak
7410,2459,319,14,30,9,690,183,226,183,644,Douglas-fir,Cryaquolis,Comanche Peak
7411,3133,75,14,127,37,994,236,213,104,1036,Spruce_Fir,Cryaquolis,Rawah
7412,3168,293,19,391,56,1316,164,232,208,2125,Lodgepole Pine,Catacount,Comanche Peak
7413,3195,295,5,511,83,1237,206,238,172,2089,Lodgepole Pine,Catacount,Comanche Peak
7414,3389,319,13,443,53,1594,186,227,181,725,Krummholz,Leighcan,Comanche Peak
7415,3414,310,18,499,73,1708,168,225,196,618,Krummholz,Leighcan,Comanche Peak
7416,3423,328,14,534,78,1765,185,222,177,566,Krummholz,Leighcan,Comanche Peak
7417,3439,309,20,573,89,1822,161,223,200,516,Krummholz,Leighcan,Comanche Peak
7418,3410,54,13,277,61,3014,227,211,115,1423,Krummholz,Leighcan,Comanche Peak
7419,3372,84,19,210,23,3099,243,204,84,1600,Krummholz,Leighcan,Comanche Peak
7420,3292,68,14,324,-27,3231,234,210,105,1919,Krummholz,Leighcan,Comanche Peak
7421,3252,67,14,417,-46,3273,233,211,107,2056,Krummholz,Leighcan,Comanche Peak
7422,2763,46,15,228,50,2573,223,206,112,301,Aspen,Catacount,Comanche Peak
7423,2742,12,15,210,29,2575,203,207,139,335,Aspen,Catacount,Comanche Peak
7424,2540,38,24,85,32,1248,212,180,91,1708,Douglas-fir,Catacount,Comanche Peak
7425,2519,182,20,60,21,1130,222,249,151,1371,Ponderosa Pine,Vanet,Comanche Peak
7426,2532,198,17,127,41,1084,212,252,169,1234,Ponderosa Pine,Vanet,Comanche Peak
7427,2529,190,13,283,44,900,220,249,161,999,Ponderosa Pine,Vanet,Comanche Peak
7428,2452,322,16,30,4,722,178,222,184,649,Douglas-fir,Cryaquolis,Comanche Peak
7429,3374,317,9,384,46,1465,197,233,175,854,Krummholz,Leighcan,Comanche Peak
7430,3421,311,18,525,80,1717,169,225,195,604,Krummholz,Leighcan,Comanche Peak
7431,3303,68,16,323,-28,3245,235,205,97,1852,Krummholz,Leighcan,Comanche Peak
7432,3281,57,14,384,-33,3276,229,209,110,1962,Krummholz,Leighcan,Comanche Peak
7433,3206,67,14,309,34,3182,233,211,107,2886,Lodgepole Pine,Catacount,Comanche Peak
7434,2999,35,13,551,16,2431,218,211,127,2356,Lodgepole Pine,Catacount,Comanche Peak
7435,2768,46,14,256,55,2598,224,208,115,272,Aspen,Catacount,Comanche Peak
7436,2612,11,20,255,96,1398,195,196,134,1694,Ponderosa Pine,Catacount,Comanche Peak
7437,2559,34,23,124,51,1288,210,184,100,1727,Douglas-fir,Catacount,Comanche Peak
7438,2534,36,29,67,26,1249,204,163,78,1641,Douglas-fir,Catacount,Comanche Peak
7439,2518,202,22,85,27,1126,204,253,175,1249,Ponderosa Pine,Vanet,Comanche Peak
7440,2522,227,12,242,37,942,203,251,183,1008,Ponderosa Pine,Vanet,Comanche Peak
7441,2524,191,9,256,40,924,220,247,161,983,Ponderosa Pine,Vanet,Comanche Peak
7442,3513,73,19,895,307,2635,238,202,87,1050,Spruce_Fir,Cryorthents,Rawah
7443,3032,98,18,210,-9,648,246,213,89,671,Spruce_Fir,Legault,Rawah
7444,2774,76,23,247,125,1233,241,189,66,812,Aspen,Catacount,Comanche Peak
7445,3093,195,8,361,-30,2271,219,247,163,1708,Lodgepole Pine,Catacount,Comanche Peak
7446,3320,51,14,342,-22,3267,226,210,115,1812,Krummholz,Leighcan,Comanche Peak
7447,3256,34,16,390,91,3340,216,203,118,2061,Krummholz,Leighcan,Comanche Peak
7448,3219,337,12,90,35,3406,193,223,169,2490,Spruce_Fir,Catacount,Comanche Peak
7449,2860,94,25,402,112,2483,250,194,57,361,Lodgepole Pine,Catacount,Comanche Peak
7450,2762,17,16,270,49,2639,206,206,134,268,Aspen,Catacount,Comanche Peak
7451,2624,355,13,285,83,1476,199,218,156,1689,Ponderosa Pine,Catacount,Comanche Peak
7452,2565,31,21,127,57,1301,209,190,109,1690,Douglas-fir,Catacount,Comanche Peak
7453,2538,46,25,67,31,1265,218,176,79,1604,Douglas-fir,Catacount,Comanche Peak
7454,2527,49,23,42,17,1254,222,183,83,1575,Douglas-fir,Catacount,Comanche Peak
7455,2507,215,19,67,16,1146,197,254,187,1237,Ponderosa Pine,Vanet,Comanche Peak
7456,2520,190,9,228,37,949,220,248,161,967,Ponderosa Pine,Vanet,Comanche Peak
7457,3093,112,15,201,-2,830,245,223,102,845,Spruce_Fir,Legault,Rawah
7458,2810,65,26,313,161,1187,234,178,61,755,Aspen,Catacount,Comanche Peak
7459,2747,45,26,175,98,1328,217,175,79,904,Aspen,Catacount,Comanche Peak
7460,3375,307,12,417,50,1463,186,233,186,866,Krummholz,Leighcan,Comanche Peak
7461,3434,319,17,577,96,1738,173,221,188,579,Krummholz,Leighcan,Comanche Peak
7462,2775,26,13,306,62,2665,213,211,132,218,Aspen,Catacount,Comanche Peak
7463,2695,259,6,256,17,2121,206,244,176,1717,Ponderosa Pine,Vanet,Comanche Peak
7464,2698,225,7,228,20,2100,211,247,172,1708,Ponderosa Pine,Vanet,Comanche Peak
7465,2614,70,20,234,95,1399,237,196,80,1785,Douglas-fir,Vanet,Comanche Peak
7466,2534,56,23,67,24,1282,228,185,79,1566,Douglas-fir,Catacount,Comanche Peak
7467,2495,104,6,30,-2,1218,230,233,136,1338,Douglas-fir,Cryaquolis,Comanche Peak
7468,2495,121,16,124,40,886,246,225,103,799,Ponderosa Pine,Vanet,Comanche Peak
7469,2465,310,20,30,11,824,161,222,199,636,Douglas-fir,Cryaquolis,Comanche Peak
7470,3003,92,22,270,-38,579,247,201,72,573,Spruce_Fir,Legault,Rawah
7471,2827,77,17,351,178,1170,239,206,92,730,Aspen,Catacount,Comanche Peak
7472,2766,39,23,216,117,1310,215,184,95,878,Aspen,Catacount,Comanche Peak
7473,3082,225,4,366,-44,2356,214,244,167,1671,Lodgepole Pine,Cryaquolis,Comanche Peak
7474,3110,218,5,108,12,1514,214,245,168,2162,Spruce_Fir,Cryaquolis,Comanche Peak
7475,3197,189,3,446,13,1068,219,241,158,1943,Lodgepole Pine,Cryaquolis,Comanche Peak
7476,3401,314,18,510,73,1584,170,223,192,742,Krummholz,Leighcan,Comanche Peak
7477,3416,318,18,541,82,1639,169,221,190,684,Krummholz,Leighcan,Comanche Peak
7478,3376,56,16,330,27,3221,229,205,105,1570,Krummholz,Leighcan,Comanche Peak
7479,2692,148,9,108,14,2040,232,240,139,1703,Ponderosa Pine,Vanet,Comanche Peak
7480,2628,53,7,297,109,1456,224,224,134,1788,Douglas-fir,Vanet,Comanche Peak
7481,2579,42,14,170,72,1356,222,209,119,1674,Douglas-fir,Catacount,Comanche Peak
7482,2541,58,22,85,31,1310,229,188,81,1558,Douglas-fir,Catacount,Comanche Peak
7483,2506,184,17,108,20,1126,222,249,155,1131,Ponderosa Pine,Vanet,Comanche Peak
7484,2504,208,10,150,21,1032,213,250,172,993,Ponderosa Pine,Vanet,Comanche Peak
7485,2508,342,17,162,61,726,183,213,167,499,Douglas-fir,Catacount,Comanche Peak
7486,3361,80,18,600,82,1727,241,204,86,1740,Krummholz,Leighcan,Rawah
7487,3351,79,20,600,72,1697,242,200,79,1710,Krummholz,Leighcan,Rawah
7488,2834,86,12,376,162,1155,237,221,113,706,Aspen,Catacount,Comanche Peak
7489,2775,44,20,216,103,1320,220,193,99,883,Aspen,Catacount,Comanche Peak
7490,2770,53,19,192,98,1348,227,195,94,912,Aspen,Catacount,Comanche Peak
7491,3118,236,2,150,0,2001,216,240,162,2040,Lodgepole Pine,Catacount,Comanche Peak
7492,3156,295,18,350,44,1279,166,232,205,2017,Lodgepole Pine,Catacount,Comanche Peak
7493,3444,326,20,618,108,1733,168,214,184,589,Krummholz,Leighcan,Comanche Peak
7494,3424,60,17,379,75,3175,231,202,99,1396,Krummholz,Leighcan,Comanche Peak
7495,2671,79,19,60,20,2628,241,203,85,1001,Lodgepole Pine,Catacount,Comanche Peak
7496,2694,0,18,309,76,2451,192,205,148,1448,Lodgepole Pine,Catacount,Comanche Peak
7497,2538,46,20,95,28,1328,222,192,97,1521,Douglas-fir,Catacount,Comanche Peak
7498,2454,96,7,30,1,891,232,230,131,691,Douglas-fir,Vanet,Comanche Peak
7499,2513,340,16,170,58,716,184,214,169,492,Douglas-fir,Catacount,Comanche Peak
7500,2516,342,17,190,70,700,183,213,167,474,Douglas-fir,Catacount,Comanche Peak
7501,2524,323,19,216,76,671,170,217,186,443,Douglas-fir,Catacount,Comanche Peak
7502,3533,43,12,874,334,2654,222,213,123,1061,Spruce_Fir,Cryorthents,Rawah
7503,3364,73,18,630,85,1731,238,203,90,1740,Krummholz,Leighcan,Rawah
7504,3285,90,18,488,116,1524,244,209,87,1530,Krummholz,Leighcan,Rawah
7505,3262,71,15,426,93,1436,236,210,102,1440,Krummholz,Legault,Rawah
7506,2803,73,22,256,128,1276,239,192,72,830,Aspen,Catacount,Comanche Peak
7507,2791,69,21,228,116,1304,237,194,79,859,Aspen,Catacount,Comanche Peak
7508,3128,146,7,300,10,2268,230,239,142,1831,Lodgepole Pine,Catacount,Comanche Peak
7509,3403,78,17,390,54,3250,240,206,91,1490,Krummholz,Leighcan,Comanche Peak
7510,3291,36,14,420,126,3445,218,208,123,1992,Krummholz,Leighcan,Comanche Peak
7511,3274,37,16,300,109,3482,218,203,117,2106,Krummholz,Leighcan,Comanche Peak
7512,3268,44,19,270,103,3491,221,196,103,2135,Krummholz,Catacount,Comanche Peak
7513,3245,355,11,150,40,3532,201,220,156,2539,Spruce_Fir,Catacount,Comanche Peak
7514,2722,343,13,134,30,2730,194,220,165,671,Lodgepole Pine,Catacount,Comanche Peak
7515,2665,59,1,42,-2,1956,220,235,152,1723,Ponderosa Pine,Catacount,Comanche Peak
7516,2640,207,1,400,89,1573,218,239,158,1802,Ponderosa Pine,Vanet,Comanche Peak
7517,2495,308,29,85,40,785,128,208,213,576,Douglas-fir,Catacount,Comanche Peak
7518,2522,339,18,192,70,691,180,212,170,469,Douglas-fir,Catacount,Comanche Peak
7519,3278,79,14,446,109,1500,238,214,104,1500,Krummholz,Leighcan,Rawah
7520,3244,83,22,350,75,1354,244,197,72,1350,Krummholz,Legault,Rawah
7521,3186,75,20,306,17,1237,240,198,80,1230,Krummholz,Legault,Rawah
7522,2827,65,15,295,155,1233,233,207,102,779,Aspen,Catacount,Comanche Peak
7523,2782,98,22,190,107,1343,249,202,70,895,Aspen,Catacount,Comanche Peak
7524,2770,108,26,162,95,1371,253,200,58,924,Aspen,Catacount,Comanche Peak
7525,3095,148,9,153,27,1812,233,239,138,2122,Lodgepole Pine,Cryaquolis,Comanche Peak
7526,3052,3,16,633,8,2657,196,207,146,2492,Lodgepole Pine,Leighcan,Comanche Peak
7527,3052,1,18,649,8,2644,192,204,147,2462,Lodgepole Pine,Leighcan,Comanche Peak
7528,2702,106,4,330,24,2270,227,234,142,1742,Douglas-fir,Catacount,Comanche Peak
7529,2694,69,4,240,16,2208,224,231,143,1831,Douglas-fir,Catacount,Comanche Peak
7530,2667,77,9,216,11,1773,232,224,125,1753,Ponderosa Pine,Catacount,Comanche Peak
7531,2596,37,9,255,86,1450,220,219,134,1683,Douglas-fir,Vanet,Comanche Peak
7532,2579,53,20,192,69,1415,227,192,90,1595,Douglas-fir,Catacount,Comanche Peak
7533,2527,336,18,192,73,684,178,213,173,467,Douglas-fir,Catacount,Comanche Peak
7534,3432,75,11,793,153,2126,234,218,115,1604,Krummholz,Cryaquolis,Rawah
7535,3415,83,8,752,136,2037,232,226,127,1693,Krummholz,Cryaquolis,Rawah
7536,3402,111,7,713,123,1919,232,233,134,1812,Krummholz,Cryaquolis,Rawah
7537,3391,100,12,693,225,1830,239,224,113,1831,Krummholz,Cryaquolis,Rawah
7538,2855,20,6,457,183,1075,216,228,149,618,Lodgepole Pine,Catacount,Comanche Peak
7539,2841,29,21,342,169,1187,208,190,111,731,Aspen,Catacount,Comanche Peak
7540,2830,57,18,285,158,1243,229,200,97,787,Aspen,Catacount,Comanche Peak
7541,2820,63,21,256,148,1271,233,191,80,816,Aspen,Catacount,Comanche Peak
7542,3402,296,13,525,97,1507,182,235,193,872,Krummholz,Leighcan,Comanche Peak
7543,3286,39,14,301,112,3539,220,209,121,2089,Krummholz,Catacount,Comanche Peak
7544,2709,33,7,481,100,2398,219,226,143,1591,Douglas-fir,Catacount,Comanche Peak
7545,2663,154,7,0,0,1924,229,241,145,1771,Ponderosa Pine,Cryaquolis,Comanche Peak
7546,2677,86,8,150,21,1825,232,227,129,1776,Ponderosa Pine,Vanet,Comanche Peak
7547,2634,100,11,335,-4,1729,238,226,118,1812,Ponderosa Pine,Vanet,Comanche Peak
7548,2577,46,22,201,67,1433,221,188,92,1559,Douglas-fir,Catacount,Comanche Peak
7549,2558,34,17,180,48,1405,215,200,115,1471,Douglas-fir,Catacount,Comanche Peak
7550,2544,48,13,180,34,1383,224,212,120,1383,Douglas-fir,Vanet,Comanche Peak
7551,2498,61,21,60,15,1316,232,191,82,1237,Douglas-fir,Vanet,Comanche Peak
7552,2484,124,19,60,16,924,248,223,96,752,Ponderosa Pine,Vanet,Comanche Peak
7553,2540,340,19,234,86,642,177,210,169,424,Douglas-fir,Catacount,Comanche Peak
7554,3340,100,23,551,174,1689,250,203,69,1682,Krummholz,Leighcan,Rawah
7555,2837,59,19,277,165,1254,231,197,91,797,Aspen,Catacount,Comanche Peak
7556,3336,50,16,569,-12,3493,225,204,108,1822,Krummholz,Leighcan,Comanche Peak
7557,3311,38,13,454,146,3523,219,210,123,1937,Krummholz,Leighcan,Comanche Peak
7558,3154,34,12,150,4,3084,218,214,130,3210,Lodgepole Pine,Leighcan,Comanche Peak
7559,2947,70,6,828,181,2539,227,228,135,691,Spruce_Fir,Catacount,Comanche Peak
7560,2704,55,4,365,26,2334,222,231,145,1710,Douglas-fir,Catacount,Comanche Peak
7561,2682,34,3,60,3,2100,219,232,149,1830,Aspen,Cryaquolis,Comanche Peak
7562,2673,63,10,30,2,2047,229,221,124,1816,Aspen,Catacount,Comanche Peak
7563,2668,72,8,30,-2,2030,230,224,127,1812,Douglas-fir,Catacount,Comanche Peak
7564,2494,58,20,42,9,1318,230,195,89,1201,Douglas-fir,Vanet,Comanche Peak
7565,2479,125,13,30,-6,1087,242,230,114,940,Ponderosa Pine,Vanet,Comanche Peak
7566,2474,189,8,42,0,1061,221,246,160,911,Ponderosa Pine,Vanet,Comanche Peak
7567,2532,313,20,150,78,700,162,220,196,499,Douglas-fir,Catacount,Comanche Peak
7568,2560,349,19,319,108,566,183,206,159,342,Douglas-fir,Catacount,Comanche Peak
7569,3292,102,14,433,126,1579,242,221,105,1565,Krummholz,Leighcan,Rawah
7570,2779,95,34,153,107,1376,250,168,17,920,Aspen,Catacount,Comanche Peak
7571,3292,36,13,285,87,3583,219,211,126,2103,Krummholz,Catacount,Comanche Peak
7572,3082,2,23,679,27,2751,183,191,140,2520,Lodgepole Pine,Leighcan,Comanche Peak
7573,2715,36,8,488,37,2440,220,221,137,1590,Douglas-fir,Catacount,Comanche Peak
7574,2707,32,9,400,29,2376,218,221,139,1680,Douglas-fir,Catacount,Comanche Peak
7575,2687,30,7,127,8,2179,218,226,143,1878,Douglas-fir,Cryaquolis,Comanche Peak
7576,2683,39,6,85,12,2106,221,226,141,1854,Aspen,Cryaquolis,Comanche Peak
7577,2680,49,9,67,9,2089,224,221,131,1850,Aspen,Catacount,Comanche Peak
7578,2656,85,8,30,-2,1976,232,227,128,1831,Douglas-fir,Catacount,Comanche Peak
7579,2679,205,7,95,23,1892,216,246,166,1834,Ponderosa Pine,Vanet,Comanche Peak
7580,2620,203,11,404,75,1657,215,250,169,1926,Ponderosa Pine,Vanet,Comanche Peak
7581,2475,223,10,30,5,1020,207,250,178,874,Ponderosa Pine,Vanet,Comanche Peak
7582,2466,141,3,0,0,865,224,238,150,702,Douglas-fir,Cryaquolis,Comanche Peak
7583,2471,316,18,30,5,816,170,222,191,646,Douglas-fir,Catacount,Comanche Peak
7584,2557,338,19,242,102,616,174,209,172,408,Douglas-fir,Catacount,Comanche Peak
7585,3172,76,10,182,3,1243,232,222,121,1209,Krummholz,Legault,Rawah
7586,2877,344,14,400,205,1138,192,218,164,685,Aspen,Catacount,Comanche Peak
7587,2886,23,17,342,214,1194,208,202,126,738,Aspen,Catacount,Comanche Peak
7588,3098,104,10,256,45,1935,237,228,121,1909,Lodgepole Pine,Catacount,Comanche Peak
7589,3079,303,11,60,3,1572,190,235,185,2082,Spruce_Fir,Cryaquolis,Comanche Peak
7590,3396,284,15,573,57,1531,178,239,201,900,Krummholz,Leighcan,Comanche Peak
7591,2760,25,12,30,1,2882,214,215,135,391,Lodgepole Pine,Catacount,Comanche Peak
7592,2713,22,13,408,35,2398,212,213,136,1680,Douglas-fir,Catacount,Comanche Peak
7593,2699,27,11,216,21,2259,216,216,136,1890,Douglas-fir,Catacount,Comanche Peak
7594,2690,24,9,134,11,2184,215,220,141,1900,Douglas-fir,Catacount,Comanche Peak
7595,2666,42,13,67,7,2017,222,212,123,1862,Douglas-fir,Catacount,Comanche Peak
7596,2620,146,5,324,75,1638,228,239,145,1842,Ponderosa Pine,Vanet,Comanche Peak
7597,2470,122,3,0,0,1033,225,237,147,895,Douglas-fir,Cryaquolis,Comanche Peak
7598,2479,308,24,42,12,799,148,217,206,636,Douglas-fir,Catacount,Comanche Peak
7599,2573,339,18,309,118,553,179,212,170,342,Douglas-fir,Catacount,Comanche Peak
7600,2576,344,16,335,119,534,185,213,165,319,Douglas-fir,Catacount,Comanche Peak
7601,3467,70,12,900,234,2353,233,215,112,1419,Krummholz,Cryaquolis,Rawah
7602,3412,109,9,684,179,2060,235,231,127,1664,Krummholz,Cryaquolis,Rawah
7603,3379,102,16,569,146,1826,245,217,96,1781,Krummholz,Cryaquolis,Rawah
7604,3206,99,18,192,37,1338,247,212,87,1302,Krummholz,Legault,Rawah
7605,2989,65,16,192,22,642,233,205,98,541,Spruce_Fir,Legault,Rawah
7606,2881,319,10,424,209,1120,194,231,177,674,Aspen,Catacount,Comanche Peak
7607,2883,329,12,395,211,1148,190,225,174,700,Aspen,Catacount,Comanche Peak
7608,2877,80,28,306,205,1233,244,178,45,778,Aspen,Catacount,Comanche Peak
7609,3385,50,21,589,36,3502,224,190,90,1624,Krummholz,Leighcan,Comanche Peak
7610,3348,42,15,560,183,3556,221,206,116,1826,Krummholz,Leighcan,Comanche Peak
7611,3315,39,15,362,110,3528,219,206,118,2030,Krummholz,Catacount,Comanche Peak
7612,2768,12,17,190,42,2910,200,203,136,603,Lodgepole Pine,Catacount,Comanche Peak
7613,2728,34,9,488,99,2524,219,221,138,1531,Aspen,Catacount,Comanche Peak
7614,2726,27,9,518,104,2503,217,221,140,1561,Aspen,Catacount,Comanche Peak
7615,2692,27,8,153,21,2190,217,222,141,1924,Douglas-fir,Catacount,Comanche Peak
7616,2671,45,13,85,18,2043,223,210,119,1892,Douglas-fir,Catacount,Comanche Peak
7617,2657,70,11,42,3,2014,232,218,117,1890,Douglas-fir,Catacount,Comanche Peak
7618,2616,232,8,339,71,1693,207,248,178,1899,Ponderosa Pine,Vanet,Comanche Peak
7619,2490,74,18,67,9,1103,239,202,88,977,Ponderosa Pine,Cryaquolis,Comanche Peak
7620,2481,74,14,42,6,1075,236,212,104,947,Douglas-fir,Cryaquolis,Comanche Peak
7621,2475,72,11,30,0,1048,233,218,116,918,Douglas-fir,Cryaquolis,Comanche Peak
7622,2488,309,28,67,22,782,133,209,211,626,Douglas-fir,Catacount,Comanche Peak
7623,2539,315,24,150,81,684,149,212,200,513,Douglas-fir,Catacount,Comanche Peak
7624,2585,342,10,350,130,511,200,226,164,300,Douglas-fir,Vanet,Comanche Peak
7625,3403,117,7,607,170,1979,233,233,132,1678,Krummholz,Cryaquolis,Rawah
7626,3357,113,22,524,124,1776,251,211,77,1753,Krummholz,Leighcan,Rawah
7627,2840,102,29,242,168,1300,253,188,41,845,Aspen,Catacount,Comanche Peak
7628,2813,101,29,182,141,1356,253,188,43,899,Aspen,Catacount,Comanche Peak
7629,3097,200,6,492,74,2234,218,246,163,1645,Lodgepole Pine,Catacount,Comanche Peak
7630,3412,299,15,511,73,1590,175,233,197,875,Krummholz,Leighcan,Comanche Peak
7631,3432,47,17,600,83,3455,224,201,106,1442,Krummholz,Leighcan,Comanche Peak
7632,3341,42,17,513,176,3517,220,201,111,1878,Krummholz,Leighcan,Comanche Peak
7633,3336,32,16,485,162,3513,215,204,122,1907,Krummholz,Leighcan,Comanche Peak
7634,3070,3,16,900,201,2609,196,207,146,1742,Lodgepole Pine,Leighcan,Comanche Peak
7635,2729,11,10,513,51,2504,210,221,147,1593,Aspen,Catacount,Comanche Peak
7636,2720,23,12,376,42,2402,213,214,136,1742,Douglas-fir,Catacount,Comanche Peak
7637,2691,27,8,153,20,2163,217,222,141,1939,Douglas-fir,Catacount,Comanche Peak
7638,2653,65,20,192,42,1866,234,195,84,1953,Douglas-fir,Vanet,Comanche Peak
7639,2599,103,21,228,54,1651,249,209,78,1746,Ponderosa Pine,Vanet,Comanche Peak
7640,2592,207,14,210,47,1616,209,252,175,1657,Ponderosa Pine,Vanet,Comanche Peak
7641,2557,117,21,124,41,1521,250,216,83,1418,Ponderosa Pine,Vanet,Comanche Peak
7642,2528,137,17,67,14,1434,244,231,109,1328,Ponderosa Pine,Vanet,Comanche Peak
7643,2475,348,18,60,1,845,185,209,161,706,Douglas-fir,Catacount,Comanche Peak
7644,3470,180,11,916,237,2424,224,247,154,1376,Krummholz,Cryorthents,Rawah
7645,3424,92,11,700,191,2161,237,223,116,1572,Krummholz,Cryaquolis,Rawah
7646,3235,92,20,216,69,1443,246,206,80,1401,Krummholz,Legault,Rawah
7647,3194,94,15,127,25,1332,242,216,99,1283,Krummholz,Legault,Rawah
7648,2837,98,29,240,165,1310,252,185,40,860,Aspen,Catacount,Comanche Peak
7649,2807,107,29,180,135,1366,254,191,43,912,Aspen,Catacount,Comanche Peak
7650,3156,110,6,162,24,1101,230,234,138,1758,Spruce_Fir,Cryaquolis,Comanche Peak
7651,3409,307,17,484,70,1584,173,228,195,908,Krummholz,Leighcan,Comanche Peak
7652,3370,27,15,636,205,3507,212,207,128,1754,Krummholz,Leighcan,Comanche Peak
7653,3322,37,19,366,101,3466,216,196,108,2047,Krummholz,Leighcan,Comanche Peak
7654,3309,22,15,297,70,3458,209,206,130,2136,Krummholz,Catacount,Comanche Peak
7655,3295,352,12,421,72,3428,199,220,158,2817,Spruce_Fir,Catacount,Comanche Peak
7656,2785,6,10,0,0,2982,208,222,150,268,Lodgepole Pine,Catacount,Comanche Peak
7657,2743,9,6,418,105,2631,214,228,152,1445,Aspen,Catacount,Comanche Peak
7658,2734,6,11,524,56,2525,207,219,149,1595,Aspen,Catacount,Comanche Peak
7659,2724,18,12,366,46,2405,211,215,139,1774,Douglas-fir,Catacount,Comanche Peak
7660,2712,27,12,258,33,2310,215,215,135,1924,Douglas-fir,Catacount,Comanche Peak
7661,2686,35,11,150,33,2110,219,215,130,1954,Douglas-fir,Catacount,Comanche Peak
7662,2647,208,6,0,0,2026,216,245,165,1951,Douglas-fir,Catacount,Comanche Peak
7663,2601,109,15,268,-16,1806,245,222,102,2014,Douglas-fir,Catacount,Comanche Peak
7664,2552,121,21,95,28,1513,250,218,85,1415,Ponderosa Pine,Vanet,Comanche Peak
7665,2584,105,7,408,129,446,232,232,133,242,Ponderosa Pine,Vanet,Comanche Peak
7666,3461,158,13,849,228,2372,233,242,137,1442,Krummholz,Cryaquolis,Rawah
7667,3447,81,14,750,214,2256,238,215,106,1510,Krummholz,Leighcan,Rawah
7668,3411,108,10,636,178,2110,237,229,122,1570,Krummholz,Cryaquolis,Rawah
7669,3382,129,15,510,149,1908,243,230,111,1673,Krummholz,Cryaquolis,Rawah
7670,2979,59,15,67,12,624,230,207,106,499,Spruce_Fir,Legault,Rawah
7671,2886,94,27,330,214,1237,250,189,49,799,Aspen,Catacount,Comanche Peak
7672,2820,103,29,210,148,1348,253,188,41,900,Aspen,Catacount,Comanche Peak
7673,3086,218,11,525,72,2366,207,251,179,1507,Lodgepole Pine,Catacount,Comanche Peak
7674,3073,141,13,150,18,1842,239,236,125,1871,Lodgepole Pine,Catacount,Comanche Peak
7675,3361,338,9,607,90,1316,201,228,166,1299,Krummholz,Leighcan,Comanche Peak
7676,3317,25,15,319,78,3428,211,205,127,2131,Krummholz,Leighcan,Comanche Peak
7677,2979,36,8,1050,213,2683,220,222,138,853,Lodgepole Pine,Catacount,Comanche Peak
7678,2744,297,1,350,90,2717,216,238,160,1358,Aspen,Catacount,Comanche Peak
7679,2739,13,12,484,61,2506,208,216,143,1657,Douglas-fir,Catacount,Comanche Peak
7680,2730,16,12,384,52,2428,209,214,140,1776,Douglas-fir,Catacount,Comanche Peak
7681,2694,19,9,210,41,2166,214,220,143,1988,Douglas-fir,Catacount,Comanche Peak
7682,2649,210,8,0,0,2041,214,247,169,1982,Douglas-fir,Catacount,Comanche Peak
7683,2507,327,8,30,3,1302,200,231,170,1203,Douglas-fir,Cryaquolis,Comanche Peak
7684,2531,308,15,85,31,1187,177,229,192,1084,Douglas-fir,Catacount,Comanche Peak
7685,2509,86,19,150,34,1101,244,204,81,994,Ponderosa Pine,Vanet,Comanche Peak
7686,2496,338,22,120,25,819,168,204,172,696,Douglas-fir,Catacount,Comanche Peak
7687,2867,95,32,300,195,1276,250,174,26,841,Aspen,Catacount,Comanche Peak
7688,3432,38,14,693,83,3500,219,209,122,1507,Krummholz,Leighcan,Comanche Peak
7689,3315,16,14,295,76,3393,207,209,137,2215,Krummholz,Catacount,Comanche Peak
7690,2748,348,7,443,101,2673,207,229,160,1451,Aspen,Catacount,Comanche Peak
7691,2730,29,12,342,51,2394,216,214,133,1869,Douglas-fir,Catacount,Comanche Peak
7692,2683,70,22,108,32,2134,237,190,73,2011,Douglas-fir,Catacount,Comanche Peak
7693,2646,156,8,0,0,2068,229,241,145,2012,Douglas-fir,Catacount,Comanche Peak
7694,2615,84,21,190,-2,1889,244,199,74,2060,Douglas-fir,Catacount,Comanche Peak
7695,2522,325,20,67,18,1237,165,213,186,1142,Douglas-fir,Catacount,Comanche Peak
7696,2537,99,14,127,37,1150,242,221,106,1052,Ponderosa Pine,Vanet,Comanche Peak
7697,2523,318,27,162,48,752,140,204,199,633,Douglas-fir,Catacount,Comanche Peak
7698,2544,311,25,190,73,698,144,212,205,573,Douglas-fir,Catacount,Comanche Peak
7699,3413,84,13,618,180,2155,238,217,107,1503,Krummholz,Leighcan,Rawah
7700,3087,62,25,360,-81,973,232,181,67,875,Spruce_Fir,Legault,Rawah
7701,2910,323,10,420,238,1180,195,230,174,765,Aspen,Catacount,Comanche Peak
7702,2901,94,21,360,229,1234,248,203,74,811,Aspen,Catacount,Comanche Peak
7703,2813,90,29,210,141,1371,249,181,40,932,Aspen,Catacount,Comanche Peak
7704,3213,270,3,272,29,510,212,240,166,1500,Spruce_Fir,Catacount,Comanche Peak
7705,3370,338,10,595,31,1360,198,226,167,1307,Krummholz,Leighcan,Comanche Peak
7706,3377,329,10,531,38,1421,197,229,171,1218,Krummholz,Leighcan,Comanche Peak
7707,3441,38,10,721,92,3478,220,217,131,1471,Krummholz,Leighcan,Comanche Peak
7708,3393,35,18,671,228,3419,215,197,112,1736,Krummholz,Leighcan,Comanche Peak
7709,3385,41,19,644,211,3413,219,195,104,1766,Krummholz,Leighcan,Comanche Peak
7710,3218,24,16,162,14,3339,210,204,127,3337,Lodgepole Pine,Leighcan,Comanche Peak
7711,3182,2,21,806,85,2967,185,195,142,2589,Lodgepole Pine,Leighcan,Comanche Peak
7712,3151,23,19,1047,107,2828,206,197,122,2200,Lodgepole Pine,Leighcan,Comanche Peak
7713,2752,345,8,457,101,2694,204,227,162,1455,Aspen,Catacount,Comanche Peak
7714,2722,23,14,295,51,2313,212,210,133,2051,Douglas-fir,Catacount,Comanche Peak
7715,2698,37,9,175,44,2188,220,220,135,2044,Douglas-fir,Catacount,Comanche Peak
7716,2695,54,13,150,44,2174,227,211,115,2042,Douglas-fir,Catacount,Comanche Peak
7717,2595,98,19,190,0,1883,248,209,81,2010,Douglas-fir,Catacount,Comanche Peak
7718,2560,180,21,90,15,1652,223,248,148,1590,Ponderosa Pine,Vanet,Comanche Peak
7719,2491,342,15,150,21,940,187,216,166,841,Douglas-fir,Catacount,Comanche Peak
7720,2495,329,20,150,25,911,168,212,181,811,Douglas-fir,Catacount,Comanche Peak
7721,2552,310,24,216,78,685,146,215,205,571,Douglas-fir,Catacount,Comanche Peak
7722,2584,316,23,258,116,604,152,213,198,481,Douglas-fir,Catacount,Comanche Peak
7723,2909,75,14,390,237,1213,236,213,105,807,Aspen,Catacount,Comanche Peak
7724,2847,86,31,270,175,1328,247,172,30,900,Aspen,Catacount,Comanche Peak
7725,2797,87,33,180,125,1410,247,166,22,973,Aspen,Catacount,Comanche Peak
7726,3182,266,10,30,10,732,194,245,189,1521,Spruce_Fir,Cryaquolis,Comanche Peak
7727,3366,329,11,690,95,1240,194,227,172,1549,Krummholz,Leighcan,Comanche Peak
7728,3372,342,9,624,33,1345,201,226,164,1371,Krummholz,Leighcan,Comanche Peak
7729,3394,306,7,417,55,1549,201,236,174,1077,Krummholz,Leighcan,Comanche Peak
7730,3447,53,7,750,98,3457,224,225,135,1436,Krummholz,Cryorthents,Comanche Peak
7731,3372,25,17,534,151,3360,209,200,123,1909,Krummholz,Leighcan,Comanche Peak
7732,3179,14,15,957,106,2914,204,207,137,2382,Lodgepole Pine,Catacount,Comanche Peak
7733,2947,56,14,663,149,2865,228,208,110,510,Lodgepole Pine,Catacount,Comanche Peak
7734,2725,34,12,313,54,2322,218,213,129,2084,Douglas-fir,Catacount,Comanche Peak
7735,2712,58,9,268,58,2259,227,221,127,2081,Douglas-fir,Catacount,Comanche Peak
7736,2639,95,15,60,-6,2123,242,217,100,2072,Douglas-fir,Catacount,Comanche Peak
7737,2611,212,16,0,0,2076,205,253,180,2081,Douglas-fir,Cryaquolis,Comanche Peak
7738,2582,93,12,175,-11,1894,239,221,110,1980,Douglas-fir,Catacount,Comanche Peak
7739,2525,331,20,85,12,1312,169,211,179,1230,Douglas-fir,Catacount,Comanche Peak
7740,2497,14,9,190,27,990,212,222,147,900,Douglas-fir,Vanet,Comanche Peak
7741,3313,127,22,362,80,1861,250,219,85,1626,Krummholz,Legault,Rawah
7742,2917,18,2,421,245,1189,217,234,154,806,Aspen,Catacount,Comanche Peak
7743,2901,92,23,361,229,1248,249,197,64,850,Aspen,Catacount,Comanche Peak
7744,2833,83,29,242,161,1366,245,178,42,942,Aspen,Catacount,Comanche Peak
7745,3363,351,11,735,92,1194,199,221,159,1702,Krummholz,Leighcan,Comanche Peak
7746,3400,301,7,376,61,1591,201,237,176,1055,Krummholz,Leighcan,Comanche Peak
7747,3192,29,12,924,101,2975,216,214,133,2475,Lodgepole Pine,Catacount,Comanche Peak
7748,2859,21,20,216,79,3121,203,193,121,525,Lodgepole Pine,Catacount,Comanche Peak
7749,2756,4,16,339,65,2864,197,207,145,1289,Aspen,Catacount,Comanche Peak
7750,2696,120,13,192,47,2227,242,229,114,2102,Douglas-fir,Catacount,Comanche Peak
7751,2619,65,18,42,10,2128,234,201,92,2105,Douglas-fir,Catacount,Comanche Peak
7752,2529,339,18,67,10,1365,179,212,170,1290,Douglas-fir,Catacount,Comanche Peak
7753,3415,77,14,541,182,2154,237,214,105,1437,Krummholz,Leighcan,Rawah
7754,3362,113,26,424,129,2012,253,203,61,1514,Krummholz,Leighcan,Rawah
7755,3221,97,23,124,55,1463,250,201,68,1385,Lodgepole Pine,Legault,Rawah
7756,2882,90,30,335,210,1283,249,179,37,892,Aspen,Catacount,Comanche Peak
7757,3363,340,14,800,92,1159,190,219,167,1854,Krummholz,Leighcan,Comanche Peak
7758,3402,309,6,350,63,1612,203,236,172,1063,Krummholz,Leighcan,Comanche Peak
7759,3397,188,7,0,0,2657,221,246,159,384,Krummholz,Leighcan,Comanche Peak
7760,3400,220,8,85,7,2793,210,248,174,492,Krummholz,Leighcan,Comanche Peak
7761,3456,192,17,842,63,3386,217,251,163,366,Spruce_Fir,Leighcan,Comanche Peak
7762,3439,33,16,824,90,3362,215,205,121,1574,Krummholz,Leighcan,Comanche Peak
7763,3169,22,15,1124,300,2897,209,206,130,2151,Lodgepole Pine,Leighcan,Comanche Peak
7764,3133,13,18,1112,264,2809,200,201,134,1707,Lodgepole Pine,Catacount,Comanche Peak
7765,2765,3,14,361,70,2885,200,213,149,1295,Aspen,Catacount,Comanche Peak
7766,2770,0,10,551,116,2718,205,221,153,1530,Lodgepole Pine,Catacount,Comanche Peak
7767,2634,71,19,85,25,2167,237,201,88,2133,Douglas-fir,Catacount,Comanche Peak
7768,2616,193,11,0,0,2089,219,249,163,2147,Douglas-fir,Cryaquolis,Comanche Peak
7769,2550,113,16,42,8,1718,246,222,100,1711,Ponderosa Pine,Vanet,Comanche Peak
7770,2553,3,8,162,40,1243,209,225,153,1172,Ponderosa Pine,Catacount,Comanche Peak
7771,2558,329,15,268,88,742,183,221,177,663,Douglas-fir,Catacount,Comanche Peak
7772,3409,105,13,499,176,2135,242,223,109,1425,Krummholz,Leighcan,Rawah
7773,3376,346,14,800,105,1234,191,217,163,1742,Krummholz,Leighcan,Comanche Peak
7774,3407,297,4,295,68,1676,208,238,169,1015,Krummholz,Leighcan,Comanche Peak
7775,3417,181,14,446,109,2097,224,248,154,534,Krummholz,Leighcan,Comanche Peak
7776,3393,172,8,272,-3,2430,226,244,151,331,Krummholz,Leighcan,Comanche Peak
7777,3454,175,13,853,105,3435,227,246,149,1213,Krummholz,Leighcan,Comanche Peak
7778,3370,16,18,457,131,3247,202,201,131,2138,Krummholz,Leighcan,Comanche Peak
7779,3354,30,16,424,115,3241,213,203,121,2257,Krummholz,Leighcan,Comanche Peak
7780,3342,14,14,424,103,3240,206,210,139,2377,Krummholz,Catacount,Comanche Peak
7781,3195,20,9,1045,114,2989,214,221,143,2363,Lodgepole Pine,Catacount,Comanche Peak
7782,2897,83,9,474,99,3020,233,224,122,408,Lodgepole Pine,Catacount,Comanche Peak
7783,2773,356,10,319,58,2971,204,223,156,1216,Aspen,Catacount,Comanche Peak
7784,2772,10,10,339,60,2949,209,220,148,1245,Aspen,Catacount,Comanche Peak
7785,2771,5,10,361,65,2928,207,220,150,1273,Aspen,Catacount,Comanche Peak
7786,2755,313,11,484,84,2532,189,231,182,1860,Lodgepole Pine,Catacount,Comanche Peak
7787,2731,63,12,391,77,2382,230,215,116,2126,Lodgepole Pine,Catacount,Comanche Peak
7788,2608,177,18,0,0,2097,226,247,147,2181,Douglas-fir,Cryaquolis,Comanche Peak
7789,2549,349,5,30,4,1597,211,232,159,1593,Douglas-fir,Cryaquolis,Comanche Peak
7790,2535,339,18,67,5,1410,178,211,170,1383,Douglas-fir,Catacount,Comanche Peak
7791,2904,81,26,379,232,1266,244,185,55,912,Aspen,Catacount,Comanche Peak
7792,2889,80,30,351,217,1295,243,172,37,933,Aspen,Catacount,Comanche Peak
7793,3392,352,13,702,53,1358,196,217,158,1543,Krummholz,Leighcan,Comanche Peak
7794,3403,0,8,361,64,1592,209,226,155,1167,Krummholz,Leighcan,Comanche Peak
7795,3411,182,5,247,72,1852,222,244,157,832,Krummholz,Leighcan,Comanche Peak
7796,3407,168,13,488,123,2188,230,245,143,488,Krummholz,Leighcan,Comanche Peak
7797,3405,159,12,499,54,2214,233,242,138,469,Krummholz,Leighcan,Comanche Peak
7798,3399,151,12,470,35,2264,235,240,134,433,Krummholz,Leighcan,Comanche Peak
7799,3394,207,4,30,1,2791,217,244,163,509,Krummholz,Leighcan,Comanche Peak
7800,3449,169,15,902,100,3438,230,245,141,1120,Krummholz,Cryorthents,Comanche Peak
7801,3446,176,15,883,97,3406,226,247,149,1209,Krummholz,Cryorthents,Comanche Peak
7802,3383,18,15,510,144,3221,207,207,134,2075,Krummholz,Leighcan,Comanche Peak
7803,3184,18,6,1188,129,2963,216,227,149,2190,Lodgepole Pine,Catacount,Comanche Peak
7804,3159,33,12,1170,290,2919,218,214,131,2012,Lodgepole Pine,Catacount,Comanche Peak
7805,2611,73,13,67,-4,2155,235,215,110,2203,Douglas-fir,Catacount,Comanche Peak
7806,2541,283,8,30,0,1639,199,241,181,1654,Aspen,Cryaquolis,Comanche Peak
7807,2550,60,9,60,5,1557,227,221,127,1565,Douglas-fir,Cryaquolis,Comanche Peak
7808,3259,121,10,162,0,3025,237,232,126,693,Spruce_Fir,Cryaquolis,Rawah
7809,3251,119,9,108,1,2995,235,233,128,677,Spruce_Fir,Cryaquolis,Rawah
7810,2968,64,22,67,17,642,234,189,77,592,Spruce_Fir,Legault,Rawah
7811,2874,79,28,335,202,1332,243,177,45,976,Aspen,Catacount,Comanche Peak
7812,3047,203,7,258,47,2207,217,247,166,1400,Lodgepole Pine,Catacount,Comanche Peak
7813,3108,188,5,67,0,1259,220,244,159,1668,Spruce_Fir,Catacount,Comanche Peak
7814,3371,347,13,874,121,1129,196,219,162,1991,Krummholz,Leighcan,Comanche Peak
7815,3379,340,13,911,108,1216,192,221,167,1914,Krummholz,Leighcan,Comanche Peak
7816,3404,351,11,552,65,1465,199,221,159,1405,Krummholz,Leighcan,Comanche Peak
7817,3409,326,2,258,70,1697,215,237,160,1064,Krummholz,Leighcan,Comanche Peak
7818,3409,172,12,210,70,1826,228,245,148,899,Krummholz,Leighcan,Comanche Peak
7819,3400,175,14,446,116,2180,227,247,149,531,Krummholz,Leighcan,Comanche Peak
7820,3397,157,13,458,46,2255,234,241,136,474,Krummholz,Leighcan,Comanche Peak
7821,3394,206,7,90,1,2858,216,247,166,466,Krummholz,Leighcan,Comanche Peak
7822,3462,239,10,979,194,3502,202,249,184,495,Spruce_Fir,Leighcan,Comanche Peak
7823,3442,171,17,949,93,3432,230,245,141,1057,Krummholz,Cryorthents,Comanche Peak
7824,3442,177,16,940,93,3421,226,247,148,1087,Krummholz,Cryorthents,Comanche Peak
7825,3438,177,15,912,89,3378,226,247,150,1206,Krummholz,Cryorthents,Comanche Peak
7826,3427,101,8,768,210,3242,233,230,129,1714,Krummholz,Leighcan,Comanche Peak
7827,3422,90,9,745,201,3236,235,225,121,1744,Krummholz,Leighcan,Comanche Peak
7828,3412,68,7,700,180,3226,227,226,133,1804,Krummholz,Leighcan,Comanche Peak
7829,3388,24,15,524,149,3189,211,208,130,2103,Krummholz,Leighcan,Comanche Peak
7830,3278,6,17,247,55,3154,196,204,142,3302,Lodgepole Pine,Leighcan,Comanche Peak
7831,2579,141,9,67,-12,1907,234,238,135,1956,Ponderosa Pine,Catacount,Comanche Peak
7832,2551,320,14,124,17,1382,182,225,183,1388,Douglas-fir,Catacount,Comanche Peak
7833,2555,318,13,134,18,1355,186,228,182,1358,Douglas-fir,Catacount,Comanche Peak
7834,2609,137,9,454,135,459,235,237,133,418,Ponderosa Pine,Vanet,Comanche Peak
7835,3345,115,35,376,112,2084,254,183,25,1398,Krummholz,Leighcan,Rawah
7836,2877,97,26,350,205,1339,251,193,54,997,Aspen,Catacount,Comanche Peak
7837,3398,352,9,830,59,1342,205,225,158,1674,Krummholz,Leighcan,Comanche Peak
7838,3433,172,15,960,84,3382,229,246,145,1114,Krummholz,Cryorthents,Comanche Peak
7839,3400,13,13,577,161,3164,207,212,141,2042,Krummholz,Leighcan,Comanche Peak
7840,3301,146,14,426,78,3124,238,238,127,2881,Spruce_Fir,Catacount,Comanche Peak
7841,3020,18,13,990,222,2965,209,211,137,860,Lodgepole Pine,Catacount,Comanche Peak
7842,2658,45,15,201,41,2290,223,207,115,2252,Douglas-fir,Catacount,Comanche Peak
7843,2639,53,17,150,23,2239,227,201,102,2257,Douglas-fir,Catacount,Comanche Peak
7844,2615,46,17,85,19,2184,223,201,107,2257,Douglas-fir,Catacount,Comanche Peak
7845,2601,160,12,0,0,1983,232,242,140,2048,Douglas-fir,Cryaquolis,Comanche Peak
7846,2546,9,8,30,0,1643,211,224,150,1690,Aspen,Cryaquolis,Comanche Peak
7847,2555,52,8,120,12,1532,225,223,133,1570,Aspen,Vanet,Comanche Peak
7848,2565,291,9,175,28,1315,194,239,184,1332,Aspen,Vanet,Comanche Peak
7849,3165,313,11,180,33,750,189,231,182,1359,Spruce_Fir,Cryaquolis,Comanche Peak
7850,3389,333,8,960,118,1262,202,230,167,1857,Krummholz,Leighcan,Comanche Peak
7851,3413,18,5,283,74,1679,216,229,150,1170,Krummholz,Leighcan,Comanche Peak
7852,3387,170,13,408,133,2215,229,245,146,576,Krummholz,Leighcan,Comanche Peak
7853,3430,225,10,824,162,3535,206,250,180,306,Spruce_Fir,Leighcan,Comanche Peak
7854,3424,122,7,807,199,3183,233,234,134,1711,Krummholz,Leighcan,Comanche Peak
7855,3410,15,5,684,171,3152,216,230,152,1891,Krummholz,Leighcan,Comanche Peak
7856,3405,27,13,591,166,3132,214,212,132,2071,Krummholz,Leighcan,Comanche Peak
7857,3387,39,15,553,148,3124,219,207,119,2191,Krummholz,Leighcan,Comanche Peak
7858,3373,21,11,540,134,3120,212,216,139,2311,Krummholz,Catacount,Comanche Peak
7859,3163,103,5,1260,294,2962,229,233,138,1768,Lodgepole Pine,Catacount,Comanche Peak
7860,2599,57,11,60,4,2060,228,217,121,2140,Douglas-fir,Catacount,Comanche Peak
7861,2593,162,7,30,-2,2003,227,242,148,2081,Douglas-fir,Catacount,Comanche Peak
7862,2575,127,16,0,0,1917,245,228,107,1991,Douglas-fir,Cryaquolis,Comanche Peak
7863,2553,331,10,67,6,1605,197,228,170,1663,Aspen,Vanet,Comanche Peak
7864,2552,349,16,150,7,1438,188,211,160,1485,Aspen,Vanet,Comanche Peak
7865,2547,65,16,300,23,1142,233,207,101,1159,Ponderosa Pine,Vanet,Comanche Peak
7866,3044,157,13,474,86,2556,234,241,136,1099,Spruce_Fir,Catacount,Comanche Peak
7867,3415,31,6,268,76,1702,219,228,145,1182,Krummholz,Leighcan,Comanche Peak
7868,3373,186,9,256,9,2531,222,247,159,480,Krummholz,Leighcan,Comanche Peak
7869,3386,207,6,175,-6,2952,216,246,166,391,Spruce_Fir,Leighcan,Comanche Peak
7870,3419,172,11,1019,70,3326,228,245,148,1110,Krummholz,Cryorthents,Comanche Peak
7871,3412,355,8,644,173,3108,207,226,157,2010,Krummholz,Leighcan,Comanche Peak
7872,3253,109,13,558,55,3107,242,225,110,3068,Lodgepole Pine,Catacount,Comanche Peak
7873,2790,34,11,607,60,2724,219,216,132,1776,Lodgepole Pine,Catacount,Comanche Peak
7874,2663,77,13,216,48,2314,236,216,110,2313,Douglas-fir,Catacount,Comanche Peak
7875,2636,79,14,150,40,2197,237,215,106,2293,Ponderosa Pine,Catacount,Comanche Peak
7876,2610,78,13,95,15,2081,236,216,109,2173,Douglas-fir,Catacount,Comanche Peak
7877,2564,32,3,216,22,1316,219,232,150,1371,Aspen,Vanet,Comanche Peak
7878,2596,179,10,497,126,540,224,246,154,537,Ponderosa Pine,Vanet,Comanche Peak
7879,3303,82,21,285,70,2066,244,197,73,1364,Krummholz,Leighcan,Rawah
7880,3259,126,13,150,26,1932,241,231,117,1464,Lodgepole Pine,Cryaquolis,Rawah
7881,2741,354,7,175,50,1797,208,227,157,953,Lodgepole Pine,Catacount,Comanche Peak
7882,3219,332,8,300,37,362,201,230,168,1206,Spruce_Fir,Cryaquolis,Comanche Peak
7883,3400,340,10,994,61,1338,198,225,166,1775,Krummholz,Leighcan,Comanche Peak
7884,3426,6,9,400,87,1632,210,223,151,1294,Krummholz,Leighcan,Comanche Peak
7885,3418,32,7,256,79,1725,219,224,142,1191,Krummholz,Leighcan,Comanche Peak
7886,3380,181,12,255,96,2132,224,248,154,721,Krummholz,Leighcan,Comanche Peak
7887,3368,165,14,361,33,2323,231,244,141,577,Krummholz,Leighcan,Comanche Peak
7888,3366,193,9,268,2,2471,220,247,162,518,Krummholz,Leighcan,Comanche Peak
7889,3373,202,7,95,1,2701,217,246,165,541,Krummholz,Leighcan,Comanche Peak
7890,3377,200,7,30,-2,2832,218,246,164,540,Krummholz,Leighcan,Comanche Peak
7891,3417,204,11,1020,68,3226,214,250,170,1320,Krummholz,Leighcan,Comanche Peak
7892,3397,33,16,607,158,3062,215,202,118,2220,Krummholz,Leighcan,Comanche Peak
7893,3108,65,14,1343,194,3001,233,210,106,1359,Lodgepole Pine,Catacount,Comanche Peak
7894,2770,47,9,495,40,2630,223,220,131,1987,Lodgepole Pine,Catacount,Comanche Peak
7895,2653,114,14,175,38,2278,244,225,107,2345,Ponderosa Pine,Catacount,Comanche Peak
7896,2601,103,13,90,1,2045,241,224,110,2147,Douglas-fir,Catacount,Comanche Peak
7897,2564,60,5,0,0,1813,224,229,140,1909,Douglas-fir,Cryaquolis,Comanche Peak
7898,2560,340,6,85,7,1613,208,232,162,1702,Aspen,Vanet,Comanche Peak
7899,2561,0,5,127,12,1556,213,231,156,1642,Aspen,Vanet,Comanche Peak
7900,2568,358,5,218,23,1359,211,230,156,1436,Aspen,Vanet,Comanche Peak
7901,3231,130,14,60,0,1760,242,231,115,1598,Lodgepole Pine,Legault,Rawah
7902,3235,105,3,162,1,120,224,236,147,1208,Spruce_Fir,Catacount,Comanche Peak
7903,3411,346,13,902,72,1415,195,219,162,1682,Krummholz,Leighcan,Comanche Peak
7904,3423,352,13,722,84,1489,196,217,158,1531,Krummholz,Leighcan,Comanche Peak
7905,3430,0,9,424,91,1639,208,224,154,1296,Krummholz,Leighcan,Comanche Peak
7906,3357,124,22,67,18,1888,251,218,84,1024,Krummholz,Leighcan,Comanche Peak
7907,3375,206,7,60,-4,2873,216,247,166,511,Krummholz,Leighcan,Comanche Peak
7908,3377,203,7,90,-6,2899,217,247,166,481,Krummholz,Leighcan,Comanche Peak
7909,3405,176,11,1065,56,3248,226,246,152,1170,Krummholz,Leighcan,Comanche Peak
7910,2789,56,7,525,59,2738,225,226,135,1851,Lodgepole Pine,Catacount,Comanche Peak
7911,2600,108,12,60,0,2037,240,226,114,2151,Ponderosa Pine,Catacount,Comanche Peak
7912,2569,53,5,0,0,1863,223,229,142,1973,Douglas-fir,Cryaquolis,Comanche Peak
7913,2555,13,4,42,0,1690,215,231,152,1795,Douglas-fir,Vanet,Comanche Peak
7914,2566,77,5,268,20,1292,227,230,138,1383,Aspen,Vanet,Comanche Peak
7915,2563,82,5,283,18,1265,227,231,138,1354,Aspen,Vanet,Comanche Peak
7916,2566,279,9,480,96,841,196,241,184,892,Ponderosa Pine,Vanet,Comanche Peak
7917,2589,159,9,524,119,631,230,242,143,644,Ponderosa Pine,Vanet,Comanche Peak
7918,2585,169,12,541,115,571,229,245,145,592,Ponderosa Pine,Vanet,Comanche Peak
7919,3293,96,20,242,60,2066,248,206,77,1338,Krummholz,Leighcan,Rawah
7920,3055,309,10,42,2,1652,192,233,182,1731,Spruce_Fir,Cryaquolis,Comanche Peak
7921,3402,324,14,912,152,1167,183,224,180,1932,Krummholz,Leighcan,Comanche Peak
7922,3423,338,16,841,84,1465,184,216,170,1616,Krummholz,Leighcan,Comanche Peak
7923,3435,4,9,451,96,1648,208,222,151,1298,Krummholz,Leighcan,Comanche Peak
7924,3365,102,30,67,26,1889,253,186,38,1032,Krummholz,Leighcan,Comanche Peak
7925,3343,135,16,30,4,1931,243,232,113,999,Krummholz,Leighcan,Comanche Peak
7926,3371,194,6,42,-1,2862,219,245,161,543,Krummholz,Leighcan,Comanche Peak
7927,3401,173,10,1121,52,3266,226,245,150,1052,Krummholz,Leighcan,Comanche Peak
7928,3313,121,19,638,90,2985,248,221,93,2731,Spruce_Fir,Catacount,Comanche Peak
7929,2570,24,5,42,1,1826,217,230,149,1948,Douglas-fir,Vanet,Comanche Peak
7930,2567,40,7,60,0,1768,221,224,138,1889,Douglas-fir,Vanet,Comanche Peak
7931,2560,47,8,60,-1,1710,223,223,135,1830,Douglas-fir,Vanet,Comanche Peak
7932,2566,321,6,234,19,1452,204,234,169,1565,Aspen,Vanet,Comanche Peak
7933,2572,338,4,270,33,1395,210,233,162,1507,Aspen,Vanet,Comanche Peak
7934,2566,77,5,295,21,1282,227,230,138,1390,Aspen,Vanet,Comanche Peak
7935,2555,117,1,417,32,1060,220,237,153,1158,Ponderosa Pine,Vanet,Comanche Peak
7936,2573,233,5,511,103,750,212,244,169,819,Ponderosa Pine,Vanet,Comanche Peak
7937,2581,162,15,552,111,616,233,243,136,659,Ponderosa Pine,Vanet,Comanche Peak
7938,3048,103,11,180,0,914,239,225,115,865,Spruce_Fir,Legault,Rawah
7939,3438,0,15,750,99,1530,197,211,150,1523,Krummholz,Leighcan,Comanche Peak
7940,2608,94,7,30,-3,2112,231,230,132,2249,Ponderosa Pine,Catacount,Comanche Peak
7941,2568,351,5,212,15,1500,212,232,158,1630,Aspen,Vanet,Comanche Peak
7942,2569,322,6,255,20,1442,205,234,168,1572,Aspen,Vanet,Comanche Peak
7943,2567,82,5,323,22,1271,227,231,138,1397,Aspen,Vanet,Comanche Peak
7944,2565,84,5,335,20,1243,227,231,139,1368,Aspen,Vanet,Comanche Peak
7945,2562,76,4,350,16,1215,225,232,143,1339,Aspen,Vanet,Comanche Peak
7946,3046,315,13,150,31,1770,184,229,184,1597,Spruce_Fir,Cryaquolis,Comanche Peak
7947,3084,297,8,85,5,1380,198,238,179,1592,Spruce_Fir,Cryaquolis,Comanche Peak
7948,3098,292,15,90,18,1320,176,236,199,1549,Spruce_Fir,Cryaquolis,Comanche Peak
7949,3427,355,11,990,88,1383,202,221,156,1717,Krummholz,Leighcan,Comanche Peak
7950,3436,327,13,871,97,1493,189,225,176,1611,Krummholz,Leighcan,Comanche Peak
7951,3440,329,13,841,101,1521,189,225,175,1585,Krummholz,Leighcan,Comanche Peak
7952,3444,7,8,361,105,1747,211,225,151,1191,Krummholz,Cryorthents,Comanche Peak
7953,3441,24,8,301,102,1782,216,222,143,1146,Krummholz,Cryorthents,Comanche Peak
7954,3345,201,24,190,91,2210,201,252,174,808,Krummholz,Leighcan,Comanche Peak
7955,3367,167,4,30,0,2840,223,241,153,612,Krummholz,Leighcan,Comanche Peak
7956,3414,241,9,700,157,3561,204,248,181,351,Spruce_Fir,Leighcan,Comanche Peak
7957,3392,180,9,1124,190,3199,224,246,155,1087,Krummholz,Leighcan,Comanche Peak
7958,3143,163,19,1092,176,3161,234,242,130,1964,Lodgepole Pine,Catacount,Comanche Peak
7959,3046,96,15,1087,248,3166,243,217,100,1003,Lodgepole Pine,Catacount,Comanche Peak
7960,2823,356,14,551,81,3124,197,214,154,1409,Lodgepole Pine,Catacount,Comanche Peak
7961,2616,102,10,30,1,2165,237,227,120,2313,Ponderosa Pine,Catacount,Comanche Peak
7962,2608,45,11,0,0,2077,223,217,127,2224,Ponderosa Pine,Catacount,Comanche Peak
7963,2581,32,12,42,1,1871,217,214,130,2018,Douglas-fir,Vanet,Comanche Peak
7964,2578,20,11,67,0,1842,212,217,140,1989,Douglas-fir,Vanet,Comanche Peak
7965,2571,38,11,120,3,1725,220,216,130,1871,Douglas-fir,Vanet,Comanche Peak
7966,2567,326,7,150,8,1608,203,232,168,1754,Aspen,Vanet,Comanche Peak
7967,2568,337,5,170,12,1579,208,232,163,1725,Aspen,Vanet,Comanche Peak
7968,2571,319,4,277,18,1434,208,235,166,1579,Aspen,Vanet,Comanche Peak
7969,2573,94,4,331,28,1348,225,234,144,1492,Aspen,Vanet,Comanche Peak
7970,2887,35,16,277,37,1588,217,204,118,977,Lodgepole Pine,Catacount,Comanche Peak
7971,2989,228,6,0,0,2070,211,246,172,1323,Spruce_Fir,Leighcan,Comanche Peak
7972,3069,252,11,90,12,1500,195,248,191,1663,Spruce_Fir,Cryaquolis,Comanche Peak
7973,3084,299,6,95,18,1410,202,238,175,1595,Spruce_Fir,Cryaquolis,Comanche Peak
7974,3226,315,5,408,51,390,206,236,168,1065,Lodgepole Pine,Catacount,Comanche Peak
7975,3449,0,6,752,110,1584,212,229,155,1492,Krummholz,Cryorthents,Comanche Peak
7976,3354,214,9,108,3,2605,212,248,172,661,Krummholz,Leighcan,Comanche Peak
7977,3358,225,8,95,7,2630,209,248,176,660,Krummholz,Leighcan,Comanche Peak
7978,3364,155,5,0,0,2830,226,240,149,648,Krummholz,Leighcan,Comanche Peak
7979,3387,174,9,1100,185,3159,226,245,152,1120,Krummholz,Leighcan,Comanche Peak
7980,3401,180,8,999,162,2991,223,245,156,1657,Krummholz,Leighcan,Comanche Peak
7981,3401,180,9,960,162,2977,224,246,155,1717,Krummholz,Leighcan,Comanche Peak
7982,3403,141,12,755,164,2912,238,236,126,2225,Krummholz,Leighcan,Comanche Peak
7983,2608,42,12,30,0,2042,222,214,126,2200,Douglas-fir,Vanet,Comanche Peak
7984,2575,104,2,339,26,1368,222,236,150,1529,Aspen,Vanet,Comanche Peak
7985,2567,99,6,379,25,1253,230,232,136,1414,Aspen,Vanet,Comanche Peak
7986,2558,149,12,510,109,531,236,239,131,684,Ponderosa Pine,Vanet,Comanche Peak
7987,2544,151,12,417,90,443,235,240,133,594,Ponderosa Pine,Vanet,Comanche Peak
7988,3239,45,7,201,-6,2754,222,225,138,977,Spruce_Fir,Leighcan,Rawah
7989,2727,291,18,60,18,2221,167,234,206,690,Lodgepole Pine,Catacount,Comanche Peak
7990,3453,0,8,636,114,1664,209,226,155,1374,Krummholz,Cryorthents,Comanche Peak
7991,3409,52,23,150,70,1940,225,183,80,977,Krummholz,Leighcan,Comanche Peak
7992,3284,143,24,0,0,2121,246,227,95,819,Krummholz,Leighcan,Comanche Peak
7993,3350,214,10,85,0,2623,211,250,174,691,Krummholz,Leighcan,Comanche Peak
7994,3383,169,9,1061,181,3156,227,244,149,1065,Krummholz,Leighcan,Comanche Peak
7995,3391,223,10,1131,189,3055,207,250,178,1332,Krummholz,Leighcan,Comanche Peak
7996,3397,176,10,984,158,2948,225,246,152,1719,Krummholz,Leighcan,Comanche Peak
7997,3397,193,10,932,158,2930,219,249,163,1809,Krummholz,Leighcan,Comanche Peak
7998,3394,140,11,782,155,2881,237,237,129,2257,Krummholz,Leighcan,Comanche Peak
7999,2587,26,11,150,9,1771,215,215,136,1943,Douglas-fir,Catacount,Comanche Peak
8000,2581,35,11,180,9,1712,219,215,130,1885,Douglas-fir,Catacount,Comanche Peak
8001,2573,29,10,182,5,1653,217,219,137,1826,Aspen,Catacount,Comanche Peak
8002,2575,348,6,234,16,1536,209,231,160,1710,Aspen,Vanet,Comanche Peak
8003,2523,119,11,300,68,324,239,231,121,541,Ponderosa Pine,Vanet,Comanche Peak
8004,3406,292,13,918,156,1154,182,237,195,1956,Spruce_Fir,Catacount,Comanche Peak
8005,3455,0,6,524,116,1745,212,229,155,1256,Krummholz,Cryorthents,Comanche Peak
8006,3268,200,31,67,14,2206,190,248,172,752,Krummholz,Leighcan,Comanche Peak
8007,3307,198,29,192,72,2315,197,249,168,706,Krummholz,Leighcan,Comanche Peak
8008,3359,140,8,42,-5,2862,232,238,138,664,Krummholz,Leighcan,Comanche Peak
8009,3383,153,12,1022,181,3167,234,240,135,983,Krummholz,Leighcan,Comanche Peak
8010,3391,213,10,1115,189,3017,211,250,174,1366,Krummholz,Leighcan,Comanche Peak
8011,3391,175,10,1008,152,2919,226,246,151,1723,Krummholz,Leighcan,Comanche Peak
8012,3390,174,11,990,151,2912,227,246,150,1753,Krummholz,Leighcan,Comanche Peak
8013,2836,45,12,698,99,3090,223,214,123,1557,Lodgepole Pine,Catacount,Comanche Peak
8014,2772,116,8,277,42,2631,235,232,129,2107,Ponderosa Pine,Catacount,Comanche Peak
8015,2697,95,15,228,58,2359,243,216,98,2477,Ponderosa Pine,Catacount,Comanche Peak
8016,2648,104,12,90,35,2263,241,224,111,2448,Ponderosa Pine,Catacount,Comanche Peak
8017,2613,295,7,0,0,2151,201,238,177,2330,Ponderosa Pine,Vanet,Comanche Peak
8018,2578,28,11,212,9,1648,216,215,134,1834,Aspen,Catacount,Comanche Peak
8019,2576,10,9,218,8,1618,210,221,148,1805,Aspen,Catacount,Comanche Peak
8020,2578,3,5,277,19,1500,213,230,155,1690,Aspen,Vanet,Comanche Peak
8021,2559,149,1,470,16,1150,221,238,154,1348,Ponderosa Pine,Vanet,Comanche Peak
8022,3252,71,21,134,19,1848,238,195,79,1498,Lodgepole Pine,Legault,Rawah
8023,2830,65,25,228,108,1872,234,182,65,741,Aspen,Catacount,Comanche Peak
8024,2899,274,29,240,132,2526,130,232,234,698,Lodgepole Pine,Catacount,Comanche Peak
8025,3445,353,4,972,106,1463,213,233,158,1639,Krummholz,Cryorthents,Comanche Peak
8026,3459,320,4,735,120,1678,210,236,164,1422,Krummholz,Cryorthents,Comanche Peak
8027,3283,205,29,150,48,2313,189,251,180,684,Krummholz,Leighcan,Comanche Peak
8028,3351,234,13,0,0,2706,198,251,190,648,Krummholz,Leighcan,Comanche Peak
8029,3343,122,15,834,227,2823,244,227,108,2502,Krummholz,Leighcan,Comanche Peak
8030,3319,125,20,765,203,2826,249,222,92,2591,Krummholz,Catacount,Comanche Peak
8031,3260,170,17,532,144,2796,230,245,140,3339,Lodgepole Pine,Catacount,Comanche Peak
8032,2646,108,13,85,20,2240,242,224,109,2454,Ponderosa Pine,Vanet,Comanche Peak
8033,2603,22,10,162,12,1820,214,218,140,2016,Douglas-fir,Catacount,Comanche Peak
8034,2584,26,13,242,12,1642,213,211,132,1842,Douglas-fir,Catacount,Comanche Peak
8035,2580,11,5,300,18,1495,215,230,152,1698,Aspen,Vanet,Comanche Peak
8036,2565,84,6,466,18,1230,229,229,133,1443,Ponderosa Pine,Vanet,Comanche Peak
8037,2562,82,5,474,17,1201,227,231,138,1415,Ponderosa Pine,Vanet,Comanche Peak
8038,2549,135,4,618,15,911,226,238,146,1140,Ponderosa Pine,Vanet,Comanche Peak
8039,3147,70,21,134,26,1533,237,195,79,1429,Lodgepole Pine,Legault,Rawah
8040,2833,75,23,218,111,1883,241,189,66,716,Aspen,Catacount,Comanche Peak
8041,3296,97,31,67,23,2145,251,178,30,774,Krummholz,Leighcan,Comanche Peak
8042,3299,201,21,120,39,2422,207,253,173,633,Krummholz,Leighcan,Comanche Peak
8043,3340,229,14,0,0,2700,198,252,189,612,Krummholz,Leighcan,Comanche Peak
8044,3382,179,9,1148,180,2905,224,246,154,1554,Krummholz,Leighcan,Comanche Peak
8045,3382,180,9,1149,143,2897,224,246,155,1583,Krummholz,Leighcan,Comanche Peak
8046,3381,175,10,1092,142,2874,226,245,151,1672,Krummholz,Leighcan,Comanche Peak
8047,3375,144,13,871,136,2791,238,237,127,2296,Krummholz,Leighcan,Comanche Peak
8048,2750,106,7,210,20,2482,232,232,132,2268,Lodgepole Pine,Catacount,Comanche Peak
8049,2636,106,16,42,10,2197,246,219,97,2431,Ponderosa Pine,Vanet,Comanche Peak
8050,2591,23,14,272,17,1638,212,210,133,1851,Douglas-fir,Catacount,Comanche Peak
8051,2575,63,4,424,23,1342,224,231,143,1566,Aspen,Vanet,Comanche Peak
8052,2569,84,5,488,16,1253,227,231,139,1482,Aspen,Vanet,Comanche Peak
8053,3155,181,14,301,21,2203,224,248,154,760,Spruce_Fir,Leighcan,Rawah
8054,3007,42,14,0,0,1006,222,209,120,1020,Spruce_Fir,Legault,Rawah
8055,2823,92,21,182,101,1922,247,203,74,674,Aspen,Catacount,Comanche Peak
8056,2823,284,35,150,72,2400,105,216,239,589,Lodgepole Pine,Catacount,Comanche Peak
8057,2960,194,10,120,15,2375,218,249,164,990,Spruce_Fir,Catacount,Comanche Peak
8058,3257,356,7,201,23,150,209,227,157,931,Spruce_Fir,Catacount,Comanche Peak
8059,3241,125,10,0,0,2249,237,233,126,685,Krummholz,Leighcan,Comanche Peak
8060,3268,218,24,124,8,2376,186,254,195,618,Krummholz,Leighcan,Comanche Peak
8061,3294,208,21,90,34,2464,200,254,181,601,Krummholz,Leighcan,Comanche Peak
8062,3319,219,13,67,0,2601,205,252,182,571,Krummholz,Leighcan,Comanche Peak
8063,3335,229,14,30,0,2718,198,252,190,582,Krummholz,Leighcan,Comanche Peak
8064,3378,186,7,1047,176,2922,222,246,158,1412,Krummholz,Leighcan,Comanche Peak
8065,3207,135,11,618,98,2777,237,236,128,3165,Lodgepole Pine,Catacount,Comanche Peak
8066,3068,195,26,874,98,3113,204,250,165,2223,Lodgepole Pine,Catacount,Comanche Peak
8067,2761,144,8,190,31,2569,232,239,138,2139,Aspen,Catacount,Comanche Peak
8068,2634,330,8,67,17,2081,202,231,168,2292,Douglas-fir,Catacount,Comanche Peak
8069,2635,347,9,95,22,2051,204,226,161,2263,Douglas-fir,Catacount,Comanche Peak
8070,2582,49,5,384,20,1426,222,228,141,1661,Aspen,Catacount,Comanche Peak
8071,2551,110,6,589,70,953,231,233,135,1221,Ponderosa Pine,Vanet,Comanche Peak
8072,3147,188,13,270,7,2195,220,249,160,721,Spruce_Fir,Cryaquolis,Rawah
8073,2885,139,10,330,163,1798,235,237,132,743,Aspen,Catacount,Comanche Peak
8074,3045,268,7,295,-11,1690,201,243,181,1594,Spruce_Fir,Cryaquolis,Comanche Peak
8075,3256,318,6,242,22,180,205,235,169,895,Spruce_Fir,Catacount,Comanche Peak
8076,3235,162,3,0,0,2291,222,240,153,644,Krummholz,Leighcan,Comanche Peak
8077,3278,202,22,60,18,2462,204,253,174,573,Krummholz,Leighcan,Comanche Peak
8078,3319,195,11,0,0,2666,218,250,165,541,Krummholz,Leighcan,Comanche Peak
8079,3367,227,8,949,165,2958,209,248,176,1245,Spruce_Fir,Leighcan,Comanche Peak
8080,3371,219,6,969,169,2936,213,246,169,1302,Spruce_Fir,Leighcan,Comanche Peak
8081,3372,174,9,1134,170,2831,226,245,152,1624,Krummholz,Leighcan,Comanche Peak
8082,3370,171,10,1123,131,2809,227,245,149,1712,Krummholz,Leighcan,Comanche Peak
8083,3370,177,15,960,131,2743,226,247,149,2096,Krummholz,Leighcan,Comanche Peak
8084,3048,0,4,1165,250,3150,214,232,156,1126,Lodgepole Pine,Cryorthents,Comanche Peak
8085,2765,159,7,212,35,2616,227,241,148,2068,Aspen,Catacount,Comanche Peak
8086,2582,45,7,426,20,1392,222,225,138,1643,Aspen,Catacount,Comanche Peak
8087,2546,126,8,553,65,918,234,235,132,1209,Ponderosa Pine,Vanet,Comanche Peak
8088,2850,92,24,240,128,1892,249,194,59,661,Aspen,Catacount,Comanche Peak
8089,2873,214,27,124,72,2590,184,253,191,607,Lodgepole Pine,Catacount,Comanche Peak
8090,3044,234,6,313,65,1753,210,246,173,1528,Spruce_Fir,Cryaquolis,Comanche Peak
8091,3387,287,13,900,151,1087,183,239,196,2081,Spruce_Fir,Catacount,Comanche Peak
8092,3434,212,3,1129,184,1358,217,242,162,1765,Spruce_Fir,Leighcan,Comanche Peak
8093,3271,221,20,30,11,2505,191,254,194,541,Krummholz,Leighcan,Comanche Peak
8094,3305,212,10,60,15,2616,211,250,173,514,Krummholz,Leighcan,Comanche Peak
8095,3308,213,12,42,2,2639,209,251,176,511,Krummholz,Leighcan,Comanche Peak
8096,3325,213,16,67,-1,2755,205,253,181,524,Krummholz,Leighcan,Comanche Peak
8097,3373,180,5,1024,171,2846,222,243,156,1484,Krummholz,Leighcan,Comanche Peak
8098,3362,186,15,1015,123,2724,221,250,158,2012,Krummholz,Leighcan,Comanche Peak
8099,3036,175,20,1173,177,3127,226,246,143,1273,Lodgepole Pine,Catacount,Comanche Peak
8100,2896,17,14,459,101,3095,208,210,137,1209,Lodgepole Pine,Catacount,Comanche Peak
8101,2763,153,4,216,33,2620,225,240,150,2053,Aspen,Catacount,Comanche Peak
8102,2736,152,16,120,6,2397,238,239,126,2329,Ponderosa Pine,Catacount,Comanche Peak
8103,2730,134,17,120,3,2376,245,230,108,2356,Ponderosa Pine,Catacount,Comanche Peak
8104,2677,89,20,108,22,2228,246,203,78,2553,Ponderosa Pine,Vanet,Comanche Peak
8105,2644,38,14,201,30,1956,219,209,122,2192,Douglas-fir,Vanet,Comanche Peak
8106,2611,27,13,361,29,1627,214,212,132,1879,Douglas-fir,Catacount,Comanche Peak
8107,2563,76,4,598,10,1150,225,232,143,1436,Ponderosa Pine,Vanet,Comanche Peak
8108,2869,166,9,330,147,1825,228,243,148,700,Aspen,Catacount,Comanche Peak
8109,3256,92,26,85,16,2275,250,190,53,642,Krummholz,Leighcan,Comanche Peak
8110,3294,227,12,30,5,2591,203,251,183,495,Krummholz,Leighcan,Comanche Peak
8111,3303,207,11,30,-2,2659,213,250,171,481,Krummholz,Leighcan,Comanche Peak
8112,3306,199,11,0,0,2681,216,250,167,480,Krummholz,Leighcan,Comanche Peak
8113,3350,179,10,845,148,2992,224,246,154,1064,Krummholz,Leighcan,Comanche Peak
8114,3350,180,9,849,148,2978,224,246,155,1092,Krummholz,Leighcan,Comanche Peak
8115,3370,204,5,939,168,2858,217,244,163,1376,Spruce_Fir,Leighcan,Comanche Peak
8116,3353,177,14,1064,114,2703,226,247,150,1959,Krummholz,Leighcan,Comanche Peak
8117,3051,124,20,750,48,2888,249,221,92,2563,Lodgepole Pine,Catacount,Comanche Peak
8118,2918,14,17,488,123,3034,202,203,134,1116,Lodgepole Pine,Catacount,Comanche Peak
8119,2837,65,12,607,107,2937,231,216,116,1698,Lodgepole Pine,Catacount,Comanche Peak
8120,2697,92,15,95,7,2249,242,216,99,2507,Ponderosa Pine,Catacount,Comanche Peak
8121,2648,344,20,42,12,2067,175,204,164,2402,Douglas-fir,Catacount,Comanche Peak
8122,2625,16,14,335,25,1714,208,211,138,1974,Douglas-fir,Catacount,Comanche Peak
8123,2617,31,13,384,32,1624,216,212,129,1889,Douglas-fir,Catacount,Comanche Peak
8124,2558,122,7,560,55,1087,233,234,134,1396,Ponderosa Pine,Vanet,Comanche Peak
8125,3237,104,14,42,6,2337,242,222,107,582,Krummholz,Leighcan,Comanche Peak
8126,3311,194,14,201,43,3406,217,251,165,437,Spruce_Fir,Leighcan,Comanche Peak
8127,3345,184,11,824,143,2938,223,248,157,1131,Krummholz,Catacount,Comanche Peak
8128,3222,119,17,511,106,2624,246,223,100,2792,Spruce_Fir,Catacount,Comanche Peak
8129,3028,189,18,800,88,3032,218,251,160,2080,Lodgepole Pine,Catacount,Comanche Peak
8130,2920,18,13,511,125,3013,209,212,138,1176,Lodgepole Pine,Catacount,Comanche Peak
8131,2763,85,6,218,33,2605,228,230,136,2053,Ponderosa Pine,Catacount,Comanche Peak
8132,2723,163,13,60,-3,2377,232,243,140,2324,Ponderosa Pine,Catacount,Comanche Peak
8133,2710,131,10,67,-3,2291,236,235,129,2435,Ponderosa Pine,Catacount,Comanche Peak
8134,2688,89,17,60,-1,2206,244,210,89,2546,Ponderosa Pine,Catacount,Comanche Peak
8135,2662,17,14,162,40,1968,208,210,137,2296,Douglas-fir,Catacount,Comanche Peak
8136,2659,23,12,190,40,1950,212,214,136,2268,Douglas-fir,Vanet,Comanche Peak
8137,2607,27,14,457,33,1473,213,208,128,1761,Douglas-fir,Catacount,Comanche Peak
8138,2549,156,10,510,46,1024,232,242,141,1358,Ponderosa Pine,Vanet,Comanche Peak
8139,2830,110,20,212,108,1959,250,213,81,573,Aspen,Catacount,Comanche Peak
8140,3115,257,8,446,58,1208,201,245,183,1218,Spruce_Fir,Cryaquolis,Comanche Peak
8141,3269,215,4,256,35,240,216,243,164,907,Spruce_Fir,Catacount,Comanche Peak
8142,3348,90,32,234,98,2226,248,171,0,703,Krummholz,Leighcan,Comanche Peak
8143,3284,97,30,162,44,2282,252,181,0,636,Krummholz,Leighcan,Comanche Peak
8144,3270,95,25,134,30,2301,250,194,0,616,Krummholz,Leighcan,Comanche Peak
8145,3359,150,9,1003,157,2733,232,240,139,1595,Krummholz,Leighcan,Comanche Peak
8146,3212,122,10,469,96,2591,238,232,124,2826,Spruce_Fir,Catacount,Comanche Peak
8147,3159,172,19,510,86,2642,229,245,140,3150,Lodgepole Pine,Catacount,Comanche Peak
8148,2760,79,10,182,30,2563,234,222,119,2093,Ponderosa Pine,Catacount,Comanche Peak
8149,2660,346,14,30,5,2081,191,217,163,2506,Douglas-fir,Catacount,Comanche Peak
8150,2675,11,12,127,39,1982,207,214,144,2362,Douglas-fir,Catacount,Comanche Peak
8151,2672,24,11,150,46,1963,214,215,136,2334,Douglas-fir,Catacount,Comanche Peak
8152,2640,32,7,390,32,1711,219,224,142,1994,Douglas-fir,Catacount,Comanche Peak
8153,2598,59,11,525,29,1381,228,217,120,1691,Douglas-fir,Catacount,Comanche Peak
8154,3232,62,11,60,0,2544,230,216,118,1283,Spruce_Fir,Leighcan,Rawah
8155,3136,156,8,108,-2,2074,229,241,145,589,Spruce_Fir,Cryaquolis,Rawah
8156,2816,113,18,190,97,1999,248,218,91,531,Aspen,Catacount,Comanche Peak
8157,3257,90,26,120,26,2343,249,188,51,573,Krummholz,Leighcan,Comanche Peak
8158,3233,98,15,60,2,2382,243,218,100,534,Krummholz,Leighcan,Comanche Peak
8159,3300,201,23,256,-34,2971,204,253,173,492,Spruce_Fir,Catacount,Comanche Peak
8160,3332,186,12,765,130,2885,222,248,158,1155,Krummholz,Catacount,Comanche Peak
8161,3342,157,9,1099,149,2642,230,242,143,1834,Krummholz,Leighcan,Comanche Peak
8162,2719,54,6,0,0,2337,224,227,138,2349,Aspen,Catacount,Comanche Peak
8163,2704,80,4,30,-3,2227,225,232,142,2486,Aspen,Catacount,Comanche Peak
8164,2674,348,15,85,20,2018,192,215,161,2457,Douglas-fir,Catacount,Comanche Peak
8165,2664,33,7,268,45,1866,219,226,143,2230,Douglas-fir,Vanet,Comanche Peak
8166,2620,36,8,503,38,1500,220,221,137,1812,Douglas-fir,Catacount,Comanche Peak
8167,2617,59,10,513,37,1470,228,219,124,1785,Douglas-fir,Catacount,Comanche Peak
8168,2526,104,4,395,23,841,226,234,143,1242,Aspen,Cryaquolis,Comanche Peak
8169,2850,131,13,285,125,1909,241,232,118,600,Aspen,Catacount,Comanche Peak
8170,3299,205,17,192,48,3461,207,253,176,510,Spruce_Fir,Catacount,Comanche Peak
8171,3014,205,16,735,112,2940,209,253,175,1940,Lodgepole Pine,Catacount,Comanche Peak
8172,2773,55,9,242,43,2574,226,221,128,2069,Ponderosa Pine,Catacount,Comanche Peak
8173,2698,80,11,0,0,2164,234,221,118,2553,Aspen,Catacount,Comanche Peak
8174,2674,50,7,212,38,1898,224,224,135,2325,Douglas-fir,Vanet,Comanche Peak
8175,2670,45,8,234,44,1879,222,223,136,2297,Douglas-fir,Vanet,Comanche Peak
8176,2664,66,9,309,45,1824,229,223,127,2212,Douglas-fir,Vanet,Comanche Peak
8177,2553,81,12,446,50,1080,236,219,112,1456,Aspen,Catacount,Comanche Peak
8178,3177,62,4,0,0,2187,223,232,145,811,Spruce_Fir,Cryaquolis,Rawah
8179,2830,120,17,218,105,1976,247,224,100,534,Aspen,Catacount,Comanche Peak
8180,2820,110,21,190,95,2002,251,211,78,511,Aspen,Catacount,Comanche Peak
8181,2875,324,17,30,14,2698,175,220,184,607,Spruce_Fir,Leighcan,Comanche Peak
8182,3321,176,11,1159,205,2542,226,246,152,2081,Krummholz,Catacount,Comanche Peak
8183,2989,188,19,684,68,2912,218,250,159,2136,Lodgepole Pine,Catacount,Comanche Peak
8184,3035,92,6,1127,235,2920,230,230,133,1181,Lodgepole Pine,Cryorthents,Comanche Peak
8185,2751,52,11,108,21,2436,226,216,123,2215,Ponderosa Pine,Catacount,Comanche Peak
8186,2709,72,6,30,-1,2208,227,228,136,2483,Lodgepole Pine,Catacount,Comanche Peak
8187,2686,21,13,60,-3,2079,211,212,135,2618,Douglas-fir,Catacount,Comanche Peak
8188,2685,1,16,60,3,2058,196,209,149,2590,Douglas-fir,Catacount,Comanche Peak
8189,2688,347,17,85,21,2015,185,210,161,2533,Douglas-fir,Vanet,Comanche Peak
8190,2843,86,21,268,118,1940,245,199,73,566,Aspen,Catacount,Comanche Peak
8191,2831,102,18,242,106,1965,247,215,90,541,Aspen,Catacount,Comanche Peak
8192,2976,85,23,95,72,2436,246,193,64,836,Spruce_Fir,Leighcan,Comanche Peak
8193,3254,182,5,402,20,408,222,244,157,674,Spruce_Fir,Catacount,Comanche Peak
8194,3393,73,49,306,153,2305,218,99,0,659,Krummholz,Leighcan,Comanche Peak
8195,3273,200,21,108,22,3458,207,253,172,573,Spruce_Fir,Catacount,Comanche Peak
8196,3315,179,10,1154,199,2512,225,246,154,2089,Krummholz,Catacount,Comanche Peak
8197,3315,179,10,1124,199,2508,224,246,154,2118,Krummholz,Catacount,Comanche Peak
8198,3315,174,10,1095,199,2505,226,245,152,2147,Krummholz,Catacount,Comanche Peak
8199,3303,133,16,918,187,2492,244,230,110,2321,Spruce_Fir,Catacount,Comanche Peak
8200,3057,109,16,570,62,2687,246,220,98,2714,Lodgepole Pine,Catacount,Comanche Peak
8201,2806,71,16,371,76,2638,236,206,96,1997,Lodgepole Pine,Catacount,Comanche Peak
8202,2742,54,12,90,12,2347,227,213,117,2308,Ponderosa Pine,Catacount,Comanche Peak
8203,2530,64,7,306,27,840,227,226,133,1298,Lodgepole Pine,Catacount,Comanche Peak
8204,3174,266,9,540,82,953,197,244,187,870,Lodgepole Pine,Cryaquolis,Comanche Peak
8205,3271,83,27,175,44,2418,245,181,0,516,Krummholz,Leighcan,Comanche Peak
8206,2696,151,6,150,23,1952,228,240,146,2525,Ponderosa Pine,Vanet,Comanche Peak
8207,2634,189,6,418,95,1557,221,245,159,1919,Ponderosa Pine,Vanet,Comanche Peak
8208,3154,41,5,85,11,1984,221,228,143,534,Spruce_Fir,Cryaquolis,Rawah
8209,2807,90,28,162,82,2048,249,183,43,458,Aspen,Catacount,Comanche Peak
8210,3239,66,18,95,19,2497,235,201,91,426,Krummholz,Leighcan,Comanche Peak
8211,3264,122,13,0,0,3446,242,229,114,664,Spruce_Fir,Leighcan,Comanche Peak
8212,3304,189,11,1124,142,2457,221,248,160,2078,Krummholz,Catacount,Comanche Peak
8213,3205,138,14,466,89,2423,241,234,120,2773,Spruce_Fir,Catacount,Comanche Peak
8214,2961,181,12,577,40,2828,224,248,154,2259,Lodgepole Pine,Catacount,Comanche Peak
8215,2858,135,18,735,128,2914,245,229,105,1744,Lodgepole Pine,Catacount,Comanche Peak
8216,2765,52,11,175,35,2382,226,217,124,2259,Ponderosa Pine,Catacount,Comanche Peak
8217,3132,52,9,60,-1,1892,225,221,130,408,Spruce_Fir,Cryaquolis,Rawah
8218,3008,122,22,360,-2,1116,251,217,82,828,Lodgepole Pine,Legault,Rawah
8219,2898,43,27,331,173,1915,214,172,77,607,Aspen,Catacount,Comanche Peak
8220,2888,52,28,301,163,1939,222,169,63,579,Aspen,Catacount,Comanche Peak
8221,3024,270,10,67,14,1813,193,244,190,1455,Spruce_Fir,Cryaquolis,Comanche Peak
8222,3352,88,46,277,121,2413,237,124,0,564,Krummholz,Leighcan,Comanche Peak
8223,3244,64,21,108,25,2521,234,194,82,408,Krummholz,Leighcan,Comanche Peak
8224,3252,204,20,108,52,2800,205,254,176,228,Krummholz,Leighcan,Comanche Peak
8225,3257,195,15,150,57,2843,216,251,165,212,Krummholz,Leighcan,Comanche Peak
8226,3081,157,17,446,78,2535,236,240,128,2915,Lodgepole Pine,Catacount,Comanche Peak
8227,2840,143,9,569,110,2742,234,238,135,1902,Ponderosa Pine,Vanet,Comanche Peak
8228,2621,221,14,365,82,1518,202,253,185,1973,Ponderosa Pine,Vanet,Comanche Peak
8229,3142,185,23,459,127,1917,217,249,152,1082,Lodgepole Pine,Legault,Rawah
8230,3028,178,14,420,-38,1489,225,247,151,1142,Lodgepole Pine,Legault,Rawah
8231,2927,24,28,390,202,1884,193,169,99,655,Aspen,Catacount,Comanche Peak
8232,2882,72,29,270,157,1981,238,170,42,541,Aspen,Catacount,Comanche Peak
8233,2810,93,34,150,85,2080,249,167,17,430,Aspen,Catacount,Comanche Peak
8234,2780,270,10,190,59,2416,194,244,189,180,Spruce_Fir,Catacount,Comanche Peak
8235,2880,293,11,67,7,2766,190,238,188,430,Spruce_Fir,Catacount,Comanche Peak
8236,2838,185,12,636,108,2780,222,248,157,1874,Ponderosa Pine,Catacount,Comanche Peak
8237,2708,76,7,182,-2,1996,229,227,131,2683,Douglas-fir,Catacount,Comanche Peak
8238,2653,129,15,418,118,1645,243,230,111,2227,Ponderosa Pine,Vanet,Comanche Peak
8239,2622,202,16,331,83,1477,211,253,172,1961,Ponderosa Pine,Vanet,Comanche Peak
8240,2567,111,3,272,69,1084,225,236,145,1560,Ponderosa Pine,Vanet,Comanche Peak
8241,2564,99,6,256,59,1024,230,232,136,1513,Ponderosa Pine,Vanet,Comanche Peak
8242,2847,91,33,210,122,2047,249,171,24,474,Aspen,Catacount,Comanche Peak
8243,3226,27,1,564,75,631,218,236,155,484,Spruce_Fir,Catacount,Comanche Peak
8244,3240,84,24,127,32,2586,245,192,63,350,Krummholz,Leighcan,Comanche Peak
8245,2941,209,10,741,93,2777,213,249,171,1698,Lodgepole Pine,Catacount,Comanche Peak
8246,2962,246,11,819,120,2770,197,249,190,1560,Lodgepole Pine,Catacount,Comanche Peak
8247,2764,167,17,268,34,2355,232,244,137,2280,Ponderosa Pine,Vanet,Comanche Peak
8248,2662,169,15,361,4,1740,230,245,142,2403,Ponderosa Pine,Vanet,Comanche Peak
8249,2647,167,20,391,88,1660,232,243,133,2295,Ponderosa Pine,Vanet,Comanche Peak
8250,2965,26,22,450,224,1874,204,188,112,700,Aspen,Catacount,Comanche Peak
8251,3220,108,15,67,20,2647,244,222,103,283,Krummholz,Leighcan,Comanche Peak
8252,3282,143,16,484,80,2754,241,235,119,1126,Lodgepole Pine,Cryorthents,Comanche Peak
8253,2809,148,22,551,79,2646,243,232,107,2005,Ponderosa Pine,Vanet,Comanche Peak
8254,2753,167,16,285,23,2313,232,244,138,2322,Ponderosa Pine,Vanet,Comanche Peak
8255,2718,94,8,240,7,2024,232,229,129,2631,Douglas-fir,Catacount,Comanche Peak
8256,2616,140,17,335,81,1542,243,233,112,2174,Ponderosa Pine,Vanet,Comanche Peak
8257,2588,182,14,295,53,1473,224,248,154,2069,Ponderosa Pine,Vanet,Comanche Peak
8258,2593,202,23,277,54,1441,202,253,175,2017,Ponderosa Pine,Vanet,Comanche Peak
8259,3181,70,9,210,-15,1991,230,223,125,713,Spruce_Fir,Cryaquolis,Rawah
8260,3151,60,8,0,0,1812,226,224,132,361,Spruce_Fir,Cryaquolis,Rawah
8261,3085,208,16,201,15,1723,207,253,177,631,Spruce_Fir,Leighcan,Rawah
8262,2981,55,20,467,237,1871,228,194,91,726,Aspen,Catacount,Comanche Peak
8263,2966,107,21,417,225,1917,250,211,79,666,Aspen,Catacount,Comanche Peak
8264,2950,115,27,390,208,1940,254,201,56,636,Aspen,Catacount,Comanche Peak
8265,2873,324,14,170,-8,2750,184,224,179,342,Spruce_Fir,Catacount,Comanche Peak
8266,3330,347,6,797,35,752,208,230,160,1215,Krummholz,Catacount,Comanche Peak
8267,3376,307,9,875,119,1034,194,235,180,2163,Spruce_Fir,Catacount,Comanche Peak
8268,3400,171,6,866,194,1354,224,243,153,1834,Krummholz,Leighcan,Comanche Peak
8269,3401,186,6,859,195,1383,221,245,158,1804,Krummholz,Leighcan,Comanche Peak
8270,2593,188,13,212,54,1342,220,249,160,1905,Ponderosa Pine,Vanet,Comanche Peak
8271,2583,152,13,218,44,1240,235,240,133,1758,Ponderosa Pine,Vanet,Comanche Peak
8272,2922,138,22,228,117,957,247,226,97,525,Lodgepole Pine,Leighcan,Rawah
8273,2910,129,23,201,105,932,251,218,82,510,Lodgepole Pine,Leighcan,Rawah
8274,2824,95,37,182,99,2124,249,161,6,424,Lodgepole Pine,Catacount,Comanche Peak
8275,2907,303,11,42,-3,2779,190,235,185,484,Spruce_Fir,Catacount,Comanche Peak
8276,3028,11,13,30,7,1861,206,213,143,1441,Spruce_Fir,Leighcan,Comanche Peak
8277,3090,241,12,108,37,1557,196,250,191,1176,Spruce_Fir,Cryaquolis,Comanche Peak
8278,3216,168,8,430,67,782,227,243,150,443,Spruce_Fir,Catacount,Comanche Peak
8279,3427,229,5,864,221,2067,212,245,170,1114,Krummholz,Leighcan,Comanche Peak
8280,3442,227,8,755,242,2182,209,248,176,994,Krummholz,Leighcan,Comanche Peak
8281,3299,67,34,175,99,2605,231,151,23,400,Krummholz,Leighcan,Comanche Peak
8282,3246,191,18,216,-17,3458,217,251,162,663,Lodgepole Pine,Catacount,Comanche Peak
8283,3240,99,12,722,124,2251,240,222,110,2561,Spruce_Fir,Leighcan,Comanche Peak
8284,2927,174,9,618,79,2673,226,245,152,1825,Aspen,Catacount,Comanche Peak
8285,2614,154,19,301,55,1592,239,238,122,2335,Ponderosa Pine,Vanet,Comanche Peak
8286,2572,195,19,212,37,1374,213,252,166,2022,Ponderosa Pine,Vanet,Comanche Peak
8287,3088,72,8,30,1,1654,230,224,127,319,Spruce_Fir,Cryaquolis,Rawah
8288,3061,152,24,300,46,1820,242,231,104,1189,Spruce_Fir,Legault,Rawah
8289,2997,94,21,450,252,1889,248,203,73,751,Aspen,Catacount,Comanche Peak
8290,2930,120,30,361,189,1978,254,199,49,631,Aspen,Catacount,Comanche Peak
8291,3259,266,4,636,25,630,210,241,169,624,Spruce_Fir,Catacount,Comanche Peak
8292,3397,166,6,825,191,1310,225,242,151,1891,Krummholz,Leighcan,Comanche Peak
8293,3425,215,8,836,219,2072,213,248,171,1112,Krummholz,Leighcan,Comanche Peak
8294,3365,56,35,247,165,2579,218,145,32,484,Krummholz,Leighcan,Comanche Peak
8295,3218,111,19,67,-1,3291,249,215,86,845,Spruce_Fir,Catacount,Comanche Peak
8296,2921,171,10,592,73,2644,227,245,149,1847,Aspen,Catacount,Comanche Peak
8297,2798,155,15,592,164,2764,237,240,129,1931,Aspen,Catacount,Comanche Peak
8298,2739,150,8,342,28,2114,230,240,142,2522,Ponderosa Pine,Vanet,Comanche Peak
8299,2736,131,9,335,25,2089,235,235,131,2547,Douglas-fir,Vanet,Comanche Peak
8300,2689,147,15,301,104,1874,239,237,124,2726,Douglas-fir,Vanet,Comanche Peak
8301,3166,30,11,85,3,1738,216,215,133,324,Spruce_Fir,Cryaquolis,Rawah
8302,2948,148,21,210,41,1296,242,233,110,741,Lodgepole Pine,Legault,Rawah
8303,2899,155,29,180,60,990,239,228,97,474,Lodgepole Pine,Leighcan,Rawah
8304,2831,107,33,190,98,2137,254,182,28,450,Aspen,Catacount,Comanche Peak
8305,3335,297,3,702,40,847,210,238,166,1216,Krummholz,Catacount,Comanche Peak
8306,3327,18,9,631,93,793,213,221,144,1536,Krummholz,Catacount,Comanche Peak
8307,3325,15,10,577,91,764,211,219,144,1595,Krummholz,Catacount,Comanche Peak
8308,3412,203,13,771,206,1959,213,251,171,1230,Krummholz,Leighcan,Comanche Peak
8309,2932,188,10,390,53,2580,221,248,160,2151,Lodgepole Pine,Catacount,Comanche Peak
8310,2791,141,16,566,157,2751,241,234,118,1952,Aspen,Catacount,Comanche Peak
8311,2782,152,20,537,148,2697,240,236,116,1994,Aspen,Catacount,Comanche Peak
8312,2763,157,22,485,129,2589,238,237,118,2083,Ponderosa Pine,Vanet,Comanche Peak
8313,2716,165,19,430,-13,2326,233,243,132,2316,Ponderosa Pine,Vanet,Comanche Peak
8314,2678,172,7,272,93,1809,225,244,152,2684,Douglas-fir,Vanet,Comanche Peak
8315,2566,167,20,120,27,1234,232,243,133,1908,Ponderosa Pine,Vanet,Comanche Peak
8316,2542,136,19,120,20,1116,246,228,102,1744,Ponderosa Pine,Vanet,Comanche Peak
8317,2526,158,17,90,17,1050,236,241,129,1655,Ponderosa Pine,Vanet,Comanche Peak
8318,3139,39,16,95,2,1630,219,202,113,150,Spruce_Fir,Cryaquolis,Rawah
8319,3031,145,15,240,16,1753,240,236,121,1239,Spruce_Fir,Legault,Rawah
8320,2975,165,13,210,12,1622,231,244,141,1082,Lodgepole Pine,Legault,Rawah
8321,2971,111,25,391,226,1952,253,204,63,721,Aspen,Catacount,Comanche Peak
8322,2846,108,28,201,104,2132,254,194,47,481,Aspen,Catacount,Comanche Peak
8323,2810,97,34,150,77,2179,251,170,17,421,Aspen,Catacount,Comanche Peak
8324,2787,96,33,124,54,2202,251,172,21,391,Lodgepole Pine,Catacount,Comanche Peak
8325,3334,259,2,690,39,845,213,240,165,1150,Krummholz,Catacount,Comanche Peak
8326,3340,0,0,641,45,912,218,238,156,1324,Krummholz,Catacount,Comanche Peak
8327,3333,23,5,630,38,834,217,228,148,1500,Krummholz,Catacount,Comanche Peak
8328,3394,195,15,726,188,1878,216,251,165,1320,Krummholz,Leighcan,Comanche Peak
8329,3340,78,44,180,140,2663,231,124,0,420,Krummholz,Leighcan,Comanche Peak
8330,3239,194,10,351,37,2531,218,249,164,1360,Spruce_Fir,Cryaquolis,Comanche Peak
8331,2987,172,16,175,-7,2258,229,246,144,3153,Lodgepole Pine,Catacount,Comanche Peak
8332,2964,138,19,882,168,2542,245,230,104,1463,Lodgepole Pine,Catacount,Comanche Peak
8333,2810,116,20,595,181,2714,249,217,87,1911,Ponderosa Pine,Catacount,Comanche Peak
8334,2780,141,16,525,146,2711,242,234,116,1994,Aspen,Catacount,Comanche Peak
8335,2768,139,20,497,134,2657,246,229,103,2037,Aspen,Catacount,Comanche Peak
8336,3179,2,7,30,4,1744,210,226,154,437,Spruce_Fir,Cryaquolis,Rawah
8337,2989,180,6,180,10,1710,222,244,156,1390,Lodgepole Pine,Cryaquolis,Rawah
8338,3001,148,22,457,256,1909,243,232,106,812,Aspen,Catacount,Comanche Peak
8339,2967,124,21,376,222,1973,250,220,87,722,Aspen,Catacount,Comanche Peak
8340,2885,105,33,255,141,2083,253,180,26,573,Aspen,Catacount,Comanche Peak
8341,2852,118,28,212,111,2128,254,202,55,514,Aspen,Catacount,Comanche Peak
8342,2824,110,31,162,82,2174,254,190,39,454,Aspen,Catacount,Comanche Peak
8343,2807,103,33,134,74,2197,253,178,25,424,Aspen,Catacount,Comanche Peak
8344,3334,13,3,600,39,860,216,233,154,1495,Krummholz,Catacount,Comanche Peak
8345,3334,9,6,603,39,828,214,228,152,1554,Krummholz,Catacount,Comanche Peak
8346,3333,355,8,582,99,785,207,225,157,1613,Krummholz,Catacount,Comanche Peak
8347,3403,205,12,731,197,2030,213,251,171,1170,Spruce_Fir,Catacount,Comanche Peak
8348,3431,171,13,450,231,2501,229,245,146,691,Krummholz,Leighcan,Comanche Peak
8349,3428,157,12,390,228,2553,233,241,137,631,Krummholz,Leighcan,Comanche Peak
8350,3060,79,12,30,1,2114,236,217,110,3515,Spruce_Fir,Leighcan,Comanche Peak
8351,2902,172,13,499,58,2550,228,246,147,1933,Aspen,Catacount,Comanche Peak
8352,2901,169,14,516,57,2555,230,245,144,1913,Aspen,Catacount,Comanche Peak
8353,2899,172,14,534,54,2560,228,246,146,1894,Aspen,Catacount,Comanche Peak
8354,2899,187,13,553,54,2565,221,249,159,1874,Aspen,Catacount,Comanche Peak
8355,2885,204,14,1064,107,2460,212,252,172,1448,Aspen,Cryorthents,Comanche Peak
8356,2887,194,11,1075,109,2460,219,249,163,1451,Aspen,Cryorthents,Comanche Peak
8357,2747,149,14,443,113,2590,238,238,127,2101,Aspen,Catacount,Comanche Peak
8358,2739,137,18,418,105,2536,245,230,107,2145,Ponderosa Pine,Catacount,Comanche Peak
8359,2731,132,21,408,97,2509,249,223,92,2167,Ponderosa Pine,Catacount,Comanche Peak
8360,2707,151,15,390,73,2349,238,239,127,2305,Ponderosa Pine,Vanet,Comanche Peak
8361,2716,219,19,335,109,2115,195,254,190,2522,Ponderosa Pine,Vanet,Comanche Peak
8362,2722,223,18,331,115,2089,195,254,191,2546,Ponderosa Pine,Vanet,Comanche Peak
8363,2587,137,16,182,28,1506,243,233,114,2393,Ponderosa Pine,Vanet,Comanche Peak
8364,2513,126,11,42,4,1015,238,233,124,1718,Douglas-fir,Vanet,Comanche Peak
8365,2988,146,25,443,243,1931,245,227,96,815,Aspen,Catacount,Comanche Peak
8366,2955,137,15,335,210,2015,242,233,116,696,Aspen,Catacount,Comanche Peak
8367,2949,99,22,309,204,2037,250,204,71,666,Aspen,Catacount,Comanche Peak
8368,2901,91,39,258,157,2081,245,149,0,607,Aspen,Catacount,Comanche Peak
8369,2801,111,31,124,59,2216,254,189,37,430,Aspen,Catacount,Comanche Peak
8370,3331,225,3,630,114,886,216,242,163,1106,Krummholz,Catacount,Comanche Peak
8371,3334,193,4,607,39,942,219,243,160,1224,Krummholz,Catacount,Comanche Peak
8372,3336,345,3,570,41,886,214,235,159,1489,Krummholz,Catacount,Comanche Peak
8373,3342,356,13,488,94,716,199,217,155,1756,Krummholz,Catacount,Comanche Peak
8374,3426,177,14,540,226,2418,226,247,150,782,Krummholz,Leighcan,Comanche Peak
8375,3387,80,39,210,187,2697,238,141,0,454,Krummholz,Leighcan,Comanche Peak
8376,3241,171,12,361,39,2689,228,245,147,1165,Lodgepole Pine,Catacount,Comanche Peak
8377,2900,156,11,430,52,2508,233,241,138,2016,Aspen,Catacount,Comanche Peak
8378,2899,162,12,443,55,2512,232,243,141,1996,Aspen,Catacount,Comanche Peak
8379,2894,168,13,492,49,2525,230,245,143,1936,Aspen,Catacount,Comanche Peak
8380,2874,164,17,1006,95,2432,233,243,134,1471,Aspen,Catacount,Comanche Peak
8381,2872,177,16,1015,94,2431,226,247,148,1473,Aspen,Catacount,Comanche Peak
8382,2886,215,11,1036,217,2430,209,251,176,1489,Aspen,Cryorthents,Comanche Peak
8383,2705,144,21,365,71,2442,244,231,106,2232,Ponderosa Pine,Vanet,Comanche Peak
8384,2692,135,12,361,58,2282,239,235,124,2371,Ponderosa Pine,Vanet,Comanche Peak
8385,2528,139,13,30,6,1057,239,236,124,1826,Ponderosa Pine,Vanet,Comanche Peak
8386,3063,185,6,42,4,1515,221,244,158,573,Spruce_Fir,Cryaquolis,Rawah
8387,2968,49,5,120,4,1657,222,228,141,1172,Lodgepole Pine,Legault,Rawah
8388,2945,161,21,323,199,2036,236,239,123,700,Aspen,Catacount,Comanche Peak
8389,3327,266,3,600,119,875,211,241,167,1012,Krummholz,Catacount,Comanche Peak
8390,3331,196,6,560,36,993,219,245,162,1277,Krummholz,Catacount,Comanche Peak
8391,3333,206,6,553,38,1001,216,246,165,1307,Krummholz,Catacount,Comanche Peak
8392,3346,338,12,540,35,792,194,223,168,1663,Krummholz,Catacount,Comanche Peak
8393,3346,21,14,430,98,674,210,210,134,1902,Krummholz,Catacount,Comanche Peak
8394,3398,200,11,693,192,2103,216,250,167,1114,Spruce_Fir,Catacount,Comanche Peak
8395,3419,179,12,511,219,2454,225,247,153,755,Krummholz,Leighcan,Comanche Peak
8396,3418,173,10,421,218,2542,226,245,150,666,Krummholz,Leighcan,Comanche Peak
8397,3353,81,47,182,153,2738,229,113,0,430,Krummholz,Leighcan,Comanche Peak
8398,3199,191,15,295,-20,3331,218,251,162,730,Lodgepole Pine,Catacount,Comanche Peak
8399,3230,192,10,319,28,2408,219,248,162,1487,Lodgepole Pine,Catacount,Comanche Peak
8400,3261,210,5,875,124,2106,216,245,165,2187,Spruce_Fir,Catacount,Comanche Peak
8401,2889,212,13,531,47,2512,209,252,177,1902,Aspen,Catacount,Comanche Peak
8402,2883,136,25,927,106,2409,249,221,84,1501,Aspen,Catacount,Comanche Peak
8403,2874,146,21,942,96,2407,244,232,106,1500,Aspen,Catacount,Comanche Peak
8404,2881,216,10,1006,212,2400,210,250,176,1519,Aspen,Catacount,Comanche Peak
8405,2823,104,20,573,191,2608,249,210,80,1940,Ponderosa Pine,Catacount,Comanche Peak
8406,2767,129,13,450,133,2675,241,232,119,2059,Ponderosa Pine,Catacount,Comanche Peak
8407,2691,168,16,331,57,2402,231,245,140,2275,Ponderosa Pine,Catacount,Comanche Peak
8408,2690,215,21,285,83,2110,194,254,189,2532,Ponderosa Pine,Vanet,Comanche Peak
8409,2712,189,16,270,105,2032,219,250,160,2605,Ponderosa Pine,Vanet,Comanche Peak
8410,3167,40,14,210,30,1521,220,208,120,42,Spruce_Fir,Leighcan,Rawah
8411,2991,57,7,108,10,1621,225,226,136,1380,Lodgepole Pine,Cryaquolis,Rawah
8412,2981,150,18,458,230,1875,241,236,118,883,Aspen,Catacount,Comanche Peak
8413,2975,144,20,433,224,1905,244,232,108,853,Aspen,Catacount,Comanche Peak
8414,2938,145,25,335,193,2024,245,227,94,735,Aspen,Catacount,Comanche Peak
8415,3052,264,9,30,1,2081,197,245,186,1299,Lodgepole Pine,Leighcan,Comanche Peak
8416,3322,254,4,570,120,874,210,242,170,918,Spruce_Fir,Catacount,Comanche Peak
8417,3330,208,7,524,35,1031,215,247,167,1302,Krummholz,Catacount,Comanche Peak
8418,3413,185,12,543,213,2431,222,248,157,789,Krummholz,Leighcan,Comanche Peak
8419,3242,47,38,60,42,2846,203,130,0,295,Krummholz,Leighcan,Comanche Peak
8420,3233,163,9,366,31,2681,229,243,146,1183,Lodgepole Pine,Catacount,Comanche Peak
8421,2880,167,12,446,38,2466,230,244,144,1982,Aspen,Catacount,Comanche Peak
8422,2883,212,12,509,47,2483,209,251,176,1926,Aspen,Catacount,Comanche Peak
8423,2925,145,13,787,139,2415,238,237,126,1565,Lodgepole Pine,Catacount,Comanche Peak
8424,2861,168,12,940,83,2373,230,245,145,1530,Aspen,Cryaquolis,Comanche Peak
8425,2860,223,12,969,83,2370,204,251,183,1535,Aspen,Cryaquolis,Comanche Peak
8426,2669,196,17,283,62,2148,214,252,167,2502,Ponderosa Pine,Vanet,Comanche Peak
8427,2703,188,16,240,96,2017,220,250,159,2623,Ponderosa Pine,Vanet,Comanche Peak
8428,2624,162,22,120,40,1621,235,240,124,2646,Ponderosa Pine,Vanet,Comanche Peak
8429,2620,150,22,120,36,1598,242,233,109,2620,Ponderosa Pine,Vanet,Comanche Peak
8430,2530,137,10,0,0,1045,235,237,132,1911,Douglas-fir,Cryaquolis,Comanche Peak
8431,2524,121,13,0,0,1026,242,228,113,1889,Douglas-fir,Cryaquolis,Comanche Peak
8432,3198,355,10,30,5,1698,203,222,157,540,Spruce_Fir,Cryaquolis,Rawah
8433,2966,152,26,417,215,1902,242,229,99,859,Aspen,Catacount,Comanche Peak
8434,2955,146,27,391,204,1931,245,225,91,830,Aspen,Catacount,Comanche Peak
8435,2938,137,28,342,193,1991,249,217,76,771,Aspen,Catacount,Comanche Peak
8436,2925,142,27,319,180,2021,247,223,87,742,Aspen,Catacount,Comanche Peak
8437,3285,305,8,484,95,840,199,236,176,589,Spruce_Fir,Catacount,Comanche Peak
8438,3355,301,7,690,98,990,201,237,176,2345,Spruce_Fir,Catacount,Comanche Peak
8439,2876,152,11,404,34,2431,234,240,135,2024,Aspen,Catacount,Comanche Peak
8440,2873,184,10,446,31,2442,223,247,157,1987,Aspen,Catacount,Comanche Peak
8441,2862,141,23,875,83,2349,246,227,96,1561,Aspen,Catacount,Comanche Peak
8442,2827,111,20,552,194,2541,250,214,83,1968,Ponderosa Pine,Catacount,Comanche Peak
8443,2737,130,21,350,103,2568,249,222,90,2164,Ponderosa Pine,Vanet,Comanche Peak
8444,2682,119,19,277,48,2403,249,220,91,2293,Aspen,Catacount,Comanche Peak
8445,2669,144,15,285,35,2187,240,236,122,2474,Ponderosa Pine,Vanet,Comanche Peak
8446,2621,139,24,124,38,1822,248,223,89,2812,Ponderosa Pine,Vanet,Comanche Peak
8447,2608,180,21,95,23,1747,223,248,148,2818,Ponderosa Pine,Vanet,Comanche Peak
8448,2954,163,27,430,203,1869,233,235,113,895,Aspen,Catacount,Comanche Peak
8449,2935,147,27,350,184,1958,244,226,93,808,Aspen,Catacount,Comanche Peak
8450,2865,130,34,201,119,2138,251,199,46,636,Aspen,Catacount,Comanche Peak
8451,3359,45,3,450,48,769,220,232,149,1864,Krummholz,Catacount,Comanche Peak
8452,3151,141,16,85,1,3065,242,234,117,1012,Lodgepole Pine,Catacount,Comanche Peak
8453,3238,261,6,600,94,2087,206,243,176,1997,Spruce_Fir,Catacount,Comanche Peak
8454,2894,167,13,247,39,2373,230,244,144,2227,Lodgepole Pine,Catacount,Comanche Peak
8455,2869,163,10,404,27,2407,230,243,145,2029,Aspen,Catacount,Comanche Peak
8456,2960,97,6,684,163,2377,229,232,137,1661,Lodgepole Pine,Cryorthents,Comanche Peak
8457,2903,135,18,752,125,2348,245,229,105,1613,Lodgepole Pine,Catacount,Comanche Peak
8458,2857,223,13,926,85,2310,203,252,183,1597,Aspen,Cryaquolis,Comanche Peak
8459,2961,152,25,685,295,2379,241,232,105,1771,Krummholz,Vanet,Comanche Peak
8460,2954,151,23,674,288,2387,242,232,106,1784,Krummholz,Vanet,Comanche Peak
8461,2752,139,22,404,123,2589,247,227,97,2105,Ponderosa Pine,Catacount,Comanche Peak
8462,2679,108,18,247,45,2391,247,217,92,2313,Aspen,Vanet,Comanche Peak
8463,2600,179,15,67,15,1731,225,248,151,2832,Ponderosa Pine,Vanet,Comanche Peak
8464,3115,42,30,150,53,1380,209,161,68,395,Spruce_Fir,Leighcan,Rawah
8465,2747,290,13,42,8,2428,182,238,195,361,Lodgepole Pine,Catacount,Comanche Peak
8466,3120,319,4,0,0,1490,208,235,166,782,Spruce_Fir,Leighcan,Comanche Peak
8467,3355,62,4,424,44,771,223,232,145,1952,Krummholz,Catacount,Comanche Peak
8468,3391,148,9,335,191,2685,232,240,139,579,Spruce_Fir,Catacount,Comanche Peak
8469,3186,261,27,120,53,2866,145,242,229,1136,Spruce_Fir,Catacount,Comanche Peak
8470,3210,171,6,120,8,2424,225,243,153,1429,Spruce_Fir,Cryaquolis,Comanche Peak
8471,2945,152,4,30,1,2120,224,239,151,3123,Spruce_Fir,Catacount,Comanche Peak
8472,2867,126,28,793,88,2296,253,208,63,1624,Aspen,Catacount,Comanche Peak
8473,2840,178,12,836,62,2287,225,247,152,1620,Aspen,Catacount,Comanche Peak
8474,2848,223,8,886,76,2280,210,248,175,1624,Aspen,Cryaquolis,Comanche Peak
8475,2852,234,10,899,89,2280,203,249,183,1627,Aspen,Cryaquolis,Comanche Peak
8476,2890,270,18,864,214,2283,170,243,211,1653,Aspen,Catacount,Comanche Peak
8477,2735,141,20,361,106,2577,245,230,105,2148,Ponderosa Pine,Catacount,Comanche Peak
8478,2686,118,19,228,52,2407,249,219,91,2312,Ponderosa Pine,Vanet,Comanche Peak
8479,2605,128,23,67,22,1790,250,220,85,2846,Ponderosa Pine,Vanet,Comanche Peak
8480,2568,127,9,30,1,1425,236,234,128,2538,Douglas-fir,Cryaquolis,Comanche Peak
8481,2539,11,8,30,2,1168,211,223,148,2244,Douglas-fir,Catacount,Comanche Peak
8482,3198,10,12,330,61,1423,207,216,145,127,Spruce_Fir,Leighcan,Rawah
8483,3162,178,8,85,12,1173,224,245,155,418,Spruce_Fir,Cryaquolis,Comanche Peak
8484,3332,231,6,391,37,1003,210,246,172,1501,Krummholz,Catacount,Comanche Peak
8485,3237,15,19,95,37,3139,199,196,129,247,Krummholz,Leighcan,Comanche Peak
8486,3127,158,16,42,-3,2981,236,241,130,1084,Lodgepole Pine,Catacount,Comanche Peak
8487,3244,254,7,671,107,1994,204,245,179,2131,Spruce_Fir,Catacount,Comanche Peak
8488,3271,270,3,900,140,1939,212,240,166,2363,Spruce_Fir,Catacount,Comanche Peak
8489,3202,51,9,642,86,1930,225,220,128,2876,Spruce_Fir,Leighcan,Comanche Peak
8490,2880,141,15,711,104,2284,241,235,119,1667,Aspen,Catacount,Comanche Peak
8491,2857,128,27,767,78,2266,252,212,69,1654,Aspen,Catacount,Comanche Peak
8492,2837,203,8,816,60,2255,216,247,166,1650,Aspen,Cryaquolis,Comanche Peak
8493,2856,272,11,874,179,2250,190,243,193,1660,Aspen,Cryaquolis,Comanche Peak
8494,2862,284,12,866,185,2250,187,240,192,1663,Aspen,Catacount,Comanche Peak
8495,2883,289,16,847,203,2252,172,236,204,1677,Aspen,Catacount,Comanche Peak
8496,2925,161,25,607,259,2337,236,237,116,1852,Krummholz,Vanet,Comanche Peak
8497,2850,104,23,566,208,2423,251,203,66,1989,Ponderosa Pine,Catacount,Comanche Peak
8498,2655,133,20,180,21,2312,247,226,97,2398,Aspen,Vanet,Comanche Peak
8499,2655,173,14,182,21,2202,228,246,147,2486,Ponderosa Pine,Vanet,Comanche Peak
8500,3246,7,13,175,53,1504,203,213,146,379,Spruce_Fir,Cryaquolis,Rawah
8501,3053,43,20,42,0,1426,220,193,100,908,Spruce_Fir,Cryaquolis,Rawah
8502,2919,169,19,437,170,1802,231,244,136,977,Aspen,Catacount,Comanche Peak
8503,2892,319,41,390,163,2748,86,168,203,313,Spruce_Fir,Catacount,Comanche Peak
8504,3075,310,4,0,0,1965,209,237,167,1253,Spruce_Fir,Leighcan,Comanche Peak
8505,3349,243,11,360,38,942,199,249,187,1650,Spruce_Fir,Catacount,Comanche Peak
8506,3355,315,2,390,33,815,213,237,162,2040,Krummholz,Catacount,Comanche Peak
8507,3244,27,19,134,44,3181,209,197,119,285,Krummholz,Leighcan,Comanche Peak
8508,3218,111,3,306,16,2569,225,236,145,1315,Lodgepole Pine,Catacount,Comanche Peak
8509,2855,168,8,360,24,2324,227,243,150,2082,Aspen,Catacount,Comanche Peak
8510,2832,189,8,779,55,2227,221,246,160,1680,Aspen,Cryaquolis,Comanche Peak
8511,2833,206,8,787,58,2225,215,248,168,1680,Aspen,Cryaquolis,Comanche Peak
8512,2857,276,14,845,167,2220,181,242,200,1690,Aspen,Catacount,Comanche Peak
8513,2864,286,14,837,187,2220,181,239,197,1693,Aspen,Catacount,Comanche Peak
8514,2686,153,19,201,52,2440,239,237,120,2313,Ponderosa Pine,Vanet,Comanche Peak
8515,2577,68,3,0,0,1631,222,234,148,2825,Douglas-fir,Cryaquolis,Comanche Peak
8516,3046,48,17,201,30,1871,224,202,106,3611,Spruce_Fir,Catacount,Comanche Peak
8517,2952,72,26,85,7,1989,239,179,0,3272,Spruce_Fir,Catacount,Comanche Peak
8518,2932,81,11,60,-10,2093,235,219,114,3070,Spruce_Fir,Catacount,Comanche Peak
8519,2848,266,15,819,91,2190,181,245,203,1717,Aspen,Cryaquolis,Comanche Peak
8520,2905,165,28,577,239,2263,232,236,116,1879,Krummholz,Vanet,Comanche Peak
8521,2696,129,18,234,67,2514,247,226,101,2275,Ponderosa Pine,Catacount,Comanche Peak
8522,2629,193,22,85,22,1986,212,251,163,2685,Ponderosa Pine,Vanet,Comanche Peak
8523,2612,146,21,60,9,1825,243,232,106,2826,Ponderosa Pine,Vanet,Comanche Peak
8524,2584,345,11,30,4,1667,199,223,163,2892,Douglas-fir,Cryaquolis,Comanche Peak
8525,3162,311,4,0,0,1221,208,237,168,313,Spruce_Fir,Leighcan,Comanche Peak
8526,3349,194,8,300,38,966,219,247,162,1710,Spruce_Fir,Catacount,Comanche Peak
8527,3358,298,4,424,19,870,210,238,167,2190,Spruce_Fir,Catacount,Comanche Peak
8528,3365,11,5,541,26,870,215,230,152,2340,Krummholz,Catacount,Comanche Peak
8529,3353,76,6,534,31,878,228,229,136,2490,Krummholz,Catacount,Comanche Peak
8530,3349,75,7,484,38,886,228,228,133,2550,Krummholz,Catacount,Comanche Peak
8531,3202,78,13,134,7,3361,236,216,109,379,Spruce_Fir,Leighcan,Comanche Peak
8532,2845,159,10,301,17,2271,231,242,142,2114,Aspen,Catacount,Comanche Peak
8533,2829,227,8,741,66,2163,209,248,176,1740,Aspen,Cryaquolis,Comanche Peak
8534,2859,286,20,787,158,2160,162,235,212,1749,Aspen,Catacount,Comanche Peak
8535,2774,98,23,366,141,2415,250,200,65,2166,Ponderosa Pine,Catacount,Comanche Peak
8536,2619,179,24,30,12,1919,222,246,143,2750,Douglas-fir,Vanet,Comanche Peak
8537,2570,358,8,108,8,1233,208,226,155,2484,Lodgepole Pine,Catacount,Comanche Peak
8538,2860,149,18,201,109,2040,240,236,119,793,Aspen,Catacount,Comanche Peak
8539,2854,139,20,175,103,2070,246,229,101,767,Aspen,Catacount,Comanche Peak
8540,3356,236,2,309,27,904,216,240,162,2041,Krummholz,Catacount,Comanche Peak
8541,3321,163,15,499,109,1381,233,243,137,2042,Spruce_Fir,Catacount,Comanche Peak
8542,3193,240,35,180,60,2721,134,243,229,1295,Spruce_Fir,Catacount,Comanche Peak
8543,3062,33,15,256,46,1812,216,206,122,3639,Spruce_Fir,Catacount,Comanche Peak
8544,2838,175,11,270,38,2249,226,246,151,2122,Aspen,Catacount,Comanche Peak
8545,2940,254,19,495,154,2213,174,249,211,1851,Lodgepole Pine,Catacount,Comanche Peak
8546,2839,127,22,633,61,2155,250,220,87,1779,Aspen,Catacount,Comanche Peak
8547,2864,294,22,759,163,2130,153,229,214,1779,Aspen,Catacount,Comanche Peak
8548,2894,309,17,735,204,2131,170,226,196,1790,Aspen,Catacount,Comanche Peak
8549,2899,347,8,730,222,2132,206,228,160,1795,Aspen,Catacount,Comanche Peak
8550,2895,176,26,666,226,2155,223,243,136,1851,Krummholz,Vanet,Comanche Peak
8551,2662,133,18,150,33,2438,246,228,104,2359,Ponderosa Pine,Catacount,Comanche Peak
8552,2625,189,10,60,-4,2184,221,248,160,2546,Aspen,Vanet,Comanche Peak
8553,2609,177,16,42,11,1962,226,247,148,2724,Douglas-fir,Vanet,Comanche Peak
8554,2595,159,13,0,0,1798,233,242,137,2863,Douglas-fir,Cryaquolis,Comanche Peak
8555,2587,340,5,42,0,1691,210,233,162,2918,Douglas-fir,Catacount,Comanche Peak
8556,2835,124,24,134,84,2100,252,214,76,757,Aspen,Catacount,Comanche Peak
8557,3021,319,10,270,24,2576,193,231,177,966,Spruce_Fir,Cryaquolis,Comanche Peak
8558,3187,217,5,30,7,1165,215,245,167,95,Spruce_Fir,Leighcan,Comanche Peak
8559,3359,76,8,525,37,934,230,226,128,2462,Krummholz,Catacount,Comanche Peak
8560,2941,50,11,150,-3,1999,225,215,123,3146,Spruce_Fir,Catacount,Comanche Peak
8561,2818,133,12,636,43,2117,239,234,124,1804,Aspen,Cryaquolis,Comanche Peak
8562,2891,302,23,713,190,2100,151,223,209,1816,Aspen,Catacount,Comanche Peak
8563,2853,174,27,470,187,2192,224,242,132,1986,Lodgepole Pine,Catacount,Comanche Peak
8564,2755,100,25,309,122,2375,252,197,59,2232,Ponderosa Pine,Catacount,Comanche Peak
8565,2630,127,5,42,-3,2287,229,237,142,2483,Douglas-fir,Vanet,Comanche Peak
8566,2629,73,5,30,-4,2258,226,230,139,2504,Douglas-fir,Cryaquolis,Comanche Peak
8567,2598,144,4,0,0,1922,226,239,147,2766,Douglas-fir,Cryaquolis,Comanche Peak
8568,3369,69,4,524,30,960,224,231,143,2373,Krummholz,Catacount,Comanche Peak
8569,3367,73,5,552,28,960,226,230,139,2403,Krummholz,Catacount,Comanche Peak
8570,3304,147,16,433,92,1440,240,236,121,2024,Spruce_Fir,Catacount,Comanche Peak
8571,3273,178,15,306,67,1693,225,248,150,1732,Spruce_Fir,Catacount,Comanche Peak
8572,3329,209,18,418,162,2318,203,254,181,1075,Spruce_Fir,Catacount,Comanche Peak
8573,3152,155,5,30,0,3416,226,240,149,595,Lodgepole Pine,Leighcan,Comanche Peak
8574,3185,236,11,268,41,1959,202,249,185,1953,Spruce_Fir,Catacount,Comanche Peak
8575,2930,16,12,175,35,2064,209,214,140,3018,Spruce_Fir,Catacount,Comanche Peak
8576,2847,180,7,150,16,2151,223,245,156,2292,Lodgepole Pine,Catacount,Comanche Peak
8577,2630,55,14,0,0,2220,228,210,112,2546,Douglas-fir,Cryaquolis,Comanche Peak
8578,2600,0,21,60,1,1745,184,196,145,2838,Douglas-fir,Catacount,Comanche Peak
8579,2840,139,15,210,89,2010,241,234,118,865,Aspen,Catacount,Comanche Peak
8580,2831,144,17,150,80,2070,242,234,115,816,Aspen,Catacount,Comanche Peak
8581,3053,307,7,558,86,3048,201,236,175,582,Spruce_Fir,Catacount,Comanche Peak
8582,3055,294,11,255,-15,2239,189,237,189,1262,Spruce_Fir,Cryaquolis,Comanche Peak
8583,3330,209,10,180,19,1087,213,249,171,1687,Krummholz,Leighcan,Comanche Peak
8584,3355,252,2,255,16,992,214,240,164,2075,Krummholz,Catacount,Comanche Peak
8585,3356,285,3,277,17,990,212,239,165,2105,Krummholz,Catacount,Comanche Peak
8586,3350,183,14,534,200,2638,223,249,155,799,Spruce_Fir,Catacount,Comanche Peak
8587,2822,153,9,180,22,2161,231,241,141,2197,Aspen,Catacount,Comanche Peak
8588,2811,154,7,579,39,2058,229,241,145,1864,Aspen,Cryaquolis,Comanche Peak
8589,2810,163,5,589,47,2054,225,241,151,1862,Aspen,Cryaquolis,Comanche Peak
8590,2809,183,4,598,44,2051,221,242,157,1861,Aspen,Cryaquolis,Comanche Peak
8591,2879,292,24,671,178,2040,146,228,218,1869,Aspen,Catacount,Comanche Peak
8592,2833,163,21,361,167,2195,235,241,126,2121,Ponderosa Pine,Catacount,Comanche Peak
8593,2725,103,22,228,92,2352,250,207,74,2316,Ponderosa Pine,Catacount,Comanche Peak
8594,2679,98,24,127,46,2414,250,199,63,2389,Ponderosa Pine,Catacount,Comanche Peak
8595,2622,342,25,127,30,1624,161,195,167,2839,Douglas-fir,Catacount,Comanche Peak
8596,3270,344,12,85,15,1468,195,221,164,685,Spruce_Fir,Leighcan,Rawah
8597,2833,131,14,190,84,2010,242,232,116,882,Aspen,Catacount,Comanche Peak
8598,3323,222,7,150,12,1127,211,247,173,1660,Krummholz,Leighcan,Comanche Peak
8599,3302,126,16,424,82,1429,245,227,106,2096,Spruce_Fir,Catacount,Comanche Peak
8600,3296,76,17,323,101,3384,238,207,93,503,Lodgepole Pine,Catacount,Comanche Peak
8601,3195,77,9,85,5,2213,232,223,122,1648,Spruce_Fir,Cryaquolis,Comanche Peak
8602,2823,121,11,153,8,2125,239,231,120,2239,Aspen,Catacount,Comanche Peak
8603,2876,130,24,443,97,2062,250,219,82,1924,Lodgepole Pine,Catacount,Comanche Peak
8604,2846,120,28,484,68,2051,254,203,57,1909,Lodgepole Pine,Catacount,Comanche Peak
8605,2808,176,4,560,43,2024,221,241,156,1892,Aspen,Cryaquolis,Comanche Peak
8606,2884,292,24,641,183,2010,145,227,219,1899,Aspen,Catacount,Comanche Peak
8607,2624,5,22,120,17,1722,186,192,138,2779,Douglas-fir,Catacount,Comanche Peak
8608,2637,353,21,170,45,1584,180,199,154,2819,Douglas-fir,Catacount,Comanche Peak
8609,2637,13,16,210,49,1530,203,207,138,2837,Douglas-fir,Catacount,Comanche Peak
8610,3362,68,4,470,40,1054,224,231,142,2469,Krummholz,Catacount,Comanche Peak
8611,3268,37,19,850,158,1667,216,194,106,2967,Spruce_Fir,Catacount,Comanche Peak
8612,3082,45,15,395,98,1674,223,206,114,3540,Spruce_Fir,Catacount,Comanche Peak
8613,2806,198,4,532,41,1994,218,243,161,1922,Aspen,Cryaquolis,Comanche Peak
8614,2847,286,24,607,90,1981,146,231,221,1922,Aspen,Catacount,Comanche Peak
8615,2860,288,26,618,106,1980,139,228,224,1924,Aspen,Catacount,Comanche Peak
8616,2900,292,19,607,199,1980,165,233,207,1931,Aspen,Catacount,Comanche Peak
8617,2805,173,24,458,136,2037,227,243,135,2040,Lodgepole Pine,Catacount,Comanche Peak
8618,2809,185,25,313,143,2117,215,247,150,2147,Ponderosa Pine,Catacount,Comanche Peak
8619,2830,149,20,150,82,1952,242,234,112,966,Aspen,Catacount,Comanche Peak
8620,2823,152,21,134,74,2012,240,236,115,918,Aspen,Catacount,Comanche Peak
8621,2799,121,21,120,48,2102,250,218,85,850,Aspen,Catacount,Comanche Peak
8622,3175,270,8,210,4,1436,200,243,182,175,Spruce_Fir,Cryaquolis,Comanche Peak
8623,3206,234,8,42,5,1233,206,248,179,433,Spruce_Fir,Leighcan,Comanche Peak
8624,3301,242,5,90,6,1266,211,243,170,1489,Krummholz,Leighcan,Comanche Peak
8625,3314,239,7,90,3,1207,207,246,176,1608,Krummholz,Leighcan,Comanche Peak
8626,3323,259,6,90,12,1170,206,244,176,1697,Krummholz,Leighcan,Comanche Peak
8627,3357,252,3,228,18,1080,213,241,166,2114,Spruce_Fir,Catacount,Comanche Peak
8628,3365,78,6,485,43,1082,227,230,137,2442,Krummholz,Catacount,Comanche Peak
8629,3358,72,3,631,105,1165,223,233,146,2548,Spruce_Fir,Catacount,Comanche Peak
8630,3087,244,26,60,5,2676,158,249,221,1328,Lodgepole Pine,Catacount,Comanche Peak
8631,3308,20,10,976,192,1622,213,218,141,2850,Spruce_Fir,Catacount,Comanche Peak
8632,3288,356,10,162,32,1360,204,223,156,684,Spruce_Fir,Leighcan,Rawah
8633,2827,157,25,120,79,1924,238,234,110,1008,Aspen,Catacount,Comanche Peak
8634,3114,337,12,228,-18,1910,195,224,168,902,Spruce_Fir,Cryaquolis,Comanche Peak
8635,3118,338,13,285,-14,1867,192,222,168,842,Spruce_Fir,Cryaquolis,Comanche Peak
8636,3170,27,2,268,17,1549,218,234,153,335,Spruce_Fir,Cryaquolis,Comanche Peak
8637,3187,349,6,108,0,1328,209,230,159,272,Spruce_Fir,Cryaquolis,Comanche Peak
8638,3279,225,4,120,29,1398,214,244,167,1230,Spruce_Fir,Leighcan,Comanche Peak
8639,3249,178,5,569,139,1661,223,243,155,2371,Spruce_Fir,Catacount,Comanche Peak
8640,3133,22,18,524,117,1574,206,198,125,3561,Spruce_Fir,Catacount,Comanche Peak
8641,2777,178,29,247,111,2072,218,242,136,2214,Ponderosa Pine,Vanet,Comanche Peak
8642,2722,133,24,201,75,2218,249,221,86,2380,Ponderosa Pine,Vanet,Comanche Peak
8643,2639,303,16,42,7,2292,173,230,197,2577,Douglas-fir,Cryaquolis,Comanche Peak
8644,2629,75,16,124,18,2147,238,207,95,2616,Douglas-fir,Leighcan,Comanche Peak
8645,3011,234,16,470,142,2944,191,253,197,664,Lodgepole Pine,Catacount,Comanche Peak
8646,3323,264,7,30,5,1226,202,244,181,1707,Krummholz,Leighcan,Comanche Peak
8647,3227,78,7,277,31,2227,229,228,132,1677,Spruce_Fir,Cryaquolis,Comanche Peak
8648,3247,167,6,532,137,1641,225,242,151,2366,Spruce_Fir,Catacount,Comanche Peak
8649,2821,152,5,0,0,1965,226,240,149,2473,Aspen,Cryaquolis,Comanche Peak
8650,2820,173,6,30,0,1969,224,243,154,2455,Aspen,Cryaquolis,Comanche Peak
8651,2820,180,8,30,3,1973,223,245,155,2438,Aspen,Cryaquolis,Comanche Peak
8652,2807,158,12,42,5,2008,233,242,138,2341,Aspen,Catacount,Comanche Peak
8653,2797,165,3,30,0,2012,222,240,154,2282,Aspen,Cryaquolis,Comanche Peak
8654,2796,212,9,437,39,1909,213,249,172,2014,Aspen,Cryaquolis,Comanche Peak
8655,2821,312,20,484,64,1896,162,221,197,2010,Aspen,Cryaquolis,Comanche Peak
8656,2632,339,18,120,21,1994,179,212,170,2601,Douglas-fir,Leighcan,Comanche Peak
8657,2655,328,27,150,44,1879,146,198,186,2619,Douglas-fir,Catacount,Comanche Peak
8658,2679,358,21,247,72,1594,183,197,148,2687,Douglas-fir,Catacount,Comanche Peak
8659,2815,183,16,228,51,1690,222,249,154,1240,Aspen,Catacount,Comanche Peak
8660,2774,164,37,60,26,1988,225,223,95,999,Aspen,Catacount,Comanche Peak
8661,2757,149,22,30,6,2167,242,233,108,872,Lodgepole Pine,Catacount,Comanche Peak
8662,2820,257,15,127,23,2496,183,248,202,702,Lodgepole Pine,Catacount,Comanche Peak
8663,2900,265,28,300,78,2706,137,239,233,661,Lodgepole Pine,Catacount,Comanche Peak
8664,3208,5,11,0,0,1321,205,218,149,511,Spruce_Fir,Leighcan,Comanche Peak
8665,3243,180,7,524,133,1613,223,244,156,2385,Spruce_Fir,Catacount,Comanche Peak
8666,2817,135,4,0,0,1939,226,238,146,2480,Aspen,Cryaquolis,Comanche Peak
8667,2815,163,6,0,0,1948,226,242,150,2446,Aspen,Cryaquolis,Comanche Peak
8668,2808,278,20,430,47,1872,161,239,216,2041,Aspen,Cryaquolis,Comanche Peak
8669,2881,246,11,503,176,1860,197,249,189,2046,Aspen,Catacount,Comanche Peak
8670,2697,15,24,270,93,1641,191,183,121,2642,Douglas-fir,Catacount,Comanche Peak
8671,2805,189,10,190,41,1723,221,248,160,1231,Aspen,Catacount,Comanche Peak
8672,2801,138,22,108,52,1812,247,227,96,1158,Aspen,Catacount,Comanche Peak
8673,3177,239,1,335,24,1597,216,240,161,272,Spruce_Fir,Cryaquolis,Comanche Peak
8674,3232,116,12,134,12,1729,241,228,115,1917,Spruce_Fir,Catacount,Comanche Peak
8675,3239,100,7,255,85,3462,232,231,131,721,Spruce_Fir,Catacount,Comanche Peak
8676,2810,101,9,30,-3,1930,235,228,124,2439,Aspen,Cryaquolis,Comanche Peak
8677,2809,207,18,175,31,1920,205,254,178,2202,Lodgepole Pine,Catacount,Comanche Peak
8678,2787,232,12,379,26,1850,201,251,186,2073,Aspen,Cryaquolis,Comanche Peak
8679,2651,119,19,30,9,2239,249,220,92,2523,Douglas-fir,Vanet,Comanche Peak
8680,2640,1,12,0,0,2274,203,217,152,2521,Douglas-fir,Cryaquolis,Comanche Peak
8681,2655,337,27,180,44,1979,150,191,173,2542,Douglas-fir,Leighcan,Comanche Peak
8682,2685,333,32,201,74,1863,131,181,179,2560,Douglas-fir,Catacount,Comanche Peak
8683,3063,312,13,570,66,2697,185,230,185,1153,Spruce_Fir,Catacount,Comanche Peak
8684,3370,68,5,481,48,1230,225,230,139,2431,Krummholz,Catacount,Comanche Peak
8685,3226,190,22,201,76,2509,214,250,159,1134,Spruce_Fir,Catacount,Comanche Peak
8686,3191,41,14,210,37,3207,221,208,119,865,Spruce_Fir,Catacount,Comanche Peak
8687,3325,311,20,1041,215,1470,164,222,197,2854,Spruce_Fir,Catacount,Comanche Peak
8688,3196,67,7,573,115,1440,228,226,132,3475,Spruce_Fir,Catacount,Comanche Peak
8689,2795,141,3,0,0,1914,224,238,150,2335,Aspen,Cryaquolis,Comanche Peak
8690,2794,163,6,30,-2,1909,226,242,149,2322,Aspen,Cryaquolis,Comanche Peak
8691,2835,194,20,182,57,1891,213,252,165,2168,Lodgepole Pine,Catacount,Comanche Peak
8692,2881,243,11,443,142,1801,199,249,188,2102,Aspen,Catacount,Comanche Peak
8693,2665,324,18,85,33,2265,173,218,184,2490,Douglas-fir,Catacount,Comanche Peak
8694,2669,29,12,108,39,2236,216,214,133,2491,Douglas-fir,Catacount,Comanche Peak
8695,2717,337,28,256,106,1797,148,189,173,2542,Douglas-fir,Catacount,Comanche Peak
8696,3325,349,20,342,62,1168,180,204,159,708,Spruce_Fir,Leighcan,Rawah
8697,3200,25,25,395,124,966,199,179,106,966,Spruce_Fir,Leighcan,Rawah
8698,3192,324,8,351,19,1577,200,231,171,127,Spruce_Fir,Cryaquolis,Comanche Peak
8699,3374,62,4,488,35,1260,223,232,145,2407,Krummholz,Catacount,Comanche Peak
8700,3264,205,15,551,170,3322,210,253,174,721,Spruce_Fir,Catacount,Comanche Peak
8701,2820,27,11,90,1,1854,215,217,137,2538,Lodgepole Pine,Catacount,Comanche Peak
8702,2795,90,6,0,0,1884,229,231,136,2362,Aspen,Cryaquolis,Comanche Peak
8703,2869,168,22,430,164,1770,231,242,131,2133,Aspen,Vanet,Comanche Peak
8704,2675,38,15,127,43,2230,218,205,118,2461,Douglas-fir,Catacount,Comanche Peak
8705,2707,331,29,247,96,1878,140,191,183,2496,Douglas-fir,Catacount,Comanche Peak
8706,3319,346,19,255,29,1253,179,205,162,828,Spruce_Fir,Leighcan,Rawah
8707,3368,88,6,450,46,1291,229,230,135,2471,Krummholz,Catacount,Comanche Peak
8708,3168,184,22,30,11,2248,219,249,152,1441,Spruce_Fir,Cryaquolis,Comanche Peak
8709,3211,193,30,256,80,2724,201,247,160,1019,Spruce_Fir,Catacount,Comanche Peak
8710,2930,21,19,437,49,1848,205,197,124,3055,Lodgepole Pine,Catacount,Comanche Peak
8711,2825,29,11,120,6,1825,216,216,134,2563,Lodgepole Pine,Catacount,Comanche Peak
8712,2779,251,16,295,25,1761,184,249,202,2163,Aspen,Cryaquolis,Comanche Peak
8713,2843,224,22,362,104,1744,186,254,198,2160,Aspen,Catacount,Comanche Peak
8714,2851,212,23,376,112,1742,193,254,187,2161,Aspen,Catacount,Comanche Peak
8715,2655,145,12,30,3,2080,237,238,130,2445,Douglas-fir,Cryaquolis,Comanche Peak
8716,2651,133,8,30,3,2097,233,236,135,2442,Douglas-fir,Cryaquolis,Comanche Peak
8717,2668,349,17,242,35,2106,186,209,159,2437,Douglas-fir,Leighcan,Comanche Peak
8718,3227,31,24,454,151,912,206,180,100,1003,Spruce_Fir,Leighcan,Rawah
8719,2894,73,13,402,48,1779,235,213,107,2912,Lodgepole Pine,Catacount,Comanche Peak
8720,2805,259,27,300,58,1723,146,243,229,2191,Aspen,Catacount,Comanche Peak
8721,2843,189,24,366,116,1711,213,249,157,2192,Aspen,Vanet,Comanche Peak
8722,2688,146,12,108,19,1855,236,238,131,2379,Lodgepole Pine,Catacount,Comanche Peak
8723,2654,342,15,30,6,2106,187,215,167,2407,Douglas-fir,Catacount,Comanche Peak
8724,2678,45,24,192,45,2178,218,179,83,2402,Douglas-fir,Catacount,Comanche Peak
8725,3075,263,11,618,4,2713,192,246,193,1106,Spruce_Fir,Catacount,Comanche Peak
8726,3191,198,9,430,18,1651,217,248,165,190,Spruce_Fir,Cryaquolis,Comanche Peak
8727,3372,82,7,481,50,1350,230,228,132,2454,Krummholz,Catacount,Comanche Peak
8728,3363,90,4,391,41,1348,226,233,143,2542,Krummholz,Leighcan,Comanche Peak
8729,3186,97,17,331,32,3099,246,212,89,999,Lodgepole Pine,Catacount,Comanche Peak
8730,3033,153,4,30,0,2624,225,240,150,1368,Lodgepole Pine,Cryaquolis,Comanche Peak
8731,3186,159,13,362,6,1996,233,242,137,1919,Spruce_Fir,Catacount,Comanche Peak
8732,2813,248,19,285,74,1690,177,250,209,2220,Aspen,Catacount,Comanche Peak
8733,2827,192,18,324,100,1682,216,251,163,2221,Aspen,Vanet,Comanche Peak
8734,2651,313,8,30,0,2047,199,234,175,2382,Douglas-fir,Catacount,Comanche Peak
8735,2699,335,21,330,88,2001,168,207,176,2385,Douglas-fir,Catacount,Comanche Peak
8736,2746,314,18,342,135,1830,169,223,193,2412,Douglas-fir,Catacount,Comanche Peak
8737,3262,27,12,577,186,779,215,214,134,895,Spruce_Fir,Leighcan,Rawah
8738,3253,7,11,124,25,1533,207,218,148,853,Spruce_Fir,Leighcan,Comanche Peak
8739,3102,254,31,210,71,2380,137,242,233,1606,Lodgepole Pine,Catacount,Comanche Peak
8740,2862,36,11,277,43,1711,219,216,131,2773,Lodgepole Pine,Catacount,Comanche Peak
8741,2780,50,8,42,5,1753,224,223,134,2435,Aspen,Catacount,Comanche Peak
8742,2800,261,23,247,61,1663,158,245,221,2251,Aspen,Catacount,Comanche Peak
8743,2670,317,21,67,19,2058,159,216,195,2347,Douglas-fir,Catacount,Comanche Peak
8744,2679,319,23,85,27,2076,154,212,195,2345,Douglas-fir,Catacount,Comanche Peak
8745,2710,47,22,212,66,2184,221,185,87,2341,Douglas-fir,Catacount,Comanche Peak
8746,2694,339,20,277,61,2100,173,207,171,2345,Douglas-fir,Catacount,Comanche Peak
8747,2698,342,20,297,66,2072,174,205,168,2347,Douglas-fir,Catacount,Comanche Peak
8748,2743,305,20,365,132,1852,162,225,202,2377,Douglas-fir,Catacount,Comanche Peak
8749,3042,228,7,459,96,3072,210,247,174,1065,Lodgepole Pine,Catacount,Comanche Peak
8750,2779,333,2,30,2,1711,214,236,160,2410,Aspen,Cryaquolis,Comanche Peak
8751,2785,265,24,212,46,1638,152,242,225,2282,Aspen,Catacount,Comanche Peak
8752,2808,253,17,228,81,1630,180,249,205,2280,Aspen,Catacount,Comanche Peak
8753,2815,231,10,242,88,1627,205,249,181,2280,Aspen,Catacount,Comanche Peak
8754,2697,316,20,124,45,2071,162,218,194,2313,Douglas-fir,Catacount,Comanche Peak
8755,2705,316,19,134,57,2090,166,220,193,2312,Douglas-fir,Catacount,Comanche Peak
8756,2734,324,18,390,123,1895,172,218,184,2338,Douglas-fir,Catacount,Comanche Peak
8757,3237,339,20,362,36,1630,175,208,170,450,Spruce_Fir,Catacount,Comanche Peak
8758,3375,104,4,524,53,1440,226,234,143,2445,Krummholz,Catacount,Comanche Peak
8759,3181,154,31,418,110,3526,238,224,90,908,Lodgepole Pine,Catacount,Comanche Peak
8760,3150,160,24,330,11,1847,237,237,116,2054,Spruce_Fir,Catacount,Comanche Peak
8761,3142,245,15,150,32,1514,189,251,198,2343,Spruce_Fir,Catacount,Comanche Peak
8762,2776,105,3,42,-2,1680,224,236,147,2411,Aspen,Cryaquolis,Comanche Peak
8763,2784,264,23,182,45,1608,157,244,222,2312,Aspen,Catacount,Comanche Peak
8764,2680,325,23,108,33,1992,157,208,188,2290,Douglas-fir,Catacount,Comanche Peak
8765,2711,357,20,297,67,2107,184,200,150,2283,Douglas-fir,Catacount,Comanche Peak
8766,3317,182,27,216,47,1165,217,245,144,984,Spruce_Fir,Leighcan,Rawah
8767,3097,257,16,365,-10,2551,180,248,205,834,Spruce_Fir,Catacount,Comanche Peak
8768,3358,304,7,300,47,1489,200,236,176,1992,Spruce_Fir,Catacount,Comanche Peak
8769,3215,22,24,153,56,2250,198,182,111,1639,Spruce_Fir,Leighcan,Comanche Peak
8770,3193,188,14,450,39,3132,221,250,159,1060,Spruce_Fir,Catacount,Comanche Peak
8771,3128,165,24,272,-9,1782,233,239,123,2110,Spruce_Fir,Catacount,Comanche Peak
8772,3287,295,15,810,177,1243,176,235,198,2831,Spruce_Fir,Catacount,Comanche Peak
8773,3317,320,11,930,207,1231,191,229,178,2924,Spruce_Fir,Catacount,Comanche Peak
8774,2981,63,12,626,100,1690,230,216,117,2922,Lodgepole Pine,Catacount,Comanche Peak
8775,2715,317,15,190,64,2044,178,225,186,2252,Douglas-fir,Catacount,Comanche Peak
8776,2733,336,22,361,91,2040,166,204,174,2257,Douglas-fir,Catacount,Comanche Peak
8777,2751,342,13,376,56,1872,193,220,166,2279,Douglas-fir,Catacount,Comanche Peak
8778,3290,212,12,350,64,1663,210,251,176,607,Spruce_Fir,Catacount,Comanche Peak
8779,3178,100,18,481,24,3037,246,213,89,1128,Lodgepole Pine,Catacount,Comanche Peak
8780,3067,61,13,569,-7,1463,230,212,112,2969,Lodgepole Pine,Catacount,Comanche Peak
8781,2717,323,17,201,68,2001,176,221,184,2223,Douglas-fir,Catacount,Comanche Peak
8782,2733,344,19,339,84,2087,179,207,165,2223,Douglas-fir,Catacount,Comanche Peak
8783,3356,202,24,469,150,787,201,253,175,853,Spruce_Fir,Leighcan,Rawah
8784,3381,0,4,450,50,1530,214,232,156,2268,Spruce_Fir,Catacount,Comanche Peak
8785,3377,90,4,553,38,1530,226,233,143,2411,Krummholz,Catacount,Comanche Peak
8786,2775,33,18,67,19,1591,213,197,113,2460,Lodgepole Pine,Catacount,Comanche Peak
8787,2736,165,12,67,-2,1535,230,244,143,2407,Aspen,Cryaquolis,Comanche Peak
8788,2713,314,19,201,66,1940,166,222,194,2197,Douglas-fir,Catacount,Comanche Peak
8789,2753,329,17,404,107,2021,178,218,179,2197,Douglas-fir,Catacount,Comanche Peak
8790,2765,324,13,446,123,1964,188,226,178,2203,Douglas-fir,Catacount,Comanche Peak
8791,2762,38,5,379,67,1879,220,228,144,2215,Douglas-fir,Catacount,Comanche Peak
8792,3377,97,4,573,38,1560,226,234,143,2420,Krummholz,Catacount,Comanche Peak
8793,3150,242,18,270,40,1348,181,252,205,2512,Spruce_Fir,Catacount,Comanche Peak
8794,2709,295,19,218,58,1898,163,231,207,2170,Douglas-fir,Catacount,Comanche Peak
8795,3126,235,10,201,-12,2483,203,249,183,636,Spruce_Fir,Catacount,Comanche Peak
8796,3230,328,15,636,39,1855,182,221,179,421,Spruce_Fir,Cryaquolis,Comanche Peak
8797,3267,332,11,379,39,1741,193,225,172,782,Spruce_Fir,Catacount,Comanche Peak
8798,3335,301,10,268,36,1679,193,236,183,1758,Spruce_Fir,Catacount,Comanche Peak
8799,2840,6,13,342,56,1583,204,215,147,2724,Lodgepole Pine,Catacount,Comanche Peak
8800,2727,301,22,256,76,1894,152,224,210,2138,Douglas-fir,Catacount,Comanche Peak
8801,2735,318,18,268,84,1913,170,221,189,2135,Douglas-fir,Catacount,Comanche Peak
8802,2740,322,18,283,93,1933,172,219,186,2133,Douglas-fir,Catacount,Comanche Peak
8803,2764,335,9,446,117,2003,200,228,167,2138,Douglas-fir,Catacount,Comanche Peak
8804,3190,354,14,323,53,2205,196,215,156,631,Spruce_Fir,Catacount,Comanche Peak
8805,3242,326,11,564,28,1826,194,228,174,525,Spruce_Fir,Leighcan,Comanche Peak
8806,3379,75,5,595,45,1620,226,231,140,2410,Krummholz,Catacount,Comanche Peak
8807,3092,147,21,335,76,1800,243,232,107,2175,Spruce_Fir,Catacount,Comanche Peak
8808,3160,270,18,331,50,1266,172,243,210,2597,Spruce_Fir,Catacount,Comanche Peak
8809,2716,22,15,240,59,1723,209,207,131,2142,Lodgepole Pine,Catacount,Comanche Peak
8810,2742,315,18,295,91,1891,169,222,192,2105,Douglas-fir,Catacount,Comanche Peak
8811,2758,342,14,335,112,1952,190,218,166,2101,Douglas-fir,Catacount,Comanche Peak
8812,2902,12,22,127,23,2576,192,190,128,1165,Lodgepole Pine,Catacount,Comanche Peak
8813,3097,7,10,418,-28,2673,208,220,149,684,Spruce_Fir,Cryaquolis,Comanche Peak
8814,3382,58,4,600,53,1650,223,230,143,2391,Krummholz,Leighcan,Comanche Peak
8815,3166,49,23,150,45,2696,223,184,85,1448,Spruce_Fir,Leighcan,Comanche Peak
8816,3144,81,7,331,69,1224,230,227,129,2884,Lodgepole Pine,Catacount,Comanche Peak
8817,2698,347,9,30,1,1419,202,225,161,2335,Aspen,Cryaquolis,Comanche Peak
8818,2697,310,15,108,3,1517,178,229,190,2212,Aspen,Cryaquolis,Comanche Peak
8819,2727,305,19,134,48,1571,164,226,201,2173,Aspen,Catacount,Comanche Peak
8820,2739,333,6,170,55,1600,205,232,165,2155,Aspen,Catacount,Comanche Peak
8821,2941,258,10,42,8,2962,195,246,189,1180,Spruce_Fir,Cryaquolis,Comanche Peak
8822,3385,57,5,607,59,1680,223,229,142,2374,Krummholz,Leighcan,Comanche Peak
8823,3017,153,15,170,2,2553,237,239,128,1533,Lodgepole Pine,Catacount,Comanche Peak
8824,2912,45,17,514,93,1421,222,201,108,2737,Lodgepole Pine,Catacount,Comanche Peak
8825,2760,309,16,362,103,1867,175,228,193,2044,Douglas-fir,Catacount,Comanche Peak
8826,3408,55,8,492,76,1712,225,223,132,2218,Krummholz,Leighcan,Comanche Peak
8827,2775,84,18,30,3,2033,243,205,86,1489,Lodgepole Pine,Catacount,Comanche Peak
8828,3376,274,12,295,61,1777,189,243,193,1986,Spruce_Fir,Catacount,Comanche Peak
8829,3392,74,8,573,43,1740,230,226,129,2368,Krummholz,Leighcan,Comanche Peak
8830,3038,244,17,0,0,1468,184,251,203,2434,Spruce_Fir,Leighcan,Comanche Peak
8831,3132,60,10,424,57,1195,228,218,122,2770,Lodgepole Pine,Catacount,Comanche Peak
8832,2735,294,16,212,41,1477,175,235,200,2097,Aspen,Catacount,Comanche Peak
8833,2743,338,4,228,53,1507,210,233,162,2078,Aspen,Catacount,Comanche Peak
8834,2743,10,4,242,61,1523,215,231,153,2069,Aspen,Catacount,Comanche Peak
8835,3305,259,6,60,4,1889,206,244,176,1739,Spruce_Fir,Leighcan,Comanche Peak
8836,3039,179,10,90,-5,3486,224,246,154,1239,Spruce_Fir,Cryaquolis,Comanche Peak
8837,3083,146,27,301,110,2827,245,224,89,1422,Lodgepole Pine,Catacount,Comanche Peak
8838,3096,62,9,696,21,1321,228,221,125,2672,Lodgepole Pine,Catacount,Comanche Peak
8839,2721,27,8,30,6,1289,217,223,142,2259,Aspen,Catacount,Comanche Peak
8840,2962,33,23,247,56,2647,209,183,100,1307,Lodgepole Pine,Catacount,Comanche Peak
8841,3084,239,11,446,55,2951,200,249,186,767,Spruce_Fir,Catacount,Comanche Peak
8842,3320,5,10,418,47,1978,207,220,150,1316,Spruce_Fir,Catacount,Comanche Peak
8843,3394,255,13,319,72,1820,189,248,197,2093,Spruce_Fir,Catacount,Comanche Peak
8844,3400,98,7,488,51,1800,231,231,132,2336,Krummholz,Catacount,Comanche Peak
8845,3396,94,7,509,47,1800,231,230,132,2364,Krummholz,Catacount,Comanche Peak
8846,3081,191,24,190,61,3017,211,250,159,1366,Lodgepole Pine,Catacount,Comanche Peak
8847,2725,8,7,0,0,1259,212,227,152,2233,Aspen,Cryaquolis,Comanche Peak
8848,2706,326,5,240,13,1356,207,234,166,2096,Aspen,Cryaquolis,Comanche Peak
8849,2733,289,15,268,32,1410,177,237,200,2051,Aspen,Catacount,Comanche Peak
8850,2740,287,12,272,40,1425,186,239,193,2040,Aspen,Catacount,Comanche Peak
8851,3325,270,16,67,17,1917,177,244,205,1848,Spruce_Fir,Catacount,Comanche Peak
8852,3096,51,12,95,11,3247,226,213,119,1348,Spruce_Fir,Cryaquolis,Comanche Peak
8853,2727,31,7,0,0,1213,218,225,143,2255,Aspen,Cryaquolis,Comanche Peak
8854,2742,287,11,301,41,1399,190,240,189,2012,Aspen,Catacount,Comanche Peak
8855,2751,324,4,323,57,1448,209,235,165,1983,Aspen,Catacount,Comanche Peak
8856,3289,353,12,725,61,2037,200,219,157,793,Spruce_Fir,Catacount,Comanche Peak
8857,3301,34,7,42,1,2006,219,225,142,1716,Spruce_Fir,Leighcan,Comanche Peak
8858,2976,35,17,713,157,1231,216,201,116,2542,Lodgepole Pine,Catacount,Comanche Peak
8859,2738,288,12,323,40,1358,186,239,192,1994,Aspen,Catacount,Comanche Peak
8860,2749,285,5,342,49,1406,207,240,172,1964,Aspen,Catacount,Comanche Peak
8861,2756,330,4,426,77,1513,210,235,163,1914,Ponderosa Pine,Catacount,Comanche Peak
8862,2760,346,8,481,80,1572,205,228,161,1895,Ponderosa Pine,Catacount,Comanche Peak
8863,2990,319,14,0,0,3315,183,226,183,1208,Spruce_Fir,Cryaquolis,Comanche Peak
8864,3020,259,8,134,10,3234,200,245,184,1006,Spruce_Fir,Catacount,Comanche Peak
8865,3174,292,15,391,27,2581,175,236,200,300,Spruce_Fir,Cryaquolis,Comanche Peak
8866,3227,252,9,716,90,2297,200,247,185,644,Spruce_Fir,Cryaquolis,Comanche Peak
8867,3368,6,9,631,140,2042,210,223,151,1176,Spruce_Fir,Catacount,Comanche Peak
8868,3020,206,27,258,118,1974,193,252,181,2060,Lodgepole Pine,Cryaquolis,Comanche Peak
8869,2739,340,6,0,0,1146,207,231,163,2239,Aspen,Cryaquolis,Comanche Peak
8870,3043,228,13,234,25,3164,201,251,186,882,Spruce_Fir,Catacount,Comanche Peak
8871,3393,162,3,424,44,1920,222,240,153,2415,Krummholz,Catacount,Comanche Peak
8872,2742,9,7,30,3,1120,212,225,151,2197,Aspen,Cryaquolis,Comanche Peak
8873,2724,355,8,242,14,1222,207,226,157,2012,Aspen,Cryaquolis,Comanche Peak
8874,2958,127,21,150,53,1513,249,221,89,1803,Lodgepole Pine,Catacount,Comanche Peak
8875,3065,292,11,323,36,3097,188,238,189,759,Spruce_Fir,Catacount,Comanche Peak
8876,2728,340,9,258,13,1194,201,227,165,1986,Aspen,Catacount,Comanche Peak
8877,2731,343,10,283,21,1207,200,225,163,1972,Aspen,Catacount,Comanche Peak
8878,3001,311,18,120,11,3199,168,224,196,1277,Spruce_Fir,Catacount,Comanche Peak
8879,3358,4,12,537,82,2147,204,216,149,1374,Spruce_Fir,Catacount,Comanche Peak
8880,2992,21,15,815,217,1120,208,206,132,2436,Lodgepole Pine,Catacount,Comanche Peak
8881,2746,23,7,0,0,1052,216,225,145,2202,Aspen,Cryaquolis,Comanche Peak
8882,3331,319,16,854,103,2181,176,224,187,939,Spruce_Fir,Catacount,Comanche Peak
8883,3378,234,8,212,29,2018,206,248,178,2274,Spruce_Fir,Catacount,Comanche Peak
8884,3030,42,13,120,12,3283,222,212,123,1500,Spruce_Fir,Cryaquolis,Comanche Peak
8885,2921,198,19,90,8,2125,211,253,169,1998,Lodgepole Pine,Catacount,Comanche Peak
8886,3037,67,9,953,218,1090,229,222,125,2371,Lodgepole Pine,Catacount,Comanche Peak
8887,2998,4,16,180,53,3075,198,208,146,1478,Spruce_Fir,Catacount,Comanche Peak
8888,2879,24,11,67,2,1922,214,216,137,1932,Lodgepole Pine,Cryaquolis,Comanche Peak
8889,3007,13,22,277,62,2964,193,189,127,1560,Spruce_Fir,Catacount,Comanche Peak
8890,3364,337,11,845,136,2222,196,225,168,1099,Spruce_Fir,Catacount,Comanche Peak
8891,3102,35,25,182,64,3448,208,177,92,1535,Spruce_Fir,Catacount,Comanche Peak
8892,2843,116,16,446,72,1050,246,223,100,2691,Lodgepole Pine,Catacount,Comanche Peak
8893,3203,303,10,626,56,2676,193,236,182,175,Spruce_Fir,Cryaquolis,Comanche Peak
8894,3248,330,10,618,-26,2576,196,228,171,371,Spruce_Fir,Catacount,Comanche Peak
8895,3270,288,9,547,-4,2490,195,239,184,577,Spruce_Fir,Catacount,Comanche Peak
8896,3342,338,19,743,54,2284,175,210,171,987,Spruce_Fir,Catacount,Comanche Peak
8897,2754,33,5,30,1,932,219,229,147,2228,Aspen,Cryaquolis,Comanche Peak
8898,3151,295,10,600,100,2934,192,237,185,277,Spruce_Fir,Catacount,Comanche Peak
8899,2885,67,18,190,106,2097,235,200,90,1924,Lodgepole Pine,Catacount,Comanche Peak
8900,3389,286,6,247,40,2160,203,240,176,2480,Krummholz,Leighcan,Comanche Peak
8901,3397,288,9,306,48,2160,194,240,186,2531,Krummholz,Leighcan,Comanche Peak
8902,3075,47,29,270,56,3314,216,163,63,1638,Spruce_Fir,Catacount,Comanche Peak
8903,2758,13,3,0,0,875,216,233,154,2206,Aspen,Cryaquolis,Comanche Peak
8904,3036,298,5,391,91,2874,207,238,170,1680,Spruce_Fir,Catacount,Comanche Peak
8905,3194,285,11,685,138,2879,190,240,190,90,Spruce_Fir,Catacount,Comanche Peak
8906,3199,297,8,671,-47,2846,196,238,181,30,Spruce_Fir,Catacount,Comanche Peak
8907,3311,310,8,450,36,2497,197,234,177,810,Spruce_Fir,Catacount,Comanche Peak
8908,3158,7,14,342,104,3666,202,212,145,1654,Spruce_Fir,Catacount,Comanche Peak
8909,2888,189,6,0,0,1900,220,244,159,2252,Lodgepole Pine,Cryaquolis,Comanche Peak
8910,2970,229,21,95,10,1359,183,254,202,2666,Spruce_Fir,Leighcan,Comanche Peak
8911,2760,45,4,30,1,871,221,231,146,2295,Aspen,Cryaquolis,Comanche Peak
8912,2759,4,4,0,0,859,215,232,155,2250,Aspen,Cryaquolis,Comanche Peak
8913,2759,350,4,0,0,853,212,233,158,2228,Aspen,Cryaquolis,Comanche Peak
8914,2961,106,24,124,35,1621,252,204,65,1487,Lodgepole Pine,Catacount,Comanche Peak
8915,2843,75,33,124,59,2247,239,161,27,1945,Lodgepole Pine,Catacount,Comanche Peak
8916,2974,7,28,242,69,1956,174,172,124,1832,Lodgepole Pine,Catacount,Comanche Peak
8917,3030,347,13,361,20,2886,196,219,162,1353,Spruce_Fir,Catacount,Comanche Peak
8918,3260,233,5,417,-14,2702,212,244,169,457,Spruce_Fir,Cryaquolis,Comanche Peak
8919,3383,311,10,150,21,2283,193,233,180,2473,Krummholz,Leighcan,Comanche Peak
8920,3256,52,6,256,78,883,223,227,140,1698,Spruce_Fir,Cryaquolis,Rawah
8921,2958,109,9,85,11,1361,236,230,124,1020,Lodgepole Pine,Catacount,Comanche Peak
8922,2924,85,10,95,-1,1725,235,223,119,1518,Lodgepole Pine,Cryaquolis,Comanche Peak
8923,3384,303,13,108,22,2315,185,234,189,2466,Krummholz,Leighcan,Comanche Peak
8924,3406,315,7,256,33,2310,201,234,172,2613,Krummholz,Leighcan,Comanche Peak
8925,2974,15,7,67,3,2520,214,225,148,1986,Spruce_Fir,Leighcan,Comanche Peak
8926,2955,25,15,210,34,2224,211,205,127,2131,Spruce_Fir,Leighcan,Comanche Peak
8927,3044,11,13,400,28,2820,206,213,143,1388,Spruce_Fir,Catacount,Comanche Peak
8928,3404,311,9,190,31,2340,195,234,179,2581,Krummholz,Leighcan,Comanche Peak
8929,3144,93,25,430,130,3290,250,192,55,1816,Spruce_Fir,Catacount,Comanche Peak
8930,3370,287,17,30,8,2379,169,236,207,2455,Krummholz,Leighcan,Comanche Peak
8931,2892,75,7,95,9,1889,228,228,133,2371,Spruce_Fir,Leighcan,Comanche Peak
8932,2946,326,17,180,20,1813,175,218,182,1489,Lodgepole Pine,Cryaquolis,Comanche Peak
8933,2789,62,10,30,4,2505,229,218,121,1758,Lodgepole Pine,Catacount,Comanche Peak
8934,3313,283,11,240,38,2707,191,241,190,752,Spruce_Fir,Leighcan,Comanche Peak
8935,3380,243,10,361,88,2627,201,248,185,1082,Spruce_Fir,Catacount,Comanche Peak
8936,3373,287,16,0,0,2409,173,237,204,2474,Krummholz,Leighcan,Comanche Peak
8937,2872,178,5,42,-3,1412,223,243,155,2716,Lodgepole Pine,Catacount,Comanche Peak
8938,2968,206,28,120,17,1549,191,252,181,1045,Lodgepole Pine,Catacount,Comanche Peak
8939,3251,245,10,256,-23,2820,200,248,185,481,Spruce_Fir,Leighcan,Comanche Peak
8940,3261,281,14,757,190,3375,181,241,200,2012,Spruce_Fir,Catacount,Comanche Peak
8941,3258,70,5,270,3,853,225,230,140,1826,Spruce_Fir,Cryaquolis,Rawah
8942,3059,64,28,384,134,2079,232,171,53,1744,Lodgepole Pine,Catacount,Comanche Peak
8943,3028,25,19,430,106,2122,207,195,118,1798,Lodgepole Pine,Catacount,Comanche Peak
8944,3061,315,20,570,264,2605,163,219,195,1535,Spruce_Fir,Catacount,Comanche Peak
8945,3379,301,15,30,3,2469,178,233,195,2512,Krummholz,Leighcan,Comanche Peak
8946,3270,129,9,268,15,997,235,235,130,1897,Spruce_Fir,Cryaquolis,Rawah
8947,3389,305,14,67,13,2496,181,232,191,2554,Krummholz,Leighcan,Comanche Peak
8948,3191,104,22,474,174,3456,250,207,73,1951,Spruce_Fir,Catacount,Comanche Peak
8949,2955,161,15,376,24,1745,234,242,135,1176,Lodgepole Pine,Catacount,Comanche Peak
8950,3389,323,12,90,13,2529,188,227,178,2551,Krummholz,Leighcan,Comanche Peak
8951,3282,56,15,624,243,3754,229,207,107,1994,Spruce_Fir,Catacount,Comanche Peak
8952,3010,301,30,335,84,1987,124,211,221,1489,Lodgepole Pine,Catacount,Comanche Peak
8953,3415,310,12,170,39,2552,186,231,185,2662,Krummholz,Leighcan,Comanche Peak
8954,3241,105,22,497,212,3602,250,207,74,2042,Spruce_Fir,Catacount,Comanche Peak
8955,3279,80,4,216,11,1170,225,232,142,2072,Spruce_Fir,Leighcan,Rawah
8956,3260,30,8,120,5,810,218,223,141,1965,Spruce_Fir,Cryaquolis,Rawah
8957,2944,135,3,430,13,1868,224,238,149,1199,Lodgepole Pine,Cryaquolis,Comanche Peak
8958,3233,198,12,162,-13,3053,217,250,166,335,Spruce_Fir,Cryaquolis,Comanche Peak
8959,3225,96,14,95,9,541,241,219,105,1956,Spruce_Fir,Leighcan,Rawah
8960,3221,191,15,150,-1,3092,218,250,162,324,Spruce_Fir,Catacount,Comanche Peak
8961,3230,114,14,85,14,573,243,225,108,1988,Spruce_Fir,Leighcan,Rawah
8962,3401,161,15,361,45,2881,234,242,135,1801,Spruce_Fir,Catacount,Comanche Peak
8963,2941,104,14,212,73,2222,243,221,104,1739,Lodgepole Pine,Catacount,Comanche Peak
8964,3080,30,18,594,99,2191,212,198,117,2522,Spruce_Fir,Leighcan,Comanche Peak
8965,2944,41,25,258,75,1651,214,177,85,2808,Spruce_Fir,Leighcan,Comanche Peak
8966,2826,320,17,67,26,2190,173,221,187,1448,Spruce_Fir,Catacount,Comanche Peak
8967,2899,26,22,108,40,1383,203,186,110,3000,Spruce_Fir,Leighcan,Comanche Peak
8968,3188,61,10,134,-8,342,228,220,124,2133,Spruce_Fir,Leighcan,Rawah
8969,2938,26,13,285,7,1989,213,211,132,966,Spruce_Fir,Cryaquolis,Comanche Peak
8970,3105,38,22,616,117,2223,215,187,98,2563,Spruce_Fir,Leighcan,Comanche Peak
8971,3023,79,21,404,156,1804,242,198,76,2771,Spruce_Fir,Catacount,Comanche Peak
8972,2830,286,20,67,26,2130,162,235,212,1416,Lodgepole Pine,Catacount,Comanche Peak
8973,3066,8,13,30,29,2486,205,214,145,926,Spruce_Fir,Cryaquolis,Comanche Peak
8974,2885,328,21,256,85,2105,166,212,183,1276,Spruce_Fir,Catacount,Comanche Peak
8975,2912,305,15,382,114,2121,177,231,193,1209,Spruce_Fir,Catacount,Comanche Peak
8976,3290,225,7,212,33,3187,211,247,173,808,Spruce_Fir,Cryaquolis,Comanche Peak
8977,3369,141,13,175,13,3035,239,236,124,1991,Spruce_Fir,Catacount,Comanche Peak
8978,3037,117,19,67,12,3245,249,218,89,2356,Lodgepole Pine,Cryaquolis,Comanche Peak
8979,2993,39,20,361,134,1690,217,193,104,2888,Spruce_Fir,Leighcan,Comanche Peak
8980,3197,33,11,218,-10,404,218,216,133,2223,Spruce_Fir,Leighcan,Rawah
8981,3085,307,23,268,74,2768,151,219,206,2467,Spruce_Fir,Leighcan,Comanche Peak
8982,3076,332,14,120,39,2446,187,222,174,865,Spruce_Fir,Cryaquolis,Comanche Peak
8983,3214,38,9,247,-13,509,221,221,135,2280,Spruce_Fir,Leighcan,Rawah
8984,2946,14,19,150,87,1201,198,196,131,3274,Spruce_Fir,Leighcan,Comanche Peak
8985,3283,10,10,150,4,1120,209,220,148,2402,Spruce_Fir,Leighcan,Rawah
8986,2898,291,34,180,94,1982,106,211,234,1207,Lodgepole Pine,Catacount,Comanche Peak
8987,3148,292,16,60,20,2779,174,236,201,541,Spruce_Fir,Leighcan,Comanche Peak
8988,3306,203,21,350,57,3238,204,253,175,1101,Lodgepole Pine,Catacount,Comanche Peak
8989,3315,180,19,323,66,3225,224,248,149,1154,Lodgepole Pine,Catacount,Comanche Peak
8990,3158,140,4,297,121,2242,225,238,148,1101,Spruce_Fir,Catacount,Comanche Peak
8991,3041,123,10,0,0,3376,237,233,126,2495,Spruce_Fir,Cryaquolis,Comanche Peak
8992,3028,70,5,42,0,3167,225,230,140,2516,Spruce_Fir,Cryaquolis,Comanche Peak
8993,3251,75,30,371,214,3827,240,170,39,2538,Spruce_Fir,Catacount,Comanche Peak
8994,2974,322,11,360,53,1723,192,229,177,589,Lodgepole Pine,Catacount,Comanche Peak
8995,3089,241,21,743,279,2014,174,252,210,842,Lodgepole Pine,Catacount,Comanche Peak
8996,3103,315,27,201,82,2915,137,206,203,2678,Spruce_Fir,Catacount,Comanche Peak
8997,3078,313,23,134,50,3038,153,216,201,2689,Spruce_Fir,Leighcan,Comanche Peak
8998,2890,34,14,0,0,1770,217,207,122,1381,Lodgepole Pine,Catacount,Comanche Peak
8999,3343,28,11,120,8,3365,216,215,134,2145,Spruce_Fir,Leighcan,Comanche Peak
9000,3213,333,26,418,192,2718,151,196,179,2779,Spruce_Fir,Catacount,Comanche Peak
9001,3008,355,14,330,149,1034,196,214,155,3471,Spruce_Fir,Leighcan,Comanche Peak
9002,3128,61,5,150,12,390,224,229,141,2207,Spruce_Fir,Cryaquolis,Rawah
9003,2937,78,10,124,17,1756,233,222,120,1530,Spruce_Fir,Catacount,Comanche Peak
9004,3215,261,10,390,52,2800,197,245,187,847,Spruce_Fir,Leighcan,Comanche Peak
9005,3212,111,30,301,175,3789,254,193,43,2711,Spruce_Fir,Catacount,Comanche Peak
9006,3017,14,15,570,96,1482,205,209,138,424,Spruce_Fir,Catacount,Comanche Peak
9007,2915,357,12,60,0,1680,201,218,155,1358,Lodgepole Pine,Catacount,Comanche Peak
9008,3326,294,10,124,21,3450,192,238,186,1932,Spruce_Fir,Catacount,Comanche Peak
9009,3048,0,8,42,-5,3384,208,225,154,2766,Spruce_Fir,Cryaquolis,Comanche Peak
9010,3118,148,14,60,2,480,238,238,128,2147,Spruce_Fir,Cryaquolis,Rawah
9011,2894,73,22,127,-2,1650,239,192,72,1240,Lodgepole Pine,Catacount,Comanche Peak
9012,2859,248,17,212,52,1660,181,250,206,892,Lodgepole Pine,Catacount,Comanche Peak
9013,3193,211,11,379,52,2588,212,250,173,878,Lodgepole Pine,Leighcan,Comanche Peak
9014,3205,184,15,270,42,2848,223,249,156,994,Lodgepole Pine,Catacount,Comanche Peak
9015,3053,14,8,60,0,3419,213,224,148,2794,Spruce_Fir,Cryaquolis,Comanche Peak
9016,3118,122,14,30,2,510,243,228,110,2138,Spruce_Fir,Cryaquolis,Rawah
9017,3122,145,13,134,14,430,238,238,128,1900,Spruce_Fir,Leighcan,Rawah
9018,3081,2,16,424,222,824,195,207,147,3109,Lodgepole Pine,Leighcan,Comanche Peak
9019,3138,178,14,531,47,2115,225,247,151,947,Lodgepole Pine,Catacount,Comanche Peak
9020,3403,130,29,285,174,3762,252,208,62,3128,Krummholz,Leighcan,Comanche Peak
9021,3363,163,25,270,134,3838,234,237,118,3070,Krummholz,Leighcan,Comanche Peak
9022,2989,63,20,170,13,1601,233,194,84,1421,Spruce_Fir,Catacount,Comanche Peak
9023,2875,66,27,153,68,1561,234,176,56,1142,Lodgepole Pine,Catacount,Comanche Peak
9024,3078,274,21,516,267,1744,161,240,217,570,Lodgepole Pine,Catacount,Comanche Peak
9025,3132,169,15,600,95,1947,230,245,142,942,Lodgepole Pine,Catacount,Comanche Peak
9026,3434,145,16,382,196,3690,241,236,119,3247,Krummholz,Leighcan,Comanche Peak
9027,3400,124,5,228,51,1616,229,236,141,2932,Krummholz,Cryorthents,Rawah
9028,3107,176,7,30,-4,600,224,244,154,2014,Spruce_Fir,Cryaquolis,Rawah
9029,3030,39,16,234,46,1604,219,202,113,1307,Spruce_Fir,Catacount,Comanche Peak
9030,3173,213,17,270,50,2482,203,254,182,994,Lodgepole Pine,Catacount,Comanche Peak
9031,3220,271,13,42,6,3178,186,244,197,1400,Spruce_Fir,Cryaquolis,Comanche Peak
9032,3432,135,17,384,194,3703,245,230,108,3288,Krummholz,Leighcan,Comanche Peak
9033,3067,342,7,0,0,3472,206,230,162,2912,Spruce_Fir,Cryaquolis,Comanche Peak
9034,3181,42,12,811,54,2400,222,213,124,3122,Spruce_Fir,Catacount,Comanche Peak
9035,3087,187,10,323,18,999,221,247,159,3217,Spruce_Fir,Catacount,Comanche Peak
9036,3092,194,4,365,24,830,219,243,160,3020,Lodgepole Pine,Catacount,Comanche Peak
9037,3394,182,8,295,50,1556,223,246,156,2932,Krummholz,Leighcan,Rawah
9038,3391,147,10,323,48,1507,234,239,136,2914,Krummholz,Leighcan,Rawah
9039,3387,161,9,330,75,1458,230,242,144,2897,Krummholz,Leighcan,Rawah
9040,3381,169,7,330,69,1387,226,243,151,2874,Krummholz,Leighcan,Rawah
9041,3369,228,6,376,53,3640,212,245,171,2163,Krummholz,Leighcan,Comanche Peak
9042,3395,252,6,474,54,3635,207,244,176,2305,Krummholz,Cryorthents,Comanche Peak
9043,3426,128,16,366,188,3730,245,228,107,3314,Krummholz,Leighcan,Comanche Peak
9044,3214,296,29,376,177,3013,127,217,224,3000,Spruce_Fir,Catacount,Comanche Peak
9045,3173,35,11,732,46,2325,219,215,130,3181,Spruce_Fir,Catacount,Comanche Peak
9046,3425,120,9,153,46,1879,236,233,128,3089,Krummholz,Cryorthents,Rawah
9047,3386,153,12,301,74,1524,234,240,135,2942,Krummholz,Leighcan,Rawah
9048,3100,171,6,60,-3,598,224,243,153,1798,Spruce_Fir,Cryaquolis,Rawah
9049,2984,234,34,342,167,1599,143,246,222,503,Lodgepole Pine,Catacount,Comanche Peak
9050,3109,143,7,594,61,1892,231,239,141,912,Lodgepole Pine,Catacount,Comanche Peak
9051,3118,213,13,295,27,2155,208,252,178,812,Lodgepole Pine,Catacount,Comanche Peak
9052,3329,254,8,331,13,3660,203,245,181,1959,Spruce_Fir,Catacount,Comanche Peak
9053,3394,252,7,503,59,3664,205,245,178,2282,Krummholz,Cryorthents,Comanche Peak
9054,3457,111,21,430,219,3719,251,211,78,3383,Krummholz,Leighcan,Comanche Peak
9055,3367,152,39,212,138,3838,235,208,64,3262,Krummholz,Catacount,Comanche Peak
9056,3242,100,4,552,213,2848,227,234,142,3059,Spruce_Fir,Catacount,Comanche Peak
9057,3101,145,4,0,0,677,225,239,149,1889,Spruce_Fir,Cryaquolis,Rawah
9058,3075,355,10,361,61,1624,203,222,157,1063,Lodgepole Pine,Catacount,Comanche Peak
9059,3129,163,10,750,92,1756,230,243,145,703,Lodgepole Pine,Catacount,Comanche Peak
9060,3331,260,10,295,15,3690,196,246,188,1945,Spruce_Fir,Catacount,Comanche Peak
9061,3440,105,26,390,202,3759,253,198,56,3395,Krummholz,Leighcan,Comanche Peak
9062,3376,130,34,234,138,3837,251,198,43,3315,Krummholz,Catacount,Comanche Peak
9063,3268,168,40,120,39,3952,217,220,96,3220,Krummholz,Catacount,Comanche Peak
9064,3220,81,6,722,196,2656,228,230,136,3136,Spruce_Fir,Catacount,Comanche Peak
9065,3128,14,11,371,37,1590,210,217,144,3490,Spruce_Fir,Catacount,Comanche Peak
9066,3390,150,23,247,14,1806,242,232,105,3097,Krummholz,Cryorthents,Rawah
9067,3383,151,23,256,10,1781,242,232,106,3087,Krummholz,Cryorthents,Rawah
9068,3078,346,9,384,61,1626,203,226,161,1015,Lodgepole Pine,Catacount,Comanche Peak
9069,3007,111,20,108,19,1471,250,214,83,1390,Spruce_Fir,Catacount,Comanche Peak
9070,3004,353,21,150,55,1410,180,199,154,1243,Lodgepole Pine,Catacount,Comanche Peak
9071,3168,182,5,30,-2,2790,222,244,157,1242,Spruce_Fir,Cryaquolis,Comanche Peak
9072,3236,265,11,190,28,3182,191,245,193,1549,Spruce_Fir,Cryaquolis,Comanche Peak
9073,3374,229,9,384,52,3740,207,248,178,2160,Krummholz,Leighcan,Comanche Peak
9074,3458,109,17,437,220,3762,247,219,96,3450,Krummholz,Leighcan,Comanche Peak
9075,3414,117,15,323,176,3811,244,225,106,3394,Krummholz,Leighcan,Comanche Peak
9076,3240,178,31,90,22,4039,217,240,134,3207,Krummholz,Catacount,Comanche Peak
9077,3239,173,29,90,27,4055,223,239,126,3197,Krummholz,Catacount,Comanche Peak
9078,3103,61,5,85,2,750,224,229,141,1873,Spruce_Fir,Cryaquolis,Rawah
9079,3080,291,12,607,63,1549,185,238,193,778,Lodgepole Pine,Catacount,Comanche Peak
9080,2993,49,29,242,53,1380,218,166,64,1148,Lodgepole Pine,Catacount,Comanche Peak
9081,3188,288,9,60,9,2896,195,239,184,1348,Spruce_Fir,Cryaquolis,Comanche Peak
9082,3328,252,8,242,12,3661,204,245,180,1892,Spruce_Fir,Catacount,Comanche Peak
9083,3349,210,10,242,33,3756,212,250,172,2030,Krummholz,Leighcan,Comanche Peak
9084,3433,99,26,371,195,3814,252,194,54,3448,Krummholz,Leighcan,Comanche Peak
9085,3418,101,20,342,180,3826,249,208,79,3435,Krummholz,Leighcan,Comanche Peak
9086,3328,117,39,175,90,3904,252,173,0,3357,Krummholz,Catacount,Comanche Peak
9087,3378,147,17,285,-3,1889,240,236,119,3175,Krummholz,Cryorthents,Rawah
9088,3250,152,19,300,-5,1124,240,237,119,2754,Spruce_Fir,Leighcan,Rawah
9089,2989,141,12,277,53,272,238,237,127,1500,Spruce_Fir,Cryaquolis,Rawah
9090,3369,243,10,350,47,3800,201,248,184,2113,Krummholz,Leighcan,Comanche Peak
9091,3388,243,11,485,66,3771,199,249,187,2210,Krummholz,Cryorthents,Comanche Peak
9092,3410,98,16,306,172,3866,244,216,96,3448,Krummholz,Leighcan,Comanche Peak
9093,3220,127,7,30,-2,4045,233,235,135,3294,Krummholz,Catacount,Comanche Peak
9094,3161,111,21,90,4,4097,250,213,81,3127,Spruce_Fir,Leighcan,Comanche Peak
9095,3112,353,16,85,12,3602,191,211,156,3090,Spruce_Fir,Leighcan,Comanche Peak
9096,3386,103,28,242,148,3918,253,192,47,3449,Krummholz,Catacount,Comanche Peak
9097,3263,126,25,67,25,3999,252,213,73,3376,Krummholz,Catacount,Comanche Peak
9098,3223,93,10,0,0,4056,237,224,118,3332,Krummholz,Leighcan,Comanche Peak
9099,3054,211,23,484,238,1511,194,254,186,323,Lodgepole Pine,Catacount,Comanche Peak
9100,3335,185,15,120,19,3720,221,249,157,1889,Krummholz,Leighcan,Comanche Peak
9101,3371,277,6,351,49,3862,204,241,176,2086,Krummholz,Leighcan,Comanche Peak
9102,3382,103,29,240,144,3946,253,188,40,3476,Krummholz,Catacount,Comanche Peak
9103,3205,157,5,30,-4,4142,226,241,149,3320,Krummholz,Leighcan,Comanche Peak
9104,3201,156,9,30,-6,4188,231,241,142,3293,Krummholz,Leighcan,Comanche Peak
9105,3101,67,6,170,1,824,227,228,135,1657,Spruce_Fir,Cryaquolis,Rawah
9106,3338,253,9,150,16,3798,201,246,184,1932,Krummholz,Leighcan,Comanche Peak
9107,3404,108,21,301,166,3948,250,211,79,3529,Krummholz,Leighcan,Comanche Peak
9108,3209,47,15,60,-13,4138,224,206,112,3368,Krummholz,Leighcan,Comanche Peak
9109,3137,81,10,0,0,4060,234,222,118,3208,Spruce_Fir,Leighcan,Comanche Peak
9110,3063,90,2,297,-37,658,222,236,150,1517,Spruce_Fir,Cryaquolis,Rawah
9111,3369,281,6,306,47,3919,203,241,176,2021,Krummholz,Leighcan,Comanche Peak
9112,3325,101,38,190,87,4025,251,162,0,3506,Krummholz,Catacount,Comanche Peak
9113,3248,22,10,742,84,2785,214,218,140,3326,Spruce_Fir,Catacount,Comanche Peak
9114,3463,113,24,395,70,2223,253,207,67,3435,Krummholz,Cryorthents,Rawah
9115,3353,73,7,190,31,1902,229,226,131,3283,Krummholz,Leighcan,Rawah
9116,3137,340,5,30,4,947,210,233,162,1974,Spruce_Fir,Leighcan,Rawah
9117,3102,280,5,0,0,2079,205,240,174,591,Spruce_Fir,Cryaquolis,Comanche Peak
9118,3253,241,7,297,11,3227,206,246,178,1566,Spruce_Fir,Cryaquolis,Comanche Peak
9119,3355,274,11,212,33,3836,190,243,192,1940,Krummholz,Leighcan,Comanche Peak
9120,3084,139,5,90,-4,1458,228,238,144,3240,Spruce_Fir,Cryaquolis,Comanche Peak
9121,3517,110,33,395,124,2341,254,185,30,3516,Krummholz,Cryorthents,Rawah
9122,3355,87,9,182,33,1921,233,226,125,3312,Krummholz,Leighcan,Rawah
9123,3315,122,8,30,-1,1740,233,234,133,3239,Krummholz,Leighcan,Rawah
9124,2964,217,26,323,148,1381,183,254,195,180,Lodgepole Pine,Catacount,Comanche Peak
9125,3306,83,18,192,68,4093,242,206,88,3549,Krummholz,Catacount,Comanche Peak
9126,3135,349,18,134,29,3796,184,207,160,3272,Spruce_Fir,Leighcan,Comanche Peak
9127,3547,111,35,420,154,2408,254,179,21,3570,Krummholz,Cryorthents,Rawah
9128,3317,96,9,0,0,1782,234,228,125,3276,Krummholz,Leighcan,Rawah
9129,3118,182,8,150,15,990,223,245,156,1762,Spruce_Fir,Leighcan,Rawah
9130,2843,53,23,234,29,1146,226,184,81,677,Lodgepole Pine,Catacount,Comanche Peak
9131,3239,6,10,295,41,3077,208,222,150,1471,Spruce_Fir,Cryaquolis,Comanche Peak
9132,3230,315,23,433,143,3350,153,214,199,3320,Spruce_Fir,Leighcan,Comanche Peak
9133,3112,136,14,85,14,1714,240,234,120,3189,Spruce_Fir,Catacount,Comanche Peak
9134,3075,90,5,30,-2,1425,227,232,139,3182,Spruce_Fir,Cryaquolis,Comanche Peak
9135,3505,109,31,450,108,2372,254,189,39,3569,Krummholz,Cryorthents,Rawah
9136,3156,152,8,234,-1,1131,230,240,142,2322,Spruce_Fir,Cryaquolis,Rawah
9137,3138,145,8,134,5,1050,231,239,141,1982,Spruce_Fir,Leighcan,Rawah
9138,3050,297,14,720,9,1252,180,235,195,830,Lodgepole Pine,Cryaquolis,Comanche Peak
9139,3335,279,10,134,13,3711,194,242,187,1813,Spruce_Fir,Catacount,Comanche Peak
9140,3423,106,18,335,26,2215,247,216,91,3506,Krummholz,Cryorthents,Rawah
9141,3362,68,8,247,40,2024,229,223,127,3417,Krummholz,Leighcan,Rawah
9142,3343,62,9,134,21,1933,228,221,125,3377,Krummholz,Leighcan,Rawah
9143,2879,41,25,295,66,1084,214,178,85,696,Lodgepole Pine,Catacount,Comanche Peak
9144,3031,250,19,553,77,1366,177,250,209,400,Lodgepole Pine,Catacount,Comanche Peak
9145,3050,156,12,361,49,1523,234,241,136,638,Spruce_Fir,Catacount,Comanche Peak
9146,3371,298,10,313,49,3845,192,237,185,1910,Krummholz,Leighcan,Comanche Peak
9147,3435,125,22,175,72,4045,251,218,84,3770,Krummholz,Catacount,Comanche Peak
9148,3368,60,10,285,46,2067,228,219,123,3455,Krummholz,Leighcan,Rawah
9149,3364,60,9,256,42,2044,228,221,126,3445,Krummholz,Leighcan,Rawah
9150,3360,66,11,228,38,2021,231,218,118,3435,Krummholz,Leighcan,Rawah
9151,3335,79,11,108,13,1910,234,220,117,3343,Krummholz,Leighcan,Rawah
9152,3065,153,15,162,-34,815,237,239,128,1465,Spruce_Fir,Leighcan,Rawah
9153,3099,330,29,589,58,1296,140,192,184,955,Lodgepole Pine,Catacount,Comanche Peak
9154,3246,242,6,150,12,3173,209,245,173,1443,Spruce_Fir,Cryaquolis,Comanche Peak
9155,3474,149,20,242,67,4013,242,234,113,3881,Krummholz,Catacount,Comanche Peak
9156,3094,24,9,42,2,1621,215,220,141,3091,Spruce_Fir,Cryaquolis,Comanche Peak
9157,3544,101,35,450,147,2496,252,169,14,3690,Krummholz,Cryorthents,Rawah
9158,3356,62,11,216,34,2018,230,216,118,3445,Krummholz,Leighcan,Rawah
9159,3351,63,10,192,29,1996,229,221,124,3417,Krummholz,Leighcan,Rawah
9160,3103,151,8,175,0,1040,231,240,141,1676,Spruce_Fir,Leighcan,Rawah
9161,3066,149,17,127,-32,849,240,237,121,1476,Spruce_Fir,Leighcan,Rawah
9162,3267,243,13,30,3,3366,194,250,193,1533,Spruce_Fir,Catacount,Comanche Peak
9163,3359,115,15,108,0,4179,245,224,103,3734,Krummholz,Catacount,Comanche Peak
9164,3349,104,20,127,-6,4191,249,210,80,3723,Krummholz,Catacount,Comanche Peak
9165,3265,330,17,566,168,3337,177,217,178,3446,Lodgepole Pine,Cryorthents,Comanche Peak
9166,3442,107,18,283,45,2340,248,216,89,3625,Krummholz,Leighcan,Rawah
9167,3398,107,14,240,1,2221,243,223,106,3565,Krummholz,Leighcan,Rawah
9168,3364,52,11,258,42,2060,226,217,124,3463,Krummholz,Leighcan,Rawah
9169,3189,97,17,42,6,1390,245,214,93,2549,Spruce_Fir,Leighcan,Rawah
9170,3393,312,11,402,71,3848,189,232,183,1889,Krummholz,Leighcan,Comanche Peak
9171,3490,163,24,201,83,4018,234,238,120,4023,Krummholz,Catacount,Comanche Peak
9172,3447,152,23,190,40,4079,241,233,108,3919,Krummholz,Catacount,Comanche Peak
9173,3297,43,12,481,130,2751,222,213,123,3317,Krummholz,Catacount,Comanche Peak
9174,3404,90,15,212,7,2263,242,215,99,3605,Krummholz,Leighcan,Rawah
9175,3332,103,14,190,10,1973,243,221,103,3312,Krummholz,Leighcan,Rawah
9176,3322,135,12,180,0,1931,239,235,124,3255,Krummholz,Leighcan,Rawah
9177,3032,131,5,362,-67,630,228,237,144,1291,Spruce_Fir,Cryaquolis,Rawah
9178,2988,61,6,134,25,180,225,227,136,1130,Spruce_Fir,Leighcan,Rawah
9179,3153,55,10,424,112,1288,226,219,126,1124,Lodgepole Pine,Catacount,Comanche Peak
9180,3132,75,25,365,91,1316,241,185,60,1168,Spruce_Fir,Catacount,Comanche Peak
9181,2978,251,24,492,157,1216,161,248,220,272,Lodgepole Pine,Catacount,Comanche Peak
9182,3164,190,8,30,2,2567,220,247,160,1092,Spruce_Fir,Cryaquolis,Comanche Peak
9183,3420,140,17,153,57,4137,243,233,112,3904,Krummholz,Catacount,Comanche Peak
9184,3259,325,22,516,159,3526,159,209,188,3488,Krummholz,Leighcan,Comanche Peak
9185,3312,18,16,513,88,2978,206,205,133,3395,Krummholz,Catacount,Comanche Peak
9186,3308,13,10,459,84,2818,210,219,145,3315,Krummholz,Catacount,Comanche Peak
9187,3233,117,18,283,83,2506,248,220,93,3178,Krummholz,Leighcan,Comanche Peak
9188,3118,37,5,0,0,1964,220,229,146,3029,Spruce_Fir,Cryaquolis,Comanche Peak
9189,3265,270,9,256,67,2912,195,244,187,1259,Spruce_Fir,Catacount,Comanche Peak
9190,3418,152,16,170,21,4155,238,239,126,3945,Krummholz,Catacount,Comanche Peak
9191,3363,132,19,0,0,4217,246,227,101,3866,Krummholz,Catacount,Comanche Peak
9192,3254,339,22,484,149,3621,167,202,171,3513,Krummholz,Cryorthents,Comanche Peak
9193,3248,102,20,297,87,2573,249,210,81,3171,Krummholz,Leighcan,Comanche Peak
9194,3100,309,18,446,125,1128,169,226,196,2213,Spruce_Fir,Catacount,Comanche Peak
9195,3478,81,27,283,81,2466,244,182,51,3744,Krummholz,Leighcan,Rawah
9196,3438,89,20,212,41,2394,246,203,77,3707,Krummholz,Leighcan,Rawah
9197,3427,93,18,192,30,2371,246,209,85,3695,Krummholz,Leighcan,Rawah
9198,3407,92,11,153,10,2301,238,222,114,3660,Krummholz,Leighcan,Rawah
9199,3379,52,9,228,-14,2122,225,221,130,3434,Krummholz,Leighcan,Rawah
9200,3320,103,15,242,-1,1994,244,220,101,3264,Krummholz,Leighcan,Rawah
9201,3091,119,10,180,1,967,237,232,125,1640,Spruce_Fir,Cryaquolis,Rawah
9202,3142,87,16,390,101,1250,242,213,97,1188,Spruce_Fir,Catacount,Comanche Peak
9203,2828,66,22,30,14,1020,235,190,75,313,Lodgepole Pine,Catacount,Comanche Peak
9204,3429,156,23,90,22,4138,239,236,114,4042,Krummholz,Catacount,Comanche Peak
9205,3253,346,22,417,137,3716,173,200,162,3541,Krummholz,Cryorthents,Comanche Peak
9206,3284,332,17,582,182,3522,178,216,177,3550,Krummholz,Cryorthents,Comanche Peak
9207,3305,90,14,391,81,2795,241,216,101,3235,Krummholz,Catacount,Comanche Peak
9208,3283,100,10,362,116,2691,237,227,120,3187,Krummholz,Leighcan,Comanche Peak
9209,3086,35,10,240,13,1440,219,218,134,2962,Spruce_Fir,Catacount,Comanche Peak
9210,3582,95,22,330,80,2630,249,202,70,3851,Krummholz,Cryorthents,Rawah
9211,3267,283,19,153,38,3303,165,237,211,1423,Spruce_Fir,Catacount,Comanche Peak
9212,3454,147,17,134,47,4126,241,236,117,4142,Krummholz,Catacount,Comanche Peak
9213,3405,157,12,134,8,4212,233,241,137,3998,Krummholz,Catacount,Comanche Peak
9214,3259,354,18,384,134,3783,186,205,155,3570,Krummholz,Cryorthents,Comanche Peak
9215,3277,323,17,564,172,3589,175,221,184,3576,Krummholz,Cryorthents,Comanche Peak
9216,3294,328,13,624,192,3506,188,224,175,3583,Krummholz,Cryorthents,Comanche Peak
9217,3305,331,12,636,60,3424,192,225,172,3554,Krummholz,Cryorthents,Comanche Peak
9218,3342,313,11,551,107,3234,191,232,180,3438,Krummholz,Catacount,Comanche Peak
9219,3328,40,7,418,104,2993,221,224,138,3302,Krummholz,Catacount,Comanche Peak
9220,3552,84,29,306,50,2598,246,177,39,3851,Krummholz,Cryorthents,Rawah
9221,3468,73,29,228,71,2479,238,171,42,3786,Krummholz,Leighcan,Rawah
9222,3386,56,3,134,-10,2228,222,232,146,3503,Krummholz,Leighcan,Rawah
9223,3321,70,15,182,-13,2037,235,210,103,3245,Krummholz,Leighcan,Rawah
9224,3071,98,7,124,-10,859,231,231,132,1510,Spruce_Fir,Cryaquolis,Rawah
9225,3025,283,15,0,0,1570,178,240,201,216,Spruce_Fir,Cryaquolis,Comanche Peak
9226,3383,293,14,382,73,3643,181,236,195,1677,Krummholz,Leighcan,Comanche Peak
9227,3400,158,11,124,3,4241,232,242,139,4025,Krummholz,Catacount,Comanche Peak
9228,3340,293,12,537,101,3274,187,238,190,3428,Krummholz,Catacount,Comanche Peak
9229,3392,88,6,85,-4,2293,229,230,135,3552,Krummholz,Leighcan,Rawah
9230,3378,123,13,150,-4,2185,242,230,114,3408,Krummholz,Leighcan,Rawah
9231,3350,100,18,175,-26,2121,247,212,88,3322,Krummholz,Leighcan,Rawah
9232,3386,293,14,404,85,3628,180,236,196,1657,Krummholz,Leighcan,Comanche Peak
9233,3395,176,10,90,-1,4260,226,246,152,4065,Krummholz,Cryaquolis,Comanche Peak
9234,3278,3,19,382,132,3861,190,199,143,3630,Krummholz,Cryorthents,Comanche Peak
9235,3278,358,19,404,142,3833,188,203,149,3630,Krummholz,Cryorthents,Comanche Peak
9236,3316,329,11,579,61,3449,193,227,173,3505,Krummholz,Cryorthents,Comanche Peak
9237,3325,317,11,552,80,3368,192,231,179,3453,Krummholz,Cryorthents,Comanche Peak
9238,3126,13,12,268,15,1782,208,215,142,2851,Spruce_Fir,Catacount,Comanche Peak
9239,3378,124,11,108,-4,2227,239,232,123,3429,Krummholz,Leighcan,Rawah
9240,3373,121,14,120,-5,2206,243,228,111,3400,Krummholz,Leighcan,Rawah
9241,3323,55,14,120,-11,2059,228,210,112,3198,Krummholz,Leighcan,Rawah
9242,2821,297,4,85,1,992,208,238,169,242,Spruce_Fir,Cryaquolis,Comanche Peak
9243,3375,285,12,384,86,3561,187,240,193,1592,Krummholz,Leighcan,Comanche Peak
9244,3448,197,13,633,136,4138,216,251,166,2964,Krummholz,Cryorthents,Comanche Peak
9245,3365,122,16,67,14,4337,245,226,105,4027,Krummholz,Cryaquolis,Comanche Peak
9246,3230,98,15,60,-7,4658,244,217,99,3769,Spruce_Fir,Leighcan,Comanche Peak
9247,3321,331,13,552,66,3462,189,223,174,3481,Krummholz,Cryorthents,Comanche Peak
9248,3324,328,14,541,69,3435,186,224,177,3463,Krummholz,Cryorthents,Comanche Peak
9249,3330,330,12,524,85,3381,192,226,173,3429,Krummholz,Cryorthents,Comanche Peak
9250,3335,108,11,335,111,3036,239,227,118,3223,Krummholz,Catacount,Comanche Peak
9251,3303,123,17,277,79,2881,247,224,100,3140,Krummholz,Leighcan,Comanche Peak
9252,3409,68,16,60,12,2422,235,206,99,3653,Krummholz,Leighcan,Rawah
9253,3009,11,14,201,43,120,204,211,142,904,Spruce_Fir,Leighcan,Rawah
9254,3316,250,25,323,64,3391,157,248,222,1443,Krummholz,Catacount,Comanche Peak
9255,3300,357,20,467,154,3829,184,199,149,3690,Krummholz,Cryorthents,Comanche Peak
9256,3306,345,19,600,185,3665,180,207,164,3584,Krummholz,Cryorthents,Comanche Peak
9257,3337,339,13,495,82,3394,191,221,168,3404,Krummholz,Cryorthents,Comanche Peak
9258,3359,284,8,430,120,3261,198,240,181,3320,Krummholz,Catacount,Comanche Peak
9259,3346,122,10,361,111,3130,238,232,124,3241,Krummholz,Leighcan,Comanche Peak
9260,3341,126,10,342,106,3103,238,233,125,3226,Krummholz,Leighcan,Comanche Peak
9261,3309,139,17,268,85,2948,243,232,112,3140,Krummholz,Leighcan,Comanche Peak
9262,3302,138,18,256,78,2922,244,231,108,3126,Krummholz,Leighcan,Comanche Peak
9263,3182,111,22,85,18,2557,251,210,75,2960,Spruce_Fir,Catacount,Comanche Peak
9264,3533,83,23,234,31,2601,245,194,67,3850,Krummholz,Cryorthents,Rawah
9265,3476,75,36,180,79,2532,237,149,11,3762,Krummholz,Leighcan,Rawah
9266,3381,125,8,30,-1,2312,234,235,133,3471,Krummholz,Leighcan,Rawah
9267,3042,301,4,134,14,553,208,238,168,1189,Spruce_Fir,Leighcan,Rawah
9268,2970,160,13,150,20,1140,233,242,138,633,Spruce_Fir,Catacount,Comanche Peak
9269,3117,225,4,42,2,2165,214,243,166,722,Lodgepole Pine,Cryaquolis,Comanche Peak
9270,3424,148,17,190,17,4257,240,236,119,4302,Krummholz,Cryorthents,Comanche Peak
9271,3413,140,17,134,6,4271,243,233,113,4272,Krummholz,Cryaquolis,Comanche Peak
9272,3407,143,17,108,0,4279,242,234,116,4257,Krummholz,Cryaquolis,Comanche Peak
9273,3390,126,8,60,-9,4310,234,235,132,4200,Krummholz,Cryaquolis,Comanche Peak
9274,3302,225,4,95,-12,4514,215,243,166,3957,Krummholz,Cryaquolis,Comanche Peak
9275,3311,1,20,509,165,3814,188,200,146,3658,Krummholz,Cryorthents,Comanche Peak
9276,3311,359,19,531,175,3786,188,201,148,3638,Krummholz,Cryorthents,Comanche Peak
9277,3357,302,9,417,112,3302,194,236,181,3312,Krummholz,Catacount,Comanche Peak
9278,3149,22,10,295,29,1952,214,218,140,2768,Spruce_Fir,Leighcan,Comanche Peak
9279,3502,79,32,212,105,2574,242,164,26,3784,Krummholz,Cryorthents,Rawah
9280,3311,65,15,30,-11,2058,233,208,103,3087,Krummholz,Leighcan,Rawah
9281,3072,62,14,0,0,741,231,211,109,1440,Spruce_Fir,Legault,Rawah
9282,2993,139,10,108,15,390,235,237,132,939,Spruce_Fir,Leighcan,Rawah
9283,3118,331,2,283,59,721,213,236,160,1383,Lodgepole Pine,Catacount,Comanche Peak
9284,2967,204,6,0,0,1294,217,246,165,361,Spruce_Fir,Cryaquolis,Comanche Peak
9285,3250,275,15,180,21,3206,178,242,203,1279,Spruce_Fir,Catacount,Comanche Peak
9286,3426,193,16,558,114,4227,216,251,164,2932,Krummholz,Catacount,Comanche Peak
9287,3428,190,16,541,116,4222,218,251,161,2960,Krummholz,Catacount,Comanche Peak
9288,3417,140,17,335,67,4183,243,233,112,3273,Krummholz,Catacount,Comanche Peak
9289,3395,155,16,228,23,4175,237,240,128,3388,Krummholz,Catacount,Comanche Peak
9290,3400,193,11,67,4,4170,219,249,163,3560,Krummholz,Catacount,Comanche Peak
9291,3397,142,11,108,-2,4315,236,237,130,4269,Krummholz,Cryaquolis,Comanche Peak
9292,3328,100,13,60,-14,4485,242,221,107,4039,Krummholz,Cryaquolis,Comanche Peak
9293,3321,355,19,573,185,3772,184,202,153,3596,Krummholz,Cryorthents,Comanche Peak
9294,3323,352,19,594,185,3744,182,203,156,3576,Krummholz,Cryorthents,Comanche Peak
9295,3326,349,19,558,17,3690,183,206,159,3538,Krummholz,Cryorthents,Comanche Peak
9296,3263,143,19,180,39,2873,243,233,110,3032,Spruce_Fir,Leighcan,Comanche Peak
9297,3164,79,1,0,0,2538,220,236,152,2884,Spruce_Fir,Cryaquolis,Comanche Peak
9298,2972,345,12,30,4,324,196,221,163,837,Spruce_Fir,Leighcan,Rawah
9299,3120,336,9,242,61,702,199,227,167,1419,Lodgepole Pine,Catacount,Comanche Peak
9300,2957,196,15,190,25,1040,215,251,167,607,Lodgepole Pine,Catacount,Comanche Peak
9301,3133,291,16,108,11,2249,174,236,202,900,Spruce_Fir,Cryaquolis,Comanche Peak
9302,3416,193,16,553,124,4261,216,251,164,2894,Krummholz,Catacount,Comanche Peak
9303,3422,192,15,484,110,4243,218,251,163,3007,Krummholz,Catacount,Comanche Peak
9304,3388,159,15,216,16,4205,235,242,133,3379,Krummholz,Catacount,Comanche Peak
9305,3405,228,13,30,2,4201,201,251,186,3668,Krummholz,Cryaquolis,Comanche Peak
9306,3396,131,10,150,-3,4337,237,235,128,4310,Krummholz,Cryaquolis,Comanche Peak
9307,3370,133,10,30,4,4412,236,236,130,4187,Krummholz,Cryaquolis,Comanche Peak
9308,3332,359,19,573,186,3811,189,202,148,3593,Krummholz,Cryorthents,Comanche Peak
9309,3007,323,5,124,0,722,207,235,166,1507,Spruce_Fir,Cryaquolis,Neota
9310,3094,76,12,547,35,630,235,217,111,1110,Lodgepole Pine,Catacount,Comanche Peak
9311,3407,193,17,531,115,4291,216,251,164,2884,Krummholz,Catacount,Comanche Peak
9312,3417,195,13,443,105,4268,217,251,165,3026,Krummholz,Catacount,Comanche Peak
9313,3384,208,12,95,3,4231,211,251,173,3486,Krummholz,Catacount,Comanche Peak
9314,3400,227,13,42,1,4231,202,252,185,3660,Krummholz,Cryaquolis,Comanche Peak
9315,3356,28,8,42,0,4478,217,223,141,4164,Krummholz,Cryaquolis,Comanche Peak
9316,3344,351,19,552,10,3770,184,205,157,3531,Krummholz,Cryorthents,Comanche Peak
9317,3347,352,18,492,13,3690,185,205,156,3472,Krummholz,Cryorthents,Comanche Peak
9318,3360,346,15,400,77,3503,191,216,163,3342,Krummholz,Cryorthents,Comanche Peak
9319,3180,103,11,60,-1,2671,239,225,115,2869,Spruce_Fir,Catacount,Comanche Peak
9320,3112,350,7,85,8,1101,208,228,159,1895,Spruce_Fir,Cryaquolis,Rawah
9321,3007,152,9,60,-1,384,232,240,140,1019,Spruce_Fir,Leighcan,Rawah
9322,3067,61,16,663,8,607,231,206,103,1008,Lodgepole Pine,Catacount,Comanche Peak
9323,3369,199,14,497,90,3582,215,251,168,1573,Spruce_Fir,Catacount,Comanche Peak
9324,3371,165,16,774,92,4351,232,243,137,2312,Krummholz,Leighcan,Comanche Peak
9325,3380,182,14,644,118,4380,224,248,155,2591,Krummholz,Leighcan,Comanche Peak
9326,3394,197,15,564,114,4342,215,252,167,2761,Krummholz,Catacount,Comanche Peak
9327,3397,191,16,524,105,4326,218,251,162,2846,Krummholz,Catacount,Comanche Peak
9328,3396,228,11,60,0,4261,203,251,183,3653,Krummholz,Cryaquolis,Comanche Peak
9329,3371,139,10,30,3,4434,235,237,132,4293,Krummholz,Cryaquolis,Comanche Peak
9330,3355,5,17,376,161,4246,196,205,143,3860,Krummholz,Cryorthents,Comanche Peak
9331,3348,8,18,457,163,4082,196,202,139,3734,Krummholz,Cryorthents,Comanche Peak
9332,3350,359,17,516,176,3973,192,205,149,3650,Krummholz,Cryorthents,Comanche Peak
9333,3351,357,16,573,196,3891,192,209,152,3588,Krummholz,Cryorthents,Comanche Peak
9334,3352,351,18,552,18,3810,184,206,158,3528,Krummholz,Cryorthents,Comanche Peak
9335,3151,6,11,514,46,1756,206,218,149,2651,Spruce_Fir,Catacount,Comanche Peak
9336,3120,326,9,679,105,1438,198,230,172,2195,Spruce_Fir,Catacount,Comanche Peak
9337,3018,122,9,0,0,450,235,233,129,1084,Spruce_Fir,Leighcan,Rawah
9338,3004,147,10,30,0,361,233,239,137,997,Spruce_Fir,Cryaquolis,Rawah
9339,2980,351,6,0,0,270,210,230,159,834,Spruce_Fir,Cryaquolis,Rawah
9340,2981,297,10,30,4,750,193,237,184,1200,Spruce_Fir,Cryaquolis,Neota
9341,2940,219,12,0,0,1082,206,251,180,547,Spruce_Fir,Cryaquolis,Comanche Peak
9342,3233,202,9,390,75,2592,216,249,167,883,Spruce_Fir,Catacount,Comanche Peak
9343,3367,162,15,732,88,4312,233,243,136,2273,Krummholz,Leighcan,Comanche Peak
9344,3364,167,13,757,85,4340,230,245,143,2301,Krummholz,Leighcan,Comanche Peak
9345,3366,193,13,750,127,4396,218,250,164,2356,Krummholz,Leighcan,Comanche Peak
9346,3375,138,20,234,30,4300,246,228,100,3268,Krummholz,Catacount,Comanche Peak
9347,3367,358,25,297,167,4369,173,185,142,3903,Krummholz,Cryorthents,Comanche Peak
9348,3365,7,18,366,167,4286,195,202,141,3865,Krummholz,Cryorthents,Comanche Peak
9349,3120,321,12,120,18,2036,189,228,179,730,Spruce_Fir,Cryaquolis,Comanche Peak
9350,3365,185,14,659,116,4444,222,249,157,2458,Krummholz,Leighcan,Comanche Peak
9351,3368,189,12,577,110,4432,220,249,160,2599,Krummholz,Catacount,Comanche Peak
9352,3370,193,13,551,108,4419,218,250,163,2656,Krummholz,Catacount,Comanche Peak
9353,3392,155,20,283,70,4340,239,237,119,3144,Spruce_Fir,Catacount,Comanche Peak
9354,3360,176,12,170,15,4327,226,246,150,3318,Krummholz,Catacount,Comanche Peak
9355,3361,190,11,127,11,4324,220,248,161,3376,Krummholz,Catacount,Comanche Peak
9356,3374,230,8,0,0,4320,207,248,177,3551,Krummholz,Cryaquolis,Comanche Peak
9357,3371,4,18,457,177,4216,194,203,144,3778,Krummholz,Cryorthents,Comanche Peak
9358,3368,354,18,573,20,3918,188,206,154,3544,Krummholz,Cryorthents,Comanche Peak
9359,3374,351,18,488,40,3810,186,207,158,3463,Krummholz,Cryorthents,Comanche Peak
9360,3172,90,19,242,-36,1490,245,206,81,2316,Spruce_Fir,Leighcan,Rawah
9361,2992,13,3,30,-2,228,216,233,154,853,Spruce_Fir,Cryaquolis,Rawah
9362,3101,112,10,480,42,510,238,229,121,1209,Lodgepole Pine,Catacount,Comanche Peak
9363,3217,324,6,242,34,2366,205,233,168,815,Spruce_Fir,Catacount,Comanche Peak
9364,3351,172,14,700,72,4291,228,246,146,2251,Krummholz,Leighcan,Comanche Peak
9365,3374,137,12,42,8,4497,239,235,124,4414,Krummholz,Cryorthents,Comanche Peak
9366,3355,194,9,67,0,4592,219,248,163,4274,Krummholz,Cryaquolis,Comanche Peak
9367,3360,15,11,0,0,4631,210,217,143,4228,Krummholz,Cryaquolis,Comanche Peak
9368,3377,3,19,551,188,4093,191,201,144,3649,Krummholz,Cryorthents,Comanche Peak
9369,3377,357,18,577,192,4039,189,205,151,3606,Krummholz,Cryorthents,Comanche Peak
9370,3321,244,16,466,92,3341,186,251,201,1332,Lodgepole Pine,Catacount,Comanche Peak
9371,3366,231,12,0,0,4380,200,251,187,3508,Krummholz,Cryaquolis,Comanche Peak
9372,3361,314,13,0,0,4650,185,230,185,4267,Krummholz,Cryaquolis,Comanche Peak
9373,3395,343,35,268,157,4569,129,165,161,4011,Krummholz,Leighcan,Comanche Peak
9374,3387,0,19,591,198,4079,189,201,147,3606,Krummholz,Cryorthents,Comanche Peak
9375,3111,142,8,180,5,767,232,238,138,1560,Spruce_Fir,Leighcan,Rawah
9376,3336,181,15,664,104,4298,224,248,153,2258,Krummholz,Leighcan,Comanche Peak
9377,3371,98,5,30,2,4548,228,233,138,4481,Krummholz,Cryorthents,Comanche Peak
9378,3355,323,9,67,0,4649,197,231,173,4329,Krummholz,Cryaquolis,Comanche Peak
9379,3409,356,36,242,124,4775,139,151,132,4090,Krummholz,Leighcan,Comanche Peak
9380,3411,359,39,256,143,4719,135,140,122,4077,Krummholz,Leighcan,Comanche Peak
9381,3397,2,18,618,49,4065,192,202,145,3564,Krummholz,Cryorthents,Comanche Peak
9382,3402,356,17,404,70,3826,191,207,153,3376,Krummholz,Cryorthents,Comanche Peak
9383,3404,357,17,361,70,3773,192,208,152,3336,Krummholz,Cryorthents,Comanche Peak
9384,3403,4,15,319,69,3721,199,210,147,3296,Krummholz,Cryorthents,Comanche Peak
9385,3172,24,10,655,155,1785,215,218,140,2530,Spruce_Fir,Catacount,Comanche Peak
9386,3308,60,18,300,14,1786,231,200,95,2701,Krummholz,Leighcan,Rawah
9387,3149,119,22,335,-70,1410,251,215,81,2263,Spruce_Fir,Leighcan,Rawah
9388,3115,106,7,0,0,1020,232,232,132,1831,Spruce_Fir,Cryaquolis,Rawah
9389,3089,187,15,285,30,457,220,250,158,1438,Lodgepole Pine,Cryaquolis,Comanche Peak
9390,2924,44,26,256,107,594,216,174,79,674,Lodgepole Pine,Catacount,Comanche Peak
9391,3343,175,13,404,64,3978,227,247,149,1939,Krummholz,Leighcan,Comanche Peak
9392,3336,172,14,525,57,4119,229,246,145,2079,Krummholz,Leighcan,Comanche Peak
9393,3337,185,11,67,1,4445,222,248,157,3319,Krummholz,Catacount,Comanche Peak
9394,3376,217,9,162,2,4442,210,249,175,3642,Krummholz,Cryaquolis,Comanche Peak
9395,3369,13,5,42,2,4599,215,229,151,4468,Krummholz,Cryaquolis,Comanche Peak
9396,3367,40,8,67,1,4607,221,223,137,4455,Krummholz,Cryaquolis,Comanche Peak
9397,3425,2,30,218,121,4912,164,168,130,4155,Krummholz,Leighcan,Comanche Peak
9398,3408,357,17,499,60,3972,191,207,152,3458,Krummholz,Leighcan,Comanche Peak
9399,3239,120,4,0,0,3164,226,236,145,2881,Krummholz,Leighcan,Comanche Peak
9400,3316,106,13,285,67,1798,242,224,109,2724,Krummholz,Leighcan,Rawah
9401,3069,110,16,192,40,511,245,221,100,1289,Spruce_Fir,Cryaquolis,Rawah
9402,3372,219,10,175,0,4472,209,250,177,3636,Krummholz,Cryaquolis,Comanche Peak
9403,3422,5,20,531,223,4307,190,197,140,3700,Krummholz,Leighcan,Comanche Peak
9404,3420,5,19,595,223,4226,193,200,142,3632,Krummholz,Leighcan,Comanche Peak
9405,3416,0,18,537,68,4039,192,205,148,3479,Krummholz,Leighcan,Comanche Peak
9406,3299,117,17,283,57,1731,247,222,97,2659,Krummholz,Leighcan,Rawah
9407,3290,105,19,295,51,1705,248,213,86,2630,Krummholz,Leighcan,Rawah
9408,3069,48,7,153,6,594,223,225,137,1639,Spruce_Fir,Cryaquolis,Comanche Peak
9409,3320,171,16,497,41,4099,229,245,143,2059,Krummholz,Leighcan,Comanche Peak
9410,3325,183,9,30,0,4505,223,246,157,3307,Krummholz,Catacount,Comanche Peak
9411,3362,228,11,150,3,4500,204,250,183,3572,Krummholz,Cryaquolis,Comanche Peak
9412,3365,221,9,170,0,4501,209,249,176,3601,Krummholz,Cryaquolis,Comanche Peak
9413,3428,3,19,636,80,4160,191,200,143,3546,Krummholz,Leighcan,Comanche Peak
9414,3425,358,16,470,77,4001,192,208,151,3415,Krummholz,Leighcan,Comanche Peak
9415,3427,4,15,342,79,3870,199,210,147,3310,Krummholz,Catacount,Comanche Peak
9416,3243,20,6,42,2,3171,216,227,148,2814,Krummholz,Leighcan,Comanche Peak
9417,3226,354,11,30,7,2971,201,220,157,2697,Krummholz,Cryaquolis,Comanche Peak
9418,3307,166,21,218,61,1798,233,242,130,2742,Krummholz,Leighcan,Rawah
9419,3313,194,9,376,52,3360,219,247,163,1329,Lodgepole Pine,Catacount,Comanche Peak
9420,3319,187,10,277,40,3471,221,247,159,1436,Spruce_Fir,Catacount,Comanche Peak
9421,3325,180,13,255,46,3834,224,248,153,1794,Spruce_Fir,Leighcan,Comanche Peak
9422,3435,6,17,513,87,4068,196,204,142,3438,Krummholz,Leighcan,Comanche Peak
9423,3248,14,8,60,3,3212,213,224,148,2805,Krummholz,Leighcan,Comanche Peak
9424,3232,338,13,0,0,2989,191,221,169,2670,Krummholz,Cryaquolis,Comanche Peak
9425,3198,18,8,789,82,1959,214,223,145,2389,Spruce_Fir,Catacount,Comanche Peak
9426,3295,171,23,190,49,1785,229,243,133,2737,Krummholz,Leighcan,Rawah
9427,3305,161,16,446,26,4051,234,242,133,2012,Krummholz,Leighcan,Comanche Peak
9428,3298,176,19,342,59,4624,226,247,145,2590,Spruce_Fir,Catacount,Comanche Peak
9429,3343,243,7,127,3,4560,205,246,179,3472,Krummholz,Cryaquolis,Comanche Peak
9430,3256,26,11,60,1,3279,215,215,136,2812,Krummholz,Leighcan,Comanche Peak
9431,3227,34,17,725,98,2190,215,201,117,2342,Spruce_Fir,Leighcan,Comanche Peak
9432,3240,267,9,309,46,3007,198,244,185,990,Spruce_Fir,Catacount,Comanche Peak
9433,3306,181,14,134,27,3588,224,248,154,1549,Spruce_Fir,Catacount,Comanche Peak
9434,3300,153,16,408,21,4013,238,239,126,1974,Krummholz,Leighcan,Comanche Peak
9435,3450,0,11,379,102,3993,203,219,153,3310,Krummholz,Cryorthents,Comanche Peak
9436,3264,22,13,67,2,3320,212,212,135,2804,Krummholz,Leighcan,Comanche Peak
9437,3247,40,11,30,5,3097,221,216,129,2661,Krummholz,Cryaquolis,Comanche Peak
9438,3232,109,19,218,17,1543,249,214,85,2491,Spruce_Fir,Legault,Rawah
9439,3110,140,14,175,-3,1064,240,235,122,1930,Spruce_Fir,Cryaquolis,Rawah
9440,3302,150,11,313,23,3918,235,240,134,1879,Krummholz,Leighcan,Comanche Peak
9441,3458,11,14,459,110,4086,204,211,142,3354,Krummholz,Leighcan,Comanche Peak
9442,3456,8,11,371,108,4008,207,218,147,3289,Krummholz,Cryorthents,Comanche Peak
9443,3258,27,11,85,-1,3188,215,217,137,2681,Krummholz,Cryaquolis,Comanche Peak
9444,3251,25,10,0,0,3114,215,219,139,2635,Krummholz,Cryaquolis,Comanche Peak
9445,3273,35,12,700,123,2385,219,214,129,2304,Spruce_Fir,Leighcan,Comanche Peak
9446,3242,34,17,780,108,2239,215,201,117,2282,Krummholz,Leighcan,Comanche Peak
9447,3218,19,12,870,93,2110,211,214,138,2285,Krummholz,Leighcan,Comanche Peak
9448,3183,357,16,882,166,1842,193,210,153,2335,Spruce_Fir,Leighcan,Comanche Peak
9449,3056,356,6,283,27,1001,210,229,157,1224,Lodgepole Pine,Cryaquolis,Neota
9450,3066,271,10,180,26,765,195,243,188,1865,Spruce_Fir,Leighcan,Neota
9451,2935,253,8,170,19,1033,202,246,182,558,Lodgepole Pine,Cryaquolis,Comanche Peak
9452,3464,8,13,424,116,4075,204,213,145,3312,Krummholz,Cryorthents,Comanche Peak
9453,3462,15,11,365,114,4023,210,216,142,3268,Krummholz,Cryorthents,Comanche Peak
9454,3299,43,15,60,-1,3479,221,205,115,2844,Krummholz,Leighcan,Comanche Peak
9455,3286,357,17,242,66,2873,192,208,152,2458,Spruce_Fir,Leighcan,Comanche Peak
9456,3217,10,12,902,200,2029,206,215,145,2284,Krummholz,Leighcan,Comanche Peak
9457,3193,354,17,942,176,1844,189,207,155,2240,Spruce_Fir,Leighcan,Comanche Peak
9458,3066,277,9,175,6,785,195,242,187,1860,Spruce_Fir,Leighcan,Neota
9459,3102,202,13,277,17,1719,213,251,170,792,Lodgepole Pine,Catacount,Comanche Peak
9460,3297,221,9,153,18,3757,209,249,176,1718,Spruce_Fir,Catacount,Comanche Peak
9461,3268,176,12,323,38,4447,226,246,150,2418,Spruce_Fir,Catacount,Comanche Peak
9462,3265,193,14,108,7,4726,218,250,163,2831,Spruce_Fir,Catacount,Comanche Peak
9463,3478,18,14,511,130,4168,208,210,136,3358,Krummholz,Cryorthents,Comanche Peak
9464,3260,17,9,0,0,3174,213,221,145,2598,Krummholz,Cryaquolis,Comanche Peak
9465,3225,4,12,940,208,2068,204,216,149,2249,Krummholz,Leighcan,Comanche Peak
9466,3082,106,6,60,2,892,231,232,135,1766,Spruce_Fir,Cryaquolis,Rawah
9467,3065,10,9,180,31,1091,210,221,148,1500,Lodgepole Pine,Cryaquolis,Neota
9468,3194,237,12,85,19,2156,199,250,187,459,Spruce_Fir,Catacount,Comanche Peak
9469,3275,201,13,342,35,3265,214,251,169,1226,Lodgepole Pine,Catacount,Comanche Peak
9470,3257,170,13,216,25,4584,229,245,146,2560,Spruce_Fir,Catacount,Comanche Peak
9471,3416,333,4,450,-28,4765,210,234,163,4194,Krummholz,Cryaquolis,Comanche Peak
9472,3479,25,13,450,131,4131,213,212,133,3294,Krummholz,Cryorthents,Comanche Peak
9473,3327,36,17,90,-6,3587,217,200,113,2854,Krummholz,Leighcan,Comanche Peak
9474,3281,34,10,127,0,3338,219,218,134,2672,Krummholz,Leighcan,Comanche Peak
9475,3294,354,11,492,105,2715,202,221,157,2305,Krummholz,Leighcan,Comanche Peak
9476,3297,345,10,534,115,2673,200,224,163,2287,Krummholz,Leighcan,Comanche Peak
9477,3270,23,18,854,127,2330,206,198,123,2193,Krummholz,Cryorthents,Comanche Peak
9478,3237,11,16,960,111,2174,202,206,139,2197,Krummholz,Leighcan,Comanche Peak
9479,3273,179,13,108,12,3482,225,247,152,1442,Spruce_Fir,Cryaquolis,Comanche Peak
9480,3247,186,11,95,8,4751,222,248,159,2732,Spruce_Fir,Catacount,Comanche Peak
9481,3318,28,20,153,6,3503,208,192,114,2755,Krummholz,Leighcan,Comanche Peak
9482,3300,5,11,488,104,2758,205,218,149,2287,Krummholz,Leighcan,Comanche Peak
9483,3079,157,12,258,18,1614,233,241,137,806,Lodgepole Pine,Catacount,Comanche Peak
9484,3244,171,12,170,12,4569,228,245,147,2550,Spruce_Fir,Catacount,Comanche Peak
9485,3429,329,11,446,60,4843,194,227,172,4308,Krummholz,Leighcan,Comanche Peak
9486,3347,20,15,127,19,3645,208,208,134,2828,Krummholz,Leighcan,Comanche Peak
9487,3339,19,17,153,8,3594,206,203,130,2789,Krummholz,Leighcan,Comanche Peak
9488,3309,350,11,618,127,2676,201,222,160,2213,Krummholz,Leighcan,Comanche Peak
9489,3307,6,17,785,143,2521,196,204,142,2160,Krummholz,Cryorthents,Comanche Peak
9490,3231,71,15,0,0,1698,236,210,102,2708,Spruce_Fir,Legault,Rawah
9491,3086,291,6,458,57,949,203,239,175,1100,Lodgepole Pine,Cryaquolis,Neota
9492,3166,174,20,192,0,2162,227,246,141,361,Spruce_Fir,Catacount,Comanche Peak
9493,3411,289,11,467,23,4841,190,239,189,4096,Krummholz,Leighcan,Comanche Peak
9494,3421,306,8,511,33,4849,198,236,178,4156,Krummholz,Leighcan,Comanche Peak
9495,3512,25,12,636,164,4332,214,215,135,3373,Krummholz,Cryorthents,Comanche Peak
9496,3358,28,15,95,10,3737,213,207,126,2866,Krummholz,Leighcan,Comanche Peak
9497,3312,11,14,525,107,2800,205,212,142,2230,Krummholz,Leighcan,Comanche Peak
9498,3311,356,12,573,115,2759,200,218,155,2210,Krummholz,Leighcan,Comanche Peak
9499,3316,3,18,806,148,2544,194,204,145,2131,Krummholz,Cryorthents,Comanche Peak
9500,3246,0,14,1027,229,2125,199,213,151,2161,Krummholz,Leighcan,Comanche Peak
9501,3246,33,12,60,8,1747,218,214,131,2766,Spruce_Fir,Legault,Rawah
9502,3235,63,17,30,4,1690,233,203,97,2706,Spruce_Fir,Legault,Rawah
9503,3202,91,12,0,0,1575,238,221,111,2586,Spruce_Fir,Legault,Rawah
9504,3196,108,12,0,0,1546,240,226,115,2556,Spruce_Fir,Legault,Rawah
9505,3149,123,27,60,-3,1320,253,207,62,2317,Spruce_Fir,Legault,Rawah
9506,3155,164,14,255,-19,2201,232,243,139,331,Spruce_Fir,Catacount,Comanche Peak
9507,3447,330,13,458,78,4913,188,224,175,4362,Krummholz,Leighcan,Comanche Peak
9508,3369,45,15,120,21,3778,223,207,115,2864,Krummholz,Leighcan,Comanche Peak
9509,3305,92,14,85,7,3456,241,217,103,2610,Krummholz,Cryaquolis,Comanche Peak
9510,3319,359,15,592,114,2781,197,212,151,2182,Krummholz,Cryorthents,Comanche Peak
9511,3254,8,12,1071,237,2184,206,216,147,2112,Krummholz,Leighcan,Comanche Peak
9512,3253,0,13,1061,236,2163,200,215,152,2125,Krummholz,Leighcan,Comanche Peak
9513,3255,356,15,1050,238,2079,194,212,154,2164,Krummholz,Leighcan,Comanche Peak
9514,3261,7,12,1106,244,2223,205,215,147,2077,Krummholz,Leighcan,Comanche Peak
9515,3261,357,14,1087,244,2143,198,214,154,2103,Krummholz,Leighcan,Comanche Peak
9516,3277,357,19,1082,260,1956,186,202,151,2184,Spruce_Fir,Leighcan,Comanche Peak
9517,2915,69,12,277,18,212,233,216,113,295,Spruce_Fir,Catacount,Comanche Peak
9518,3069,140,7,242,8,1513,231,238,139,797,Lodgepole Pine,Catacount,Comanche Peak
9519,3182,252,14,216,41,2725,188,249,198,685,Lodgepole Pine,Catacount,Comanche Peak
9520,3242,164,11,120,2,3379,230,243,144,1347,Spruce_Fir,Cryaquolis,Comanche Peak
9521,3392,286,8,255,28,4908,199,240,181,3879,Krummholz,Leighcan,Comanche Peak
9522,3395,300,7,277,31,4911,202,237,175,3909,Krummholz,Leighcan,Comanche Peak
9523,3393,47,15,190,45,3886,224,206,112,2885,Krummholz,Leighcan,Comanche Peak
9524,3378,21,13,182,30,3786,211,212,135,2800,Krummholz,Leighcan,Comanche Peak
9525,3375,24,13,180,1,3761,213,211,133,2780,Krummholz,Leighcan,Comanche Peak
9526,3354,77,16,153,11,3637,239,208,95,2678,Krummholz,Leighcan,Comanche Peak
9527,3304,102,10,60,6,3492,237,227,120,2563,Krummholz,Cryaquolis,Comanche Peak
9528,3296,49,5,0,0,3421,222,229,142,2508,Krummholz,Cryaquolis,Comanche Peak
9529,3294,36,6,30,0,3397,220,226,142,2490,Krummholz,Cryaquolis,Comanche Peak
9530,3063,315,2,534,109,792,214,237,161,875,Lodgepole Pine,Cryaquolis,Neota
9531,3260,290,6,108,17,4860,202,239,176,2860,Spruce_Fir,Catacount,Comanche Peak
9532,3300,307,5,150,16,4929,206,237,170,3159,Krummholz,Leighcan,Comanche Peak
9533,3410,47,9,190,1,3953,224,220,130,2908,Krummholz,Leighcan,Comanche Peak
9534,3388,47,9,175,14,3852,223,220,131,2821,Krummholz,Leighcan,Comanche Peak
9535,3386,40,7,162,12,3827,221,224,139,2800,Krummholz,Leighcan,Comanche Peak
9536,3305,323,22,108,17,3346,158,211,189,2413,Krummholz,Leighcan,Comanche Peak
9537,3274,0,13,1154,257,2145,200,215,152,2030,Krummholz,Leighcan,Comanche Peak
9538,2981,36,4,497,88,192,220,230,147,573,Spruce_Fir,Catacount,Comanche Peak
9539,3128,159,15,162,30,2230,235,242,134,242,Spruce_Fir,Catacount,Comanche Peak
9540,3298,286,7,180,14,4961,201,240,179,3127,Krummholz,Leighcan,Comanche Peak
9541,3305,312,6,162,0,4956,203,235,172,3217,Krummholz,Leighcan,Comanche Peak
9542,3353,240,8,42,4,4953,206,247,179,3636,Krummholz,Leighcan,Comanche Peak
9543,3366,245,10,124,10,4957,200,248,185,3726,Krummholz,Leighcan,Comanche Peak
9544,3401,69,12,150,-7,3919,233,215,113,2844,Krummholz,Leighcan,Comanche Peak
9545,3367,119,10,120,24,3721,237,232,125,2674,Krummholz,Leighcan,Comanche Peak
9546,3350,349,14,319,85,3163,194,217,160,2244,Krummholz,Cryorthents,Comanche Peak
9547,3047,128,8,120,21,1556,234,235,133,655,Lodgepole Pine,Catacount,Comanche Peak
9548,3221,161,11,60,-12,3413,231,243,142,1392,Spruce_Fir,Cryaquolis,Comanche Peak
9549,3339,315,5,42,-2,4980,206,236,168,3515,Krummholz,Leighcan,Comanche Peak
9550,3456,323,11,458,37,5041,191,228,177,4234,Krummholz,Leighcan,Comanche Peak
9551,3369,129,9,90,-4,3763,235,235,130,2673,Krummholz,Leighcan,Comanche Peak
9552,3311,72,11,30,-1,3571,233,218,116,2512,Krummholz,Cryaquolis,Comanche Peak
9553,3320,343,24,95,22,3430,164,195,165,2400,Krummholz,Leighcan,Comanche Peak
9554,3332,334,28,150,37,3384,146,192,178,2364,Krummholz,Leighcan,Comanche Peak
9555,3291,351,14,1203,274,2038,194,215,159,1994,Krummholz,Leighcan,Comanche Peak
9556,3096,0,8,170,16,618,208,225,154,1620,Lodgepole Pine,Cryaquolis,Rawah
9557,3072,334,9,0,0,1084,199,228,168,1740,Spruce_Fir,Cryaquolis,Neota
9558,3081,143,9,417,48,162,234,238,135,1321,Lodgepole Pine,Catacount,Comanche Peak
9559,3311,336,13,228,-4,5017,190,222,170,3184,Krummholz,Leighcan,Comanche Peak
9560,3353,315,6,30,4,5013,203,235,171,3633,Krummholz,Leighcan,Comanche Peak
9561,3372,296,13,85,8,5019,182,235,193,3753,Krummholz,Leighcan,Comanche Peak
9562,3411,60,8,95,2,3977,226,224,132,2825,Krummholz,Leighcan,Comanche Peak
9563,3340,336,28,134,42,3426,146,189,175,2358,Krummholz,Leighcan,Comanche Peak
9564,3111,96,7,331,78,182,232,230,131,1167,Lodgepole Pine,Catacount,Comanche Peak
9565,3049,236,17,60,8,1678,187,253,199,466,Lodgepole Pine,Catacount,Comanche Peak
9566,3306,351,14,1261,289,1976,195,216,159,1945,Krummholz,Leighcan,Comanche Peak
9567,3307,345,15,1260,290,1953,190,216,164,1954,Krummholz,Leighcan,Comanche Peak
9568,3271,335,10,201,38,4774,198,227,168,2791,Spruce_Fir,Catacount,Comanche Peak
9569,3321,328,14,295,5,5079,185,222,177,3151,Krummholz,Leighcan,Comanche Peak
9570,3355,338,13,95,11,5070,192,222,168,3511,Krummholz,Leighcan,Comanche Peak
9571,3427,313,12,242,19,5099,189,231,182,3991,Krummholz,Leighcan,Comanche Peak
9572,3465,321,12,366,39,5125,189,228,179,4201,Krummholz,Leighcan,Comanche Peak
9573,3370,340,28,162,66,3466,150,188,170,2310,Krummholz,Cryorthents,Comanche Peak
9574,2897,224,30,134,63,774,166,251,207,558,Lodgepole Pine,Catacount,Comanche Peak
9575,3204,169,10,60,1,3326,228,244,148,1321,Lodgepole Pine,Cryaquolis,Comanche Peak
9576,3338,331,11,283,0,5103,194,226,172,3271,Krummholz,Leighcan,Comanche Peak
9577,3387,298,14,30,10,5109,180,234,194,3750,Krummholz,Leighcan,Comanche Peak
9578,3490,324,12,446,38,5179,188,226,178,4350,Krummholz,Leighcan,Comanche Peak
9579,3091,74,3,180,6,1337,224,233,144,1505,Lodgepole Pine,Cryaquolis,Neota
9580,3099,315,9,120,22,1110,197,233,176,1670,Lodgepole Pine,Leighcan,Neota
9581,3023,95,8,30,1,1504,233,229,128,601,Lodgepole Pine,Catacount,Comanche Peak
9582,3347,323,12,295,5,5132,188,227,178,3300,Krummholz,Leighcan,Comanche Peak
9583,3358,340,14,228,16,5130,190,219,167,3390,Krummholz,Leighcan,Comanche Peak
9584,3180,212,12,297,9,2845,209,251,176,840,Lodgepole Pine,Catacount,Comanche Peak
9585,3346,331,10,350,8,5164,197,228,170,3240,Krummholz,Leighcan,Comanche Peak
9586,3401,281,15,42,7,5173,178,240,201,3810,Krummholz,Leighcan,Comanche Peak
9587,3409,285,15,67,15,5175,179,239,200,3840,Krummholz,Leighcan,Comanche Peak
9588,3500,315,11,408,40,5238,191,231,180,4350,Krummholz,Leighcan,Comanche Peak
9589,3012,324,13,210,22,324,188,226,178,324,Spruce_Fir,Leighcan,Neota
9590,3214,137,11,212,43,3778,237,236,129,1800,Lodgepole Pine,Catacount,Comanche Peak
9591,3199,112,16,150,17,3867,246,221,99,1890,Lodgepole Pine,Catacount,Comanche Peak
9592,3350,329,10,376,8,5194,197,229,171,3240,Krummholz,Leighcan,Comanche Peak
9593,3368,325,15,283,24,5191,181,222,180,3360,Krummholz,Leighcan,Comanche Peak
9594,3381,337,16,192,25,5190,182,215,171,3480,Krummholz,Leighcan,Comanche Peak
9595,3141,24,8,256,45,666,216,222,143,1753,Lodgepole Pine,Leighcan,Rawah
9596,3056,185,12,150,25,1935,222,248,157,108,Spruce_Fir,Catacount,Comanche Peak
9597,3057,192,15,108,4,2021,217,251,163,60,Spruce_Fir,Catacount,Comanche Peak
9598,3184,194,11,90,17,3154,219,249,163,1172,Lodgepole Pine,Catacount,Comanche Peak
9599,3339,337,16,454,12,5020,183,216,171,3061,Spruce_Fir,Leighcan,Comanche Peak
9600,3386,343,16,234,30,5220,186,214,166,3451,Krummholz,Leighcan,Comanche Peak
9601,3488,297,12,277,36,5278,187,236,189,4230,Krummholz,Leighcan,Comanche Peak
9602,3497,306,11,324,37,5287,190,234,184,4290,Krummholz,Leighcan,Comanche Peak
9603,3095,315,5,30,4,1279,206,236,168,1521,Spruce_Fir,Leighcan,Neota
9604,3190,313,16,67,7,4124,175,226,191,2162,Spruce_Fir,Cryaquolis,Comanche Peak
9605,3388,332,17,297,32,5250,177,215,176,3391,Krummholz,Leighcan,Comanche Peak
9606,3392,341,16,277,36,5250,185,215,168,3421,Krummholz,Leighcan,Comanche Peak
9607,3371,338,19,458,29,5162,174,209,172,3212,Krummholz,Leighcan,Comanche Peak
9608,3386,329,19,361,34,5281,171,214,181,3332,Krummholz,Leighcan,Comanche Peak
9609,3649,7,11,1055,294,5248,206,217,148,3784,Krummholz,Cryorthents,Comanche Peak
9610,3123,216,13,247,-17,2548,207,252,179,589,Lodgepole Pine,Catacount,Comanche Peak
9611,3413,342,15,283,46,5310,187,215,167,3483,Krummholz,Leighcan,Comanche Peak
9612,3426,280,14,0,0,5362,181,241,199,3934,Krummholz,Cryaquolis,Comanche Peak
9613,3680,14,15,1208,325,5150,204,207,137,3570,Krummholz,Cryorthents,Comanche Peak
9614,3677,21,16,1179,268,5124,208,205,130,3543,Krummholz,Cryorthents,Comanche Peak
9615,3674,21,16,1150,265,5099,208,205,130,3516,Krummholz,Cryorthents,Comanche Peak
9616,3170,347,11,108,17,1200,198,222,162,2318,Lodgepole Pine,Legault,Rawah
9617,3106,358,5,67,4,1421,211,230,156,1339,Spruce_Fir,Cryaquolis,Neota
9618,3117,293,7,67,4,1294,200,239,178,1398,Spruce_Fir,Leighcan,Neota
9619,3029,216,15,108,-7,2083,203,253,183,295,Lodgepole Pine,Catacount,Comanche Peak
9620,3688,347,12,1213,333,5269,197,221,161,3667,Krummholz,Cryorthents,Comanche Peak
9621,3061,313,10,60,18,162,192,232,180,474,Spruce_Fir,Leighcan,Neota
9622,3110,339,6,30,1,1400,207,232,163,1328,Spruce_Fir,Cryaquolis,Neota
9623,2878,34,11,153,-14,361,219,216,132,547,Lodgepole Pine,Catacount,Comanche Peak
9624,3170,302,6,42,5,2995,203,237,174,1092,Lodgepole Pine,Cryaquolis,Comanche Peak
9625,3166,169,10,60,11,3681,228,244,148,1766,Lodgepole Pine,Catacount,Comanche Peak
9626,3234,288,23,277,51,4188,150,231,218,2270,Krummholz,Leighcan,Comanche Peak
9627,3311,308,22,390,124,4397,156,221,203,2478,Krummholz,Leighcan,Comanche Peak
9628,3113,343,6,42,2,1421,208,231,161,1300,Spruce_Fir,Cryaquolis,Neota
9629,3321,317,24,418,136,4395,151,211,197,2482,Krummholz,Leighcan,Comanche Peak
9630,3329,317,23,430,142,4425,154,214,197,2512,Krummholz,Leighcan,Comanche Peak
9631,3692,339,8,1201,246,5377,203,228,164,3727,Krummholz,Cryorthents,Comanche Peak
9632,2968,189,11,228,-38,1245,221,248,160,541,Lodgepole Pine,Catacount,Comanche Peak
9633,3338,316,21,457,153,4422,160,217,195,2516,Krummholz,Leighcan,Comanche Peak
9634,3119,338,5,30,0,1421,209,233,162,1265,Spruce_Fir,Cryaquolis,Neota
9635,3706,322,3,1154,260,5305,212,236,162,3593,Krummholz,Cryorthents,Comanche Peak
9636,3694,21,8,1087,285,5076,215,223,145,3345,Krummholz,Cryorthents,Comanche Peak
9637,3122,60,20,417,76,212,231,194,87,1356,Lodgepole Pine,Leighcan,Rawah
9638,3041,301,1,120,8,190,215,238,161,573,Spruce_Fir,Leighcan,Neota
9639,3089,338,4,379,46,485,210,233,162,726,Spruce_Fir,Cryaquolis,Neota
9640,3091,338,5,437,48,541,209,233,162,765,Spruce_Fir,Leighcan,Neota
9641,3132,358,8,295,30,1511,208,225,155,1154,Lodgepole Pine,Leighcan,Neota
9642,3256,279,25,361,80,4179,146,234,224,2289,Spruce_Fir,Leighcan,Comanche Peak
9643,3425,306,18,698,212,4838,166,226,199,2940,Krummholz,Leighcan,Comanche Peak
9644,3702,33,7,1167,256,5168,219,226,143,3415,Krummholz,Cryorthents,Comanche Peak
9645,3107,325,6,679,-78,866,206,234,167,1032,Lodgepole Pine,Cryaquolis,Neota
9646,3706,307,5,1087,260,5387,207,237,169,3627,Krummholz,Cryorthents,Comanche Peak
9647,3706,28,6,1129,260,5209,218,228,146,3432,Krummholz,Cryorthents,Comanche Peak
9648,2924,203,19,150,69,1130,207,253,175,459,Lodgepole Pine,Catacount,Comanche Peak
9649,3708,0,13,1128,299,5125,201,216,152,3309,Krummholz,Cryorthents,Comanche Peak
9650,3225,334,16,360,77,990,181,217,174,2144,Lodgepole Pine,Legault,Rawah
9651,3188,291,15,255,28,3964,176,236,200,2103,Spruce_Fir,Cryaquolis,Comanche Peak
9652,2897,48,15,127,49,532,224,206,113,212,Lodgepole Pine,Catacount,Comanche Peak
9653,3725,353,16,1087,279,5143,191,211,156,3287,Krummholz,Cryorthents,Comanche Peak
9654,3728,3,18,1032,319,4994,194,204,145,3148,Krummholz,Cryorthents,Comanche Peak
9655,3727,3,18,1008,318,4964,194,204,145,3120,Krummholz,Cryorthents,Comanche Peak
9656,3727,5,17,984,318,4934,195,204,143,3092,Krummholz,Cryorthents,Comanche Peak
9657,3130,337,8,433,-55,1129,203,229,165,1019,Spruce_Fir,Cryaquolis,Neota
9658,3018,270,22,30,10,2193,158,241,220,631,Lodgepole Pine,Catacount,Comanche Peak
9659,3421,291,16,793,228,4772,174,236,202,2906,Krummholz,Leighcan,Comanche Peak
9660,3710,311,5,967,264,5451,206,236,169,3586,Krummholz,Cryorthents,Comanche Peak
9661,3725,335,12,1015,279,5258,193,224,170,3388,Krummholz,Cryorthents,Comanche Peak
9662,2909,98,5,212,61,459,228,233,138,297,Lodgepole Pine,Catacount,Comanche Peak
9663,3712,322,9,938,266,5463,198,232,173,3577,Krummholz,Cryorthents,Comanche Peak
9664,3731,334,14,987,285,5254,186,220,173,3378,Krummholz,Cryorthents,Comanche Peak
9665,3283,289,17,534,115,4230,171,236,204,2394,Spruce_Fir,Leighcan,Comanche Peak
9666,3421,294,16,832,231,4740,173,234,201,2890,Krummholz,Leighcan,Comanche Peak
9667,3722,328,15,912,276,5430,184,222,177,3539,Krummholz,Cryorthents,Comanche Peak
9668,3743,337,17,969,297,5221,180,215,172,3340,Krummholz,Cryorthents,Comanche Peak
9669,3754,6,18,1041,345,4923,195,203,142,3059,Krummholz,Cryorthents,Comanche Peak
9670,3244,339,18,150,49,1666,178,211,170,2819,Spruce_Fir,Legault,Rawah
9671,3259,353,17,234,72,1550,189,208,156,2704,Spruce_Fir,Legault,Rawah
9672,3116,350,11,210,31,516,201,222,160,864,Spruce_Fir,Leighcan,Neota
9673,3130,318,6,67,3,3300,205,235,169,1530,Spruce_Fir,Cryaquolis,Comanche Peak
9674,3379,268,16,805,197,4590,176,245,207,2750,Krummholz,Leighcan,Comanche Peak
9675,3392,268,18,816,211,4620,172,244,210,2779,Krummholz,Leighcan,Comanche Peak
9676,3110,205,13,30,-4,3090,212,252,172,1358,Lodgepole Pine,Cryaquolis,Comanche Peak
9677,3413,261,18,875,231,4710,174,247,210,2874,Krummholz,Leighcan,Comanche Peak
9678,3423,259,15,886,238,4740,182,247,203,2903,Krummholz,Leighcan,Comanche Peak
9679,3753,320,14,902,307,5245,182,225,183,3349,Krummholz,Cryorthents,Comanche Peak
9680,3763,10,21,979,354,4767,193,193,132,2897,Krummholz,Cryorthents,Comanche Peak
9681,3777,9,18,1041,368,4824,197,202,138,2942,Krummholz,Cryorthents,Comanche Peak
9682,3129,8,7,270,44,624,212,227,152,969,Spruce_Fir,Leighcan,Neota
9683,3167,342,10,190,-18,1359,198,224,165,812,Spruce_Fir,Leighcan,Neota
9684,2984,316,20,283,62,1651,164,219,194,797,Lodgepole Pine,Catacount,Comanche Peak
9685,3133,208,22,212,83,2611,200,254,181,1019,Lodgepole Pine,Cryaquolis,Comanche Peak
9686,3135,346,8,402,-42,900,205,228,161,984,Spruce_Fir,Cryaquolis,Neota
9687,3399,276,15,949,214,4681,179,242,202,2868,Krummholz,Leighcan,Comanche Peak
9688,3792,342,12,942,346,4998,194,221,165,3093,Krummholz,Cryorthents,Comanche Peak
9689,3134,189,23,85,22,2853,215,250,157,1233,Lodgepole Pine,Cryaquolis,Comanche Peak
9690,3114,192,25,127,30,2734,209,250,161,1167,Lodgepole Pine,Cryaquolis,Comanche Peak
9691,3379,306,17,924,204,4562,171,228,196,2770,Krummholz,Leighcan,Comanche Peak
9692,3812,2,16,1018,363,4813,196,208,148,2903,Krummholz,Cryorthents,Comanche Peak
9693,3810,9,16,1050,401,4664,201,208,142,2761,Krummholz,Cryorthents,Comanche Peak
9694,3301,20,10,658,129,1114,213,218,141,2362,Lodgepole Pine,Cryaquolis,Rawah
9695,3147,354,9,270,-30,830,206,225,158,1041,Spruce_Fir,Leighcan,Neota
9696,2904,54,18,242,56,655,228,198,97,481,Lodgepole Pine,Catacount,Comanche Peak
9697,3410,301,15,1033,228,4683,177,232,195,2894,Krummholz,Leighcan,Comanche Peak
9698,3812,17,13,1047,403,4602,209,213,139,2694,Krummholz,Cryorthents,Comanche Peak
9699,3390,113,15,700,233,1477,245,223,103,1057,Krummholz,Cryorthents,Comanche Peak
9700,3165,333,8,324,-20,1140,201,229,168,767,Spruce_Fir,Leighcan,Neota
9701,3189,277,6,0,0,1155,205,241,175,1092,Spruce_Fir,Leighcan,Neota
9702,3076,201,22,108,41,2648,204,253,174,1153,Lodgepole Pine,Cryaquolis,Comanche Peak
9703,3236,317,22,391,109,3546,157,214,195,1853,Spruce_Fir,Catacount,Comanche Peak
9704,3415,289,12,1057,233,4685,186,238,193,2903,Krummholz,Cryorthents,Comanche Peak
9705,3823,20,13,1092,374,4660,210,211,136,2742,Krummholz,Cryorthents,Comanche Peak
9706,3256,236,10,272,40,579,202,249,184,902,Lodgepole Pine,Catacount,Neota
9707,2883,50,25,42,23,931,222,176,75,591,Lodgepole Pine,Catacount,Comanche Peak
9708,3193,281,15,324,74,3398,177,240,203,1739,Lodgepole Pine,Catacount,Comanche Peak
9709,3831,346,12,912,382,4867,196,220,163,2934,Krummholz,Cryorthents,Comanche Peak
9710,3827,18,13,1084,51,4628,210,213,138,2704,Krummholz,Cryorthents,Comanche Peak
9711,3836,335,10,870,387,4896,198,227,168,2955,Krummholz,Cryorthents,Comanche Peak
9712,3839,29,11,1032,390,4686,216,217,135,2753,Krummholz,Cryorthents,Comanche Peak
9713,3825,32,18,841,49,4297,213,198,114,2381,Krummholz,Cryorthents,Comanche Peak
9714,3400,92,13,626,243,1519,240,220,109,949,Krummholz,Cryorthents,Comanche Peak
9715,3292,131,17,618,135,1106,245,228,105,1237,Krummholz,Cryorthents,Comanche Peak
9716,3250,279,17,153,34,677,170,240,208,1034,Lodgepole Pine,Catacount,Neota
9717,3842,31,7,1015,393,4685,218,225,143,2744,Krummholz,Cryorthents,Comanche Peak
9718,3822,52,14,799,46,4265,226,209,113,2343,Krummholz,Cryorthents,Comanche Peak
9719,3818,45,12,782,42,4235,223,214,123,2315,Krummholz,Cryorthents,Comanche Peak
9720,3393,91,14,589,236,1485,241,217,102,942,Krummholz,Leighcan,Comanche Peak
9721,3248,158,24,658,91,924,237,236,114,1365,Lodgepole Pine,Leighcan,Comanche Peak
9722,3229,116,18,540,91,660,248,220,94,2047,Lodgepole Pine,Leighcan,Rawah
9723,3164,343,9,170,-13,1022,202,227,163,853,Spruce_Fir,Leighcan,Neota
9724,3846,342,1,949,397,4743,217,237,157,2794,Krummholz,Cryorthents,Comanche Peak
9725,3846,15,3,973,397,4713,217,233,154,2765,Krummholz,Cryorthents,Comanche Peak
9726,3183,343,8,331,-2,1189,204,228,163,680,Spruce_Fir,Leighcan,Neota
9727,3848,353,8,1008,72,4622,207,227,158,2671,Krummholz,Cryorthents,Comanche Peak
9728,3849,353,9,984,73,4592,204,224,158,2642,Krummholz,Cryorthents,Comanche Peak
9729,3364,88,16,511,207,1358,242,211,93,976,Krummholz,Leighcan,Comanche Peak
9730,3271,273,12,573,148,3621,186,243,196,1997,Lodgepole Pine,Catacount,Comanche Peak
9731,3364,327,16,792,222,4099,179,220,180,2415,Lodgepole Pine,Catacount,Comanche Peak
9732,3355,88,18,480,198,1325,244,209,88,977,Krummholz,Leighcan,Comanche Peak
9733,3291,107,22,488,134,1146,251,208,73,1116,Krummholz,Cryorthents,Comanche Peak
9734,2978,325,10,297,13,134,196,230,173,837,Spruce_Fir,Cryaquolis,Comanche Peak
9735,2905,304,22,339,134,426,154,223,207,1181,Spruce_Fir,Catacount,Comanche Peak
9736,3269,134,18,466,131,849,246,229,104,2271,Lodgepole Pine,Leighcan,Rawah
9737,2928,347,34,85,39,1131,136,163,152,819,Lodgepole Pine,Catacount,Comanche Peak
9738,3232,286,19,509,132,3475,164,236,210,1890,Lodgepole Pine,Catacount,Comanche Peak
9739,3137,166,24,433,143,607,232,240,125,1572,Lodgepole Pine,Leighcan,Comanche Peak
9740,2901,306,24,339,141,424,149,219,207,1168,Spruce_Fir,Catacount,Comanche Peak
9741,3325,155,13,342,60,1600,235,241,135,2965,Spruce_Fir,Legault,Rawah
9742,3396,95,17,446,239,1471,245,213,92,828,Krummholz,Leighcan,Comanche Peak
9743,3267,118,33,437,110,1112,254,191,36,1107,Krummholz,Leighcan,Comanche Peak
9744,3195,112,15,390,57,573,245,223,102,2090,Lodgepole Pine,Leighcan,Rawah
9745,3107,300,10,283,32,3068,192,236,184,1613,Lodgepole Pine,Catacount,Comanche Peak
9746,3423,158,19,488,264,1740,237,239,124,644,Krummholz,Cryorthents,Comanche Peak
9747,3419,156,19,484,260,1710,238,239,123,659,Krummholz,Cryorthents,Comanche Peak
9748,3385,106,14,408,228,1440,243,223,107,828,Krummholz,Leighcan,Comanche Peak
9749,3236,134,14,365,98,771,242,232,117,2274,Lodgepole Pine,Leighcan,Rawah
9750,3141,300,8,306,-5,540,199,237,178,1371,Spruce_Fir,Cryaquolis,Neota
9751,3216,72,9,120,12,947,231,223,125,1053,Spruce_Fir,Catacount,Neota
9752,3388,305,17,890,250,4112,172,229,197,2471,Krummholz,Catacount,Comanche Peak
9753,3403,177,18,430,244,1620,226,247,147,684,Krummholz,Cryorthents,Comanche Peak
9754,3391,125,18,390,234,1470,247,224,99,785,Krummholz,Leighcan,Comanche Peak
9755,3152,146,33,457,-2,930,244,215,73,1234,Krummholz,Leighcan,Comanche Peak
9756,2960,344,12,573,188,661,195,220,164,1387,Spruce_Fir,Catacount,Comanche Peak
9757,3424,338,15,1003,282,4264,186,217,170,2617,Krummholz,Cryorthents,Comanche Peak
9758,3392,183,20,400,233,1620,221,249,151,661,Krummholz,Leighcan,Comanche Peak
9759,2945,355,16,446,-80,573,191,209,154,1073,Spruce_Fir,Catacount,Comanche Peak
9760,3043,135,4,175,17,745,226,238,146,962,Spruce_Fir,Catacount,Comanche Peak
9761,3267,162,10,313,38,1358,231,243,143,2835,Spruce_Fir,Leighcan,Rawah
9762,3202,234,22,573,-30,3438,178,253,207,1936,Spruce_Fir,Catacount,Comanche Peak
9763,3436,331,19,1045,294,4298,173,214,178,2658,Krummholz,Cryorthents,Comanche Peak
9764,3397,166,26,418,238,1800,231,238,121,537,Krummholz,Leighcan,Comanche Peak
9765,3126,141,23,402,-16,930,246,227,97,1209,Krummholz,Leighcan,Comanche Peak
9766,3042,233,7,134,16,750,208,247,176,990,Spruce_Fir,Catacount,Comanche Peak
9767,3288,168,16,180,30,1610,231,245,140,2826,Spruce_Fir,Leighcan,Rawah
9768,3232,161,15,300,94,845,234,242,135,2400,Lodgepole Pine,Leighcan,Rawah
9769,3291,273,14,811,176,3768,182,243,200,2215,Spruce_Fir,Catacount,Comanche Peak
9770,3429,315,18,1015,291,4213,169,222,192,2594,Krummholz,Cryorthents,Comanche Peak
9771,3445,328,20,1068,305,4302,167,212,183,2672,Krummholz,Cryorthents,Comanche Peak
9772,3366,177,30,330,207,1531,219,240,131,680,Krummholz,Leighcan,Comanche Peak
9773,3142,123,19,335,-12,1022,248,222,95,1115,Krummholz,Leighcan,Comanche Peak
9774,2988,8,19,816,216,865,194,198,137,1329,Spruce_Fir,Leighcan,Comanche Peak
9775,3353,167,34,335,194,1712,224,229,106,534,Krummholz,Leighcan,Comanche Peak
9776,3350,179,34,301,191,1563,213,237,129,638,Krummholz,Leighcan,Comanche Peak
9777,3301,157,34,240,144,1323,235,222,87,834,Krummholz,Leighcan,Comanche Peak
9778,3290,146,38,240,133,1293,241,205,56,860,Krummholz,Leighcan,Comanche Peak
9779,2991,6,23,782,114,799,185,188,134,1271,Spruce_Fir,Leighcan,Comanche Peak
9780,3334,169,38,313,175,1744,218,224,102,492,Krummholz,Leighcan,Comanche Peak
9781,3450,307,18,1091,318,4227,167,226,198,2639,Krummholz,Cryorthents,Comanche Peak
9782,3476,321,17,1140,338,4308,173,220,186,2717,Krummholz,Cryorthents,Comanche Peak
9783,3327,155,34,324,143,1836,237,220,84,417,Krummholz,Leighcan,Comanche Peak
9784,3272,162,39,190,115,1388,224,216,84,752,Krummholz,Leighcan,Comanche Peak
9785,3413,303,17,1060,286,4114,171,230,198,2554,Lodgepole Pine,Leighcan,Comanche Peak
9786,3421,300,22,1073,293,4143,154,226,209,2579,Krummholz,Leighcan,Comanche Peak
9787,3300,167,27,268,116,1779,230,237,120,426,Krummholz,Leighcan,Comanche Peak
9788,3291,162,28,247,107,1719,234,233,110,467,Krummholz,Leighcan,Comanche Peak
9789,3248,165,39,162,91,1392,221,219,92,738,Krummholz,Leighcan,Comanche Peak
9790,3185,151,29,153,28,1213,242,225,92,902,Krummholz,Leighcan,Comanche Peak
9791,2922,49,17,450,104,680,225,202,105,902,Spruce_Fir,Catacount,Comanche Peak
9792,2991,322,17,511,222,671,175,221,185,1341,Lodgepole Pine,Catacount,Comanche Peak
9793,3017,341,20,618,257,750,175,206,168,1458,Lodgepole Pine,Catacount,Comanche Peak
9794,3203,156,12,175,52,882,234,241,136,2563,Lodgepole Pine,Leighcan,Rawah
9795,3232,265,8,90,4,642,200,244,182,1236,Spruce_Fir,Cryorthents,Neota
9796,3296,152,29,277,112,1842,241,226,94,366,Krummholz,Leighcan,Comanche Peak
9797,3288,159,26,258,104,1812,237,234,110,384,Krummholz,Leighcan,Comanche Peak
9798,3247,165,41,180,88,1515,218,215,87,618,Krummholz,Leighcan,Comanche Peak
9799,3472,295,18,1183,342,4202,167,232,205,2713,Krummholz,Cryorthents,Comanche Peak
9800,3276,159,23,234,92,1816,237,237,116,361,Krummholz,Leighcan,Comanche Peak
9801,3269,159,22,201,85,1756,237,238,119,404,Krummholz,Leighcan,Comanche Peak
9802,3238,169,35,162,79,1608,222,229,107,525,Krummholz,Leighcan,Comanche Peak
9803,3192,165,35,90,35,1342,226,226,100,769,Krummholz,Leighcan,Comanche Peak
9804,3114,66,6,511,59,437,227,227,135,1230,Spruce_Fir,Catacount,Comanche Peak
9805,2819,319,25,120,48,600,148,208,196,1033,Spruce_Fir,Cryaquolis,Comanche Peak
9806,3310,39,12,361,45,1084,220,213,126,603,Spruce_Fir,Catacount,Neota
9807,3426,286,21,1140,301,4073,157,234,215,2605,Krummholz,Leighcan,Comanche Peak
9808,3216,161,32,134,57,1613,233,228,100,510,Krummholz,Leighcan,Comanche Peak
9809,3174,173,27,67,17,1377,225,241,130,731,Krummholz,Leighcan,Comanche Peak
9810,3048,340,21,679,275,824,172,205,170,1513,Lodgepole Pine,Catacount,Comanche Peak
9811,2933,68,10,30,-3,840,231,220,121,1343,Spruce_Fir,Cryaquolis,Comanche Peak
9812,3187,161,19,90,19,886,235,241,129,2630,Lodgepole Pine,Leighcan,Rawah
9813,3409,298,21,1140,290,4009,158,228,209,2574,Lodgepole Pine,Leighcan,Comanche Peak
9814,3237,153,29,134,53,1736,240,226,93,391,Krummholz,Leighcan,Comanche Peak
9815,3166,165,17,67,9,1412,233,243,136,693,Krummholz,Cryaquolis,Comanche Peak
9816,3009,101,6,67,1,644,230,232,135,1485,Spruce_Fir,Cryaquolis,Comanche Peak
9817,2985,128,11,42,8,1050,238,233,125,1302,Spruce_Fir,Catacount,Comanche Peak
9818,3178,145,6,0,0,1020,228,239,144,2542,Spruce_Fir,Cryaquolis,Rawah
9819,3446,230,12,1261,321,4076,201,251,186,2731,Krummholz,Cryorthents,Comanche Peak
9820,3247,161,17,216,22,1953,235,242,132,192,Krummholz,Leighcan,Comanche Peak
9821,3029,98,28,400,-25,721,252,190,47,1155,Spruce_Fir,Catacount,Comanche Peak
9822,2931,308,28,285,162,726,131,209,212,1209,Spruce_Fir,Catacount,Comanche Peak
9823,3164,117,4,0,0,872,227,236,143,2536,Spruce_Fir,Cryaquolis,Rawah
9824,3152,30,13,30,1,685,216,212,130,2584,Spruce_Fir,Cryaquolis,Rawah
9825,3206,315,7,180,28,499,201,234,172,962,Spruce_Fir,Leighcan,Neota
9826,3141,312,12,577,-53,713,187,231,184,1315,Lodgepole Pine,Leighcan,Neota
9827,3292,285,29,999,194,3695,129,225,230,2356,Spruce_Fir,Leighcan,Comanche Peak
9828,3243,143,15,201,18,1989,240,236,121,150,Krummholz,Cryaquolis,Comanche Peak
9829,3223,38,13,60,11,1266,219,210,123,2460,Spruce_Fir,Cryaquolis,Rawah
9830,3165,18,10,30,1,832,212,219,143,2512,Spruce_Fir,Cryaquolis,Rawah
9831,3164,1,10,30,2,805,206,221,153,2519,Spruce_Fir,Cryaquolis,Rawah
9832,3236,152,4,150,11,1936,224,239,151,175,Krummholz,Cryaquolis,Comanche Peak
9833,3202,84,19,67,8,1790,243,205,85,313,Krummholz,Cryaquolis,Comanche Peak
9834,3148,62,16,67,9,1328,232,207,103,785,Krummholz,Cryaquolis,Comanche Peak
9835,3119,96,29,42,12,1271,251,184,40,845,Krummholz,Leighcan,Comanche Peak
9836,3113,344,24,799,344,967,164,194,164,1624,Lodgepole Pine,Catacount,Comanche Peak
9837,3179,22,15,60,8,899,209,206,130,2466,Spruce_Fir,Cryaquolis,Rawah
9838,2901,61,9,30,-2,2349,227,222,128,1693,Spruce_Fir,Catacount,Comanche Peak
9839,3062,324,6,531,142,3131,205,233,168,1981,Spruce_Fir,Cryaquolis,Comanche Peak
9840,3253,102,31,190,28,2060,253,183,33,67,Krummholz,Leighcan,Comanche Peak
9841,3226,84,17,85,19,1855,242,210,93,247,Krummholz,Cryaquolis,Comanche Peak
9842,3217,83,20,67,17,1826,244,200,77,277,Krummholz,Cryaquolis,Comanche Peak
9843,3188,325,15,0,0,726,182,223,180,1072,Lodgepole Pine,Leighcan,Neota
9844,3301,107,18,127,25,865,248,216,89,713,Spruce_Fir,Catacount,Neota
9845,3082,275,11,592,166,3258,189,243,193,2097,Spruce_Fir,Catacount,Comanche Peak
9846,3515,158,27,120,-37,3221,237,232,106,1140,Krummholz,Cryaquolis,Comanche Peak
9847,3167,47,13,134,19,1387,224,212,120,750,Krummholz,Leighcan,Comanche Peak
9848,2889,327,34,170,85,870,118,179,188,1253,Spruce_Fir,Catacount,Comanche Peak
9849,3143,1,24,787,-11,1207,178,187,141,1698,Spruce_Fir,Leighcan,Comanche Peak
9850,3396,256,20,1294,163,3778,169,248,214,2656,Krummholz,Leighcan,Comanche Peak
9851,3437,132,17,85,-2,2989,245,228,105,900,Krummholz,Cryaquolis,Comanche Peak
9852,3420,142,9,30,-2,2901,233,238,136,811,Krummholz,Cryaquolis,Comanche Peak
9853,3227,191,5,67,2,1994,220,244,160,124,Krummholz,Cryaquolis,Comanche Peak
9854,3175,4,11,153,26,1426,205,219,150,721,Krummholz,Leighcan,Comanche Peak
9855,3067,312,17,658,301,983,171,225,193,1451,Spruce_Fir,Catacount,Comanche Peak
9856,3316,109,24,150,36,858,253,205,65,674,Spruce_Fir,Catacount,Neota
9857,3277,333,9,234,32,450,200,229,168,1194,Lodgepole Pine,Catacount,Neota
9858,3420,129,10,60,-2,2936,237,234,127,842,Krummholz,Cryaquolis,Comanche Peak
9859,3407,168,19,60,7,2760,232,243,135,663,Krummholz,Cryaquolis,Comanche Peak
9860,3404,167,23,60,9,2730,231,241,129,633,Krummholz,Leighcan,Comanche Peak
9861,3392,159,26,85,9,2672,236,234,110,573,Krummholz,Leighcan,Comanche Peak
9862,3225,104,4,60,-2,2032,226,234,143,108,Krummholz,Cryaquolis,Comanche Peak
9863,3220,27,22,127,21,1689,205,186,109,454,Krummholz,Leighcan,Comanche Peak
9864,3192,327,24,497,75,485,155,206,187,1839,Spruce_Fir,Leighcan,Comanche Peak
9865,2784,24,30,162,53,939,189,162,93,1012,Spruce_Fir,Catacount,Comanche Peak
9866,2751,0,10,30,8,1385,206,222,154,1026,Spruce_Fir,Catacount,Comanche Peak
9867,3462,172,20,124,21,3177,228,245,139,1084,Krummholz,Cryaquolis,Comanche Peak
9868,3431,138,15,150,-8,3030,242,233,117,934,Krummholz,Cryaquolis,Comanche Peak
9869,3408,124,11,0,0,2854,238,232,124,755,Krummholz,Cryaquolis,Comanche Peak
9870,3393,158,20,30,3,2737,237,239,123,636,Krummholz,Leighcan,Comanche Peak
9871,3381,198,21,108,8,2620,209,252,169,518,Krummholz,Leighcan,Comanche Peak
9872,3226,63,5,30,-1,2040,225,229,139,127,Krummholz,Cryaquolis,Comanche Peak
9873,3182,41,10,180,66,1477,221,219,132,696,Krummholz,Leighcan,Comanche Peak
9874,3180,75,19,120,64,1423,240,200,83,755,Krummholz,Leighcan,Comanche Peak
9875,3205,337,10,430,88,495,199,227,167,1832,Spruce_Fir,Leighcan,Comanche Peak
9876,3267,76,10,285,55,1254,232,222,121,2251,Spruce_Fir,Cryaquolis,Rawah
9877,3211,319,5,319,40,484,208,235,167,1170,Lodgepole Pine,Leighcan,Neota
9878,3229,337,7,42,4,1935,204,230,165,242,Krummholz,Cryaquolis,Comanche Peak
9879,3241,5,15,150,34,1738,200,210,146,437,Krummholz,Leighcan,Comanche Peak
9880,3208,25,13,531,75,1237,213,210,132,1745,Spruce_Fir,Leighcan,Comanche Peak
9881,2962,47,10,402,-8,778,224,217,127,1733,Spruce_Fir,Catacount,Comanche Peak
9882,2868,45,12,60,17,390,223,214,124,1856,Spruce_Fir,Leighcan,Comanche Peak
9883,3219,282,12,297,41,551,188,241,193,1203,Lodgepole Pine,Leighcan,Neota
9884,2964,54,22,192,56,2419,227,189,85,1899,Spruce_Fir,Catacount,Comanche Peak
9885,3143,300,13,721,222,3274,183,234,191,2340,Spruce_Fir,Catacount,Comanche Peak
9886,3364,134,17,30,-8,2692,244,230,109,589,Krummholz,Leighcan,Comanche Peak
9887,3360,175,12,42,2,2663,226,246,151,560,Krummholz,Leighcan,Comanche Peak
9888,3299,101,32,85,40,2230,253,180,30,175,Krummholz,Leighcan,Comanche Peak
9889,3228,352,7,30,2,2002,208,228,158,212,Krummholz,Cryaquolis,Comanche Peak
9890,3246,340,14,150,26,1777,190,219,167,418,Krummholz,Leighcan,Comanche Peak
9891,2871,308,26,150,50,1036,138,212,209,1362,Spruce_Fir,Catacount,Comanche Peak
9892,2851,38,10,108,-6,595,220,217,131,1298,Lodgepole Pine,Catacount,Comanche Peak
9893,2772,56,20,60,21,1415,229,194,90,1113,Aspen,Catacount,Comanche Peak
9894,3286,341,12,30,6,674,194,222,166,859,Spruce_Fir,Catacount,Neota
9895,3147,147,11,684,-18,750,235,239,134,1598,Spruce_Fir,Leighcan,Neota
9896,3168,335,27,598,92,400,150,194,177,1790,Lodgepole Pine,Catacount,Comanche Peak
9897,3153,17,27,376,77,636,188,174,112,1678,Lodgepole Pine,Catacount,Comanche Peak
9898,3415,96,4,85,10,2932,227,233,141,830,Krummholz,Cryaquolis,Comanche Peak
9899,3379,103,16,42,3,2787,245,218,97,684,Krummholz,Cryaquolis,Comanche Peak
9900,3246,76,14,0,0,2154,237,213,105,180,Krummholz,Cryaquolis,Comanche Peak
9901,3236,37,17,242,31,1678,217,202,115,541,Krummholz,Leighcan,Comanche Peak
9902,3216,63,20,170,11,1597,233,194,84,626,Krummholz,Leighcan,Comanche Peak
9903,3105,339,18,350,88,778,180,212,170,1690,Spruce_Fir,Leighcan,Comanche Peak
9904,3101,4,45,240,25,1172,123,115,98,1567,Lodgepole Pine,Catacount,Comanche Peak
9905,3429,131,14,42,-4,3173,242,232,117,1071,Krummholz,Cryaquolis,Comanche Peak
9906,3414,118,4,108,9,2940,226,236,145,837,Krummholz,Cryaquolis,Comanche Peak
9907,3254,345,14,162,29,1883,191,217,164,366,Krummholz,Leighcan,Comanche Peak
9908,3257,335,16,190,31,1828,182,217,173,417,Krummholz,Leighcan,Comanche Peak
9909,2861,4,13,170,1,661,202,214,148,1333,Lodgepole Pine,Catacount,Comanche Peak
9910,3042,1,10,268,126,2922,206,221,153,2188,Spruce_Fir,Catacount,Comanche Peak
9911,3404,81,10,120,0,2889,233,223,121,787,Krummholz,Cryaquolis,Comanche Peak
9912,3364,88,16,42,8,2744,242,212,95,646,Krummholz,Cryaquolis,Comanche Peak
9913,3282,85,25,0,0,2230,246,189,58,247,Krummholz,Cryaquolis,Comanche Peak
9914,3269,346,15,228,43,1812,191,216,163,458,Krummholz,Leighcan,Comanche Peak
9915,3206,51,18,67,15,1544,226,197,99,731,Krummholz,Leighcan,Comanche Peak
9916,3117,326,11,402,94,832,194,228,174,1697,Spruce_Fir,Leighcan,Comanche Peak
9917,3066,28,10,0,0,1354,216,218,137,1714,Spruce_Fir,Cryaquolis,Comanche Peak
9918,3034,27,11,234,7,1237,215,217,137,1727,Spruce_Fir,Catacount,Comanche Peak
9919,2887,57,15,30,8,503,229,207,108,1926,Spruce_Fir,Leighcan,Comanche Peak
9920,2796,49,14,90,45,1423,225,209,115,1194,Aspen,Cryaquolis,Comanche Peak
9921,3161,38,16,618,-4,780,218,204,117,1650,Spruce_Fir,Leighcan,Neota
9922,3156,316,13,579,-9,690,185,228,183,1706,Spruce_Fir,Leighcan,Neota
9923,3262,31,15,42,0,2184,215,207,125,270,Krummholz,Cryaquolis,Comanche Peak
9924,3248,38,28,124,43,1638,207,166,77,658,Krummholz,Leighcan,Comanche Peak
9925,3190,356,24,30,12,1431,173,189,147,882,Krummholz,Leighcan,Comanche Peak
9926,2906,288,27,42,23,514,136,226,225,1874,Spruce_Fir,Leighcan,Comanche Peak
9927,2813,61,23,150,62,1382,231,187,77,1213,Lodgepole Pine,Catacount,Comanche Peak
9928,2801,63,14,90,50,1436,232,210,107,1224,Aspen,Catacount,Comanche Peak
9929,3129,331,13,301,53,1050,189,223,174,1672,Lodgepole Pine,Catacount,Comanche Peak
9930,3056,62,30,384,148,2396,229,165,47,2041,Spruce_Fir,Catacount,Comanche Peak
9931,3406,165,5,42,0,3107,224,241,152,1006,Krummholz,Cryaquolis,Comanche Peak
9932,3350,73,5,30,0,2704,226,230,139,618,Krummholz,Cryaquolis,Comanche Peak
9933,3054,65,4,60,0,914,223,231,143,1664,Spruce_Fir,Leighcan,Comanche Peak
9934,3132,329,11,900,363,1273,194,227,172,1208,Spruce_Fir,Catacount,Comanche Peak
9935,3191,21,16,488,115,600,208,204,129,1828,Lodgepole Pine,Catacount,Comanche Peak
9936,3063,65,30,408,155,2413,232,166,44,2071,Spruce_Fir,Catacount,Comanche Peak
9937,3384,144,20,120,29,2828,244,232,107,738,Krummholz,Cryaquolis,Comanche Peak
9938,3343,93,32,60,-7,2543,250,175,28,488,Krummholz,Cryaquolis,Comanche Peak
9939,3267,21,17,150,8,2123,207,201,127,342,Krummholz,Cryaquolis,Comanche Peak
9940,3290,334,22,277,64,1905,163,204,177,467,Krummholz,Leighcan,Comanche Peak
9941,3203,33,17,30,-1,1539,214,201,118,819,Krummholz,Leighcan,Comanche Peak
9942,3156,40,17,350,53,1188,219,200,111,1245,Spruce_Fir,Leighcan,Comanche Peak
9943,3084,306,19,488,271,1200,165,226,200,1172,Spruce_Fir,Catacount,Comanche Peak
9944,2945,63,17,309,0,765,233,204,98,1999,Spruce_Fir,Leighcan,Comanche Peak
9945,2890,35,13,201,4,711,218,211,127,1482,Lodgepole Pine,Catacount,Comanche Peak
9946,2886,18,12,216,3,726,210,214,139,1466,Lodgepole Pine,Catacount,Comanche Peak
9947,2812,66,17,120,60,1437,234,203,95,1277,Aspen,Catacount,Comanche Peak
9948,2791,86,29,60,38,1489,247,179,41,1289,Aspen,Catacount,Comanche Peak
9949,2857,9,19,190,31,2182,195,200,138,1621,Spruce_Fir,Catacount,Comanche Peak
9950,3255,258,6,638,71,693,207,243,175,900,Spruce_Fir,Cryaquolis,Neota
9951,3400,144,7,67,-3,3066,230,239,142,969,Krummholz,Cryaquolis,Comanche Peak
9952,3297,321,6,0,0,2384,204,234,169,402,Krummholz,Cryaquolis,Comanche Peak
9953,3295,332,22,283,63,1945,165,207,179,469,Krummholz,Leighcan,Comanche Peak
9954,2979,89,18,67,14,1082,244,207,85,1651,Spruce_Fir,Catacount,Comanche Peak
9955,3204,292,14,752,1,1463,179,236,197,1291,Spruce_Fir,Catacount,Comanche Peak
9956,2943,290,7,180,66,600,200,239,178,1846,Spruce_Fir,Catacount,Comanche Peak
9957,2816,69,20,124,64,1451,237,198,84,1307,Aspen,Catacount,Comanche Peak
9958,2806,81,23,95,53,1477,244,193,67,1312,Aspen,Catacount,Comanche Peak
9959,3166,23,15,420,0,437,210,206,129,1974,Spruce_Fir,Catacount,Neota
9960,3300,308,12,0,0,2395,188,232,185,430,Krummholz,Cryaquolis,Comanche Peak
9961,3290,18,18,170,7,2175,202,198,128,395,Krummholz,Leighcan,Comanche Peak
9962,3192,4,10,659,181,872,207,221,151,1989,Spruce_Fir,Catacount,Comanche Peak
9963,2808,75,25,108,52,1492,241,183,58,1342,Aspen,Catacount,Comanche Peak
9964,3226,337,19,153,27,272,175,210,172,1369,Spruce_Fir,Cryaquolis,Neota
9965,3262,328,24,484,64,1128,154,204,185,1588,Spruce_Fir,Catacount,Neota
9966,3052,19,31,366,134,2415,181,159,99,2173,Spruce_Fir,Catacount,Comanche Peak
9967,2942,72,25,60,25,2605,239,182,59,2250,Spruce_Fir,Catacount,Comanche Peak
9968,3350,197,8,30,1,2630,218,247,164,594,Krummholz,Cryaquolis,Comanche Peak
9969,3322,334,17,67,25,2352,178,215,175,437,Krummholz,Leighcan,Comanche Peak
9970,3324,5,15,85,24,2324,199,209,145,430,Krummholz,Leighcan,Comanche Peak
9971,3300,16,20,192,11,2188,199,194,127,424,Krummholz,Leighcan,Comanche Peak
9972,3218,42,12,95,7,1542,222,213,125,912,Krummholz,Leighcan,Comanche Peak
9973,2966,290,34,306,140,1299,108,213,234,1181,Spruce_Fir,Catacount,Comanche Peak
9974,3171,69,19,201,16,1505,237,199,87,1663,Spruce_Fir,Catacount,Comanche Peak
9975,3330,340,16,85,30,2364,184,214,169,466,Krummholz,Leighcan,Comanche Peak
9976,3318,26,24,170,22,2255,200,179,105,450,Krummholz,Leighcan,Comanche Peak
9977,3239,36,17,0,0,1657,217,201,114,824,Krummholz,Leighcan,Comanche Peak
9978,2780,58,23,42,15,1600,229,184,76,1419,Aspen,Catacount,Comanche Peak
9979,3372,55,11,175,27,552,227,215,120,912,Lodgepole Pine,Cryorthents,Neota
9980,3216,7,20,426,50,779,192,197,138,1839,Spruce_Fir,Catacount,Neota
9981,3040,115,24,268,121,2445,253,208,68,2259,Spruce_Fir,Catacount,Comanche Peak
9982,2996,89,25,180,82,2490,248,191,56,2278,Spruce_Fir,Catacount,Comanche Peak
9983,3332,10,19,30,5,2541,195,197,135,566,Krummholz,Cryaquolis,Comanche Peak
9984,3334,6,26,85,30,2458,179,180,130,524,Krummholz,Leighcan,Comanche Peak
9985,3247,42,17,0,0,1674,220,200,110,841,Krummholz,Leighcan,Comanche Peak
9986,3233,46,13,90,5,1602,224,210,118,916,Krummholz,Leighcan,Comanche Peak
9987,3225,24,11,150,8,1556,214,215,136,967,Spruce_Fir,Leighcan,Comanche Peak
9988,2840,277,4,0,0,1390,209,240,169,1379,Spruce_Fir,Cryaquolis,Comanche Peak
9989,3162,41,15,124,7,1561,221,205,116,1674,Spruce_Fir,Catacount,Comanche Peak
9990,2860,50,11,277,108,1416,225,215,123,1413,Lodgepole Pine,Catacount,Comanche Peak
9991,2787,59,25,60,22,1616,229,179,68,1448,Aspen,Catacount,Comanche Peak
9992,3343,0,13,170,43,2335,200,215,152,514,Krummholz,Leighcan,Comanche Peak
9993,3189,30,13,446,39,1321,216,211,129,1304,Spruce_Fir,Leighcan,Comanche Peak
9994,3190,346,32,582,94,1154,143,172,157,1584,Spruce_Fir,Leighcan,Comanche Peak
9995,3161,23,14,228,55,912,212,210,133,2069,Spruce_Fir,Leighcan,Comanche Peak
9996,2845,77,15,201,86,1507,238,212,101,1451,Aspen,Catacount,Comanche Peak
9997,2828,74,18,150,68,1556,239,203,89,1460,Aspen,Catacount,Comanche Peak
9998,3245,309,16,150,57,150,173,227,194,1557,Spruce_Fir,Cryaquolis,Neota
9999,3245,33,12,335,46,430,218,214,131,1298,Spruce_Fir,Cryaquolis,Neota
10000,3098,37,22,467,174,2294,214,187,99,2290,Spruce_Fir,Catacount,Comanche Peak
10001,3346,325,11,30,5,2620,191,227,176,649,Krummholz,Cryaquolis,Comanche Peak
10002,3351,354,11,60,10,2592,202,221,157,633,Krummholz,Cryaquolis,Comanche Peak
10003,3350,354,11,192,53,2348,201,220,157,543,Krummholz,Leighcan,Comanche Peak
10004,3347,109,33,60,44,1831,254,182,27,764,Krummholz,Cryorthents,Comanche Peak
10005,3325,101,35,30,22,1806,252,170,15,785,Krummholz,Cryorthents,Comanche Peak
10006,3254,49,13,67,0,1687,225,211,118,900,Krummholz,Leighcan,Comanche Peak
10007,3204,76,6,384,5,153,228,229,136,2089,Spruce_Fir,Legault,Neota
10008,2862,320,17,85,21,1498,174,221,186,1273,Spruce_Fir,Cryaquolis,Comanche Peak
10009,2913,53,11,589,170,1252,227,215,121,1515,Lodgepole Pine,Catacount,Comanche Peak
10010,2800,80,22,90,34,1664,243,195,71,1536,Aspen,Catacount,Comanche Peak
10011,3136,267,20,255,42,190,166,244,215,2399,Spruce_Fir,Leighcan,Neota
10012,3222,57,14,600,94,1283,229,210,111,1951,Lodgepole Pine,Catacount,Comanche Peak
10013,3141,27,27,573,223,2200,197,170,96,2343,Spruce_Fir,Catacount,Comanche Peak
10014,3352,126,31,85,50,1915,253,202,51,768,Krummholz,Cryorthents,Comanche Peak
10015,3275,71,21,60,-27,1771,238,195,79,892,Krummholz,Leighcan,Comanche Peak
10016,3249,52,11,150,-5,1679,226,216,123,984,Krummholz,Leighcan,Comanche Peak
10017,3233,355,31,661,121,1276,154,170,142,1532,Krummholz,Leighcan,Comanche Peak
10018,3059,48,17,201,16,1050,224,200,104,2202,Spruce_Fir,Leighcan,Comanche Peak
10019,2843,93,18,240,78,1560,245,211,89,1541,Aspen,Catacount,Comanche Peak
10020,3181,253,22,297,78,277,164,248,218,2307,Spruce_Fir,Cryorthents,Neota
10021,3367,118,26,124,59,1981,254,206,62,757,Krummholz,Cryorthents,Comanche Peak
10022,3356,124,27,95,54,1956,253,209,66,774,Krummholz,Cryorthents,Comanche Peak
10023,3248,353,28,684,132,1302,162,180,148,1544,Krummholz,Leighcan,Comanche Peak
10024,3225,358,14,875,22,1632,198,214,153,953,Spruce_Fir,Catacount,Comanche Peak
10025,3207,42,7,150,4,1723,221,225,139,1465,Spruce_Fir,Catacount,Comanche Peak
10026,3137,353,22,319,50,1606,176,195,153,2041,Spruce_Fir,Leighcan,Comanche Peak
10027,2818,87,16,150,52,1650,242,213,97,1583,Aspen,Catacount,Comanche Peak
10028,3300,114,5,0,0,1879,228,235,141,872,Krummholz,Leighcan,Comanche Peak
10029,2972,21,16,60,9,940,208,205,130,2291,Spruce_Fir,Leighcan,Comanche Peak
10030,2828,86,15,182,62,1645,241,214,99,1608,Aspen,Catacount,Comanche Peak
10031,2805,83,18,95,40,1716,242,206,88,1624,Aspen,Catacount,Comanche Peak
10032,2793,81,22,67,26,1740,243,196,71,1630,Aspen,Catacount,Comanche Peak
10033,3233,290,13,350,49,234,182,238,195,1900,Spruce_Fir,Cryaquolis,Neota
10034,3230,149,21,216,64,782,242,233,109,2064,Spruce_Fir,Catacount,Neota
10035,3013,90,29,240,87,2297,249,180,39,2477,Spruce_Fir,Catacount,Comanche Peak
10036,3006,278,31,201,80,2571,124,228,235,2602,Lodgepole Pine,Catacount,Comanche Peak
10037,3354,121,28,95,46,2016,254,205,58,808,Krummholz,Cryorthents,Comanche Peak
10038,3301,45,5,42,1,1874,222,228,142,914,Krummholz,Leighcan,Comanche Peak
10039,3021,339,38,391,178,1574,114,158,166,984,Spruce_Fir,Catacount,Comanche Peak
10040,3033,69,26,30,13,1047,237,180,58,2340,Spruce_Fir,Leighcan,Comanche Peak
10041,2842,92,17,247,76,1617,244,212,92,1630,Aspen,Catacount,Comanche Peak
10042,2820,84,15,162,57,1687,240,213,100,1642,Aspen,Catacount,Comanche Peak
10043,2813,82,13,134,48,1710,238,216,107,1648,Aspen,Catacount,Comanche Peak
10044,2932,3,17,175,45,2318,195,205,145,2028,Spruce_Fir,Catacount,Comanche Peak
10045,3204,341,14,228,40,1892,191,219,167,2212,Spruce_Fir,Catacount,Comanche Peak
10046,3369,124,29,150,51,2082,253,206,59,805,Krummholz,Cryorthents,Comanche Peak
10047,3287,1,25,646,109,1441,175,184,139,1477,Krummholz,Leighcan,Comanche Peak
10048,3293,68,23,836,197,1282,237,189,72,1828,Krummholz,Cryorthents,Comanche Peak
10049,3244,2,6,630,41,1800,212,229,154,1019,Spruce_Fir,Catacount,Comanche Peak
10050,3234,51,6,360,31,1855,223,227,139,1218,Spruce_Fir,Catacount,Comanche Peak
10051,3221,57,7,180,18,1820,225,226,136,1365,Spruce_Fir,Catacount,Comanche Peak
10052,2993,36,19,85,3,1006,215,195,108,2355,Spruce_Fir,Leighcan,Comanche Peak
10053,3164,278,16,192,55,362,175,241,205,2308,Lodgepole Pine,Leighcan,Neota
10054,3358,141,23,418,-4,497,246,227,96,792,Spruce_Fir,Catacount,Neota
10055,3310,349,14,824,194,1359,193,215,161,1704,Krummholz,Leighcan,Comanche Peak
10056,3036,31,18,0,0,1087,213,198,116,2407,Spruce_Fir,Leighcan,Comanche Peak
10057,2935,66,14,641,183,1383,233,211,108,1693,Lodgepole Pine,Catacount,Comanche Peak
10058,2830,86,13,210,65,1702,239,217,107,1697,Aspen,Catacount,Comanche Peak
10059,2822,86,14,180,55,1725,240,216,103,1702,Aspen,Catacount,Comanche Peak
10060,2815,86,13,150,46,1748,239,217,107,1707,Aspen,Catacount,Comanche Peak
10061,3186,166,23,124,20,787,232,241,127,2172,Spruce_Fir,Catacount,Neota
10062,3207,271,13,212,43,1834,186,244,197,2268,Spruce_Fir,Catacount,Comanche Peak
10063,3384,118,36,175,65,2166,253,184,25,836,Krummholz,Cryorthents,Comanche Peak
10064,3344,124,20,95,26,2094,249,221,90,872,Krummholz,Cryorthents,Comanche Peak
10065,3314,38,8,0,0,2001,220,222,137,932,Krummholz,Leighcan,Comanche Peak
10066,3186,357,20,417,26,1421,185,201,150,2284,Spruce_Fir,Leighcan,Comanche Peak
10067,2830,88,13,210,63,1722,239,218,107,1727,Aspen,Catacount,Comanche Peak
10068,2952,34,20,162,37,2372,213,193,109,1906,Spruce_Fir,Catacount,Comanche Peak
10069,2943,1,16,85,15,2345,196,209,149,1827,Spruce_Fir,Catacount,Comanche Peak
10070,2943,355,14,30,5,2329,196,214,155,1775,Spruce_Fir,Catacount,Comanche Peak
10071,3225,270,7,457,69,360,202,243,180,1917,Spruce_Fir,Cryaquolis,Neota
10072,3418,110,13,497,55,778,242,226,111,582,Krummholz,Cryorthents,Neota
10073,3411,148,28,247,92,2256,243,224,89,837,Krummholz,Cryorthents,Comanche Peak
10074,3313,32,9,90,5,1953,218,221,138,1008,Krummholz,Leighcan,Comanche Peak
10075,3307,45,13,150,5,1910,223,211,120,1045,Krummholz,Leighcan,Comanche Peak
10076,3266,72,9,283,-31,1804,231,223,125,1146,Krummholz,Leighcan,Comanche Peak
10077,3263,40,7,309,-36,1784,221,224,139,1167,Krummholz,Leighcan,Comanche Peak
10078,3319,63,12,888,194,1405,230,216,117,1758,Krummholz,Cryorthents,Comanche Peak
10079,3278,356,13,960,75,1783,199,217,155,752,Spruce_Fir,Leighcan,Comanche Peak
10080,2816,83,13,150,48,1786,238,216,106,1766,Aspen,Catacount,Comanche Peak
10081,2809,83,13,120,39,1809,238,216,106,1771,Aspen,Catacount,Comanche Peak
10082,2802,77,13,90,30,1832,236,215,107,1777,Aspen,Catacount,Comanche Peak
10083,3189,280,17,120,28,607,171,240,208,2413,Spruce_Fir,Cryaquolis,Neota
10084,3301,9,15,541,173,1384,202,209,142,2190,Lodgepole Pine,Catacount,Comanche Peak
10085,3344,118,23,124,25,2179,252,211,74,902,Krummholz,Cryorthents,Comanche Peak
10086,3284,351,11,960,81,1812,199,221,159,726,Spruce_Fir,Leighcan,Comanche Peak
10087,3262,12,12,630,59,1911,207,215,143,934,Spruce_Fir,Catacount,Comanche Peak
10088,3222,1,24,212,35,1926,177,186,140,1682,Spruce_Fir,Leighcan,Comanche Peak
10089,3101,342,8,30,4,309,205,229,163,2100,Spruce_Fir,Leighcan,Neota
10090,3310,320,16,722,182,1245,176,223,186,2227,Lodgepole Pine,Catacount,Comanche Peak
10091,3465,130,29,360,146,2389,252,210,65,875,Krummholz,Cryorthents,Comanche Peak
10092,3319,72,10,108,5,1994,231,221,122,1057,Krummholz,Leighcan,Comanche Peak
10093,2798,63,9,60,15,1917,228,222,127,1848,Aspen,Catacount,Comanche Peak
10094,2794,60,10,30,11,1940,228,218,122,1855,Spruce_Fir,Cryaquolis,Comanche Peak
10095,3087,324,7,192,5,216,203,233,169,1917,Spruce_Fir,Cryaquolis,Neota
10096,3318,317,25,743,119,799,147,209,198,994,Spruce_Fir,Leighcan,Neota
10097,2978,52,25,120,51,2216,224,178,74,2714,Spruce_Fir,Catacount,Comanche Peak
10098,3495,101,17,379,50,2480,246,214,90,900,Krummholz,Cryorthents,Comanche Peak
10099,3353,106,22,150,34,2240,251,208,73,949,Krummholz,Leighcan,Comanche Peak
10100,3341,101,15,120,22,2216,244,218,99,959,Krummholz,Leighcan,Comanche Peak
10101,3329,339,6,42,6,2081,207,232,163,1034,Krummholz,Leighcan,Comanche Peak
10102,3244,351,17,90,4,1980,188,209,158,1549,Spruce_Fir,Leighcan,Comanche Peak
10103,3222,8,19,457,26,1591,195,199,137,2176,Spruce_Fir,Leighcan,Comanche Peak
10104,2797,98,7,67,14,1936,231,231,132,1878,Aspen,Catacount,Comanche Peak
10105,2800,252,11,30,8,2100,196,248,190,1935,Lodgepole Pine,Catacount,Comanche Peak
10106,3180,88,14,162,46,532,240,216,103,2148,Lodgepole Pine,Leighcan,Neota
10107,3230,164,20,361,69,552,234,242,129,2636,Spruce_Fir,Catacount,Neota
10108,3176,277,11,201,41,210,189,242,193,2620,Lodgepole Pine,Catacount,Comanche Peak
10109,3266,240,13,547,131,570,195,251,192,2462,Lodgepole Pine,Catacount,Comanche Peak
10110,3507,81,14,335,62,2546,238,214,104,932,Krummholz,Cryorthents,Comanche Peak
10111,3442,125,32,360,85,2424,253,198,46,934,Krummholz,Cryorthents,Comanche Peak
10112,3427,128,31,330,108,2400,252,204,54,938,Krummholz,Cryorthents,Comanche Peak
10113,3331,340,6,60,12,2101,208,232,162,1061,Krummholz,Leighcan,Comanche Peak
10114,3315,81,17,162,-3,2015,241,208,92,1123,Krummholz,Leighcan,Comanche Peak
10115,3306,345,27,408,0,1837,157,186,161,1294,Krummholz,Leighcan,Comanche Peak
10116,3102,13,22,67,25,1254,194,191,127,2574,Spruce_Fir,Leighcan,Comanche Peak
10117,2941,55,13,612,176,1560,228,212,115,1866,Lodgepole Pine,Catacount,Comanche Peak
10118,2805,96,10,134,22,1911,236,226,121,1895,Aspen,Catacount,Comanche Peak
10119,3046,295,10,309,-7,2234,192,237,185,832,Spruce_Fir,Leighcan,Comanche Peak
10120,3193,276,19,124,59,569,166,240,212,2171,Lodgepole Pine,Leighcan,Neota
10121,3221,72,13,655,14,1825,235,214,109,2631,Spruce_Fir,Catacount,Comanche Peak
10122,3337,75,10,90,18,2232,233,221,120,1025,Krummholz,Leighcan,Comanche Peak
10123,3308,4,14,902,105,1943,201,212,148,661,Krummholz,Leighcan,Comanche Peak
10124,3288,7,14,573,85,2045,201,211,145,907,Spruce_Fir,Catacount,Comanche Peak
10125,3272,343,24,124,8,2042,163,195,165,1584,Spruce_Fir,Leighcan,Comanche Peak
10126,3040,13,17,268,80,2435,201,203,136,1298,Spruce_Fir,Leighcan,Comanche Peak
10127,3306,329,13,716,122,743,187,223,175,1092,Spruce_Fir,Cryaquolis,Neota
10128,3511,147,33,270,66,2630,242,215,73,997,Krummholz,Cryorthents,Comanche Peak
10129,2794,59,6,90,12,1996,224,228,139,1965,Aspen,Catacount,Comanche Peak
10130,3217,58,13,664,10,1784,229,212,114,2698,Spruce_Fir,Catacount,Comanche Peak
10131,3440,134,32,283,9,2526,250,207,59,1020,Krummholz,Cryorthents,Comanche Peak
10132,3103,4,24,511,43,1302,180,185,135,2160,Lodgepole Pine,Catacount,Comanche Peak
10133,3065,55,20,721,5,1371,228,193,90,2079,Spruce_Fir,Catacount,Comanche Peak
10134,3447,150,28,228,12,2592,242,226,92,1050,Krummholz,Cryorthents,Comanche Peak
10135,3333,357,18,883,130,2037,190,206,151,616,Krummholz,Cryorthents,Comanche Peak
10136,3284,29,17,150,37,2138,212,202,121,1300,Krummholz,Leighcan,Comanche Peak
10137,3144,6,18,30,6,1423,195,201,140,2638,Spruce_Fir,Leighcan,Comanche Peak
10138,3048,325,17,182,-6,2534,177,220,182,1355,Spruce_Fir,Catacount,Comanche Peak
10139,3134,337,14,268,30,417,189,221,170,1867,Spruce_Fir,Leighcan,Neota
10140,3311,270,1,808,127,828,216,238,160,1034,Spruce_Fir,Cryaquolis,Neota
10141,3433,146,22,201,2,2610,244,230,103,1080,Krummholz,Cryorthents,Comanche Peak
10142,3342,19,19,830,139,2081,202,195,124,642,Krummholz,Cryorthents,Comanche Peak
10143,3324,348,19,541,121,2178,182,206,161,899,Krummholz,Leighcan,Comanche Peak
10144,3336,0,22,402,133,2206,182,193,144,1036,Spruce_Fir,Leighcan,Comanche Peak
10145,2834,51,17,210,46,1973,226,202,104,2032,Aspen,Catacount,Comanche Peak
10146,3104,295,16,488,-34,2081,172,234,201,612,Spruce_Fir,Leighcan,Comanche Peak
10147,3380,314,17,997,188,1045,171,224,192,769,Spruce_Fir,Cryaquolis,Neota
10148,3369,80,13,750,173,618,237,217,109,324,Krummholz,Leighcan,Neota
10149,3332,34,22,270,95,2210,211,185,101,1167,Krummholz,Leighcan,Comanche Peak
10150,3078,25,16,134,32,1366,210,204,126,2586,Spruce_Fir,Catacount,Comanche Peak
10151,2851,323,14,120,26,2466,183,224,181,2242,Spruce_Fir,Leighcan,Comanche Peak
10152,2912,295,15,30,9,2789,176,235,198,2118,Spruce_Fir,Leighcan,Comanche Peak
10153,3116,291,16,513,-22,2069,174,236,202,577,Spruce_Fir,Leighcan,Comanche Peak
10154,3180,289,17,85,21,731,171,236,204,2114,Spruce_Fir,Cryaquolis,Neota
10155,3458,162,6,932,95,930,226,242,149,300,Krummholz,Cryorthents,Neota
10156,3421,143,12,150,-2,2647,237,237,128,1140,Krummholz,Leighcan,Comanche Peak
10157,3347,344,20,537,144,2245,177,206,165,902,Krummholz,Leighcan,Comanche Peak
10158,3016,38,22,900,256,1610,215,187,98,2106,Spruce_Fir,Catacount,Comanche Peak
10159,2845,51,16,210,62,2015,226,202,105,2092,Aspen,Catacount,Comanche Peak
10160,3186,298,20,67,27,759,159,228,207,2110,Spruce_Fir,Cryaquolis,Neota
10161,3244,54,20,162,38,730,227,192,89,1991,Spruce_Fir,Cryaquolis,Neota
10162,3417,118,22,899,54,808,251,215,80,218,Krummholz,Leighcan,Neota
10163,3361,88,7,67,4,2440,231,228,129,1201,Krummholz,Leighcan,Comanche Peak
10164,3350,353,20,658,147,2230,181,201,154,780,Krummholz,Leighcan,Comanche Peak
10165,2829,62,17,120,40,2100,232,204,99,2136,Aspen,Catacount,Comanche Peak
10166,2804,61,16,30,10,2164,231,206,103,2154,Aspen,Cryaquolis,Comanche Peak
10167,3079,344,14,240,-8,2335,190,217,165,624,Spruce_Fir,Leighcan,Comanche Peak
10168,3389,107,9,789,183,631,235,230,126,216,Krummholz,Leighcan,Neota
10169,3380,95,10,760,183,604,237,225,118,234,Krummholz,Leighcan,Neota
10170,3390,116,14,124,20,2571,244,226,107,1206,Krummholz,Leighcan,Comanche Peak
10171,3379,118,13,85,9,2569,241,228,115,1239,Krummholz,Leighcan,Comanche Peak
10172,3366,113,12,60,-3,2525,240,228,117,1248,Krummholz,Leighcan,Comanche Peak
10173,3338,12,20,124,37,2313,195,195,132,1312,Krummholz,Leighcan,Comanche Peak
10174,3422,118,22,966,212,837,251,215,80,170,Krummholz,Leighcan,Neota
10175,3371,145,11,752,165,579,236,238,132,192,Krummholz,Leighcan,Neota
10176,3163,208,11,201,27,607,212,250,172,2523,Spruce_Fir,Cryaquolis,Neota
10177,3310,157,6,537,96,984,227,241,148,2612,Lodgepole Pine,Catacount,Comanche Peak
10178,3305,41,20,458,91,1041,218,193,101,2610,Lodgepole Pine,Catacount,Comanche Peak
10179,3373,28,26,247,92,2352,200,173,97,1189,Krummholz,Cryorthents,Comanche Peak
10180,3218,34,14,30,4,1705,217,210,125,2409,Spruce_Fir,Leighcan,Comanche Peak
10181,3238,37,21,242,82,1575,214,188,100,2663,Spruce_Fir,Catacount,Comanche Peak
10182,2851,55,18,153,60,2143,229,199,97,2219,Aspen,Catacount,Comanche Peak
10183,3178,316,17,636,39,1998,173,223,190,430,Spruce_Fir,Catacount,Comanche Peak
10184,3426,121,23,973,216,859,251,215,79,175,Krummholz,Leighcan,Neota
10185,3408,124,17,924,198,800,246,226,102,127,Krummholz,Leighcan,Neota
10186,3400,125,14,900,190,771,242,230,113,108,Krummholz,Leighcan,Neota
10187,3194,257,16,446,59,443,180,248,205,2852,Lodgepole Pine,Catacount,Comanche Peak
10188,3223,233,14,618,88,604,197,252,191,2789,Lodgepole Pine,Catacount,Comanche Peak
10189,3385,120,9,60,5,2654,236,233,128,1293,Krummholz,Leighcan,Comanche Peak
10190,3392,27,24,285,111,2385,201,179,104,1154,Spruce_Fir,Cryorthents,Comanche Peak
10191,3380,29,26,228,79,2379,201,173,96,1213,Krummholz,Leighcan,Comanche Peak
10192,3112,329,13,90,24,1530,189,225,175,2391,Spruce_Fir,Leighcan,Comanche Peak
10193,2897,57,19,306,110,2067,230,197,94,2230,Aspen,Catacount,Comanche Peak
10194,2850,53,18,134,53,2186,227,197,97,2254,Aspen,Catacount,Comanche Peak
10195,3263,308,11,492,81,642,190,233,184,218,Spruce_Fir,Leighcan,Neota
10196,3211,101,7,0,0,1273,233,230,130,2701,Spruce_Fir,Catacount,Comanche Peak
10197,3391,118,13,42,-3,2718,242,228,114,1320,Krummholz,Leighcan,Comanche Peak
10198,2863,51,17,175,66,2188,226,202,104,2279,Aspen,Catacount,Comanche Peak
10199,2847,57,20,124,43,2228,229,192,87,2289,Aspen,Catacount,Comanche Peak
10200,2837,58,20,95,33,2249,230,195,89,2295,Aspen,Catacount,Comanche Peak
10201,3398,95,10,890,188,789,236,225,120,95,Krummholz,Leighcan,Neota
10202,3388,107,7,816,178,700,233,232,131,30,Krummholz,Leighcan,Neota
10203,3214,252,3,607,79,551,213,241,166,2856,Lodgepole Pine,Catacount,Comanche Peak
10204,2939,137,8,85,4,2029,233,237,136,2992,Lodgepole Pine,Cryaquolis,Comanche Peak
10205,3405,34,25,242,90,2439,207,176,93,1206,Krummholz,Cryorthents,Comanche Peak
10206,2862,55,17,162,58,2230,228,203,102,2268,Aspen,Catacount,Comanche Peak
10207,3384,20,22,85,24,2444,200,189,119,1383,Krummholz,Leighcan,Comanche Peak
10208,3284,336,23,180,80,1728,161,201,175,2612,Spruce_Fir,Catacount,Comanche Peak
10209,2903,245,25,127,44,2774,160,249,220,2270,Lodgepole Pine,Catacount,Comanche Peak
10210,3121,320,11,268,40,201,192,230,177,1276,Spruce_Fir,Leighcan,Neota
10211,3367,121,18,732,157,633,247,223,97,67,Krummholz,Leighcan,Neota
10212,3145,328,13,108,6,2506,187,224,176,499,Spruce_Fir,Catacount,Comanche Peak
10213,3169,330,17,247,30,2380,177,216,178,382,Spruce_Fir,Catacount,Comanche Peak
10214,3405,36,13,120,45,2506,219,211,126,1350,Krummholz,Leighcan,Comanche Peak
10215,3145,315,3,162,13,300,210,236,164,2791,Spruce_Fir,Leighcan,Neota
10216,3391,58,16,819,181,765,230,206,104,150,Krummholz,Leighcan,Neota
10217,3380,60,10,765,170,706,228,218,122,124,Krummholz,Leighcan,Neota
10218,3363,63,17,685,153,618,233,202,96,134,Krummholz,Leighcan,Neota
10219,3139,344,14,42,5,2681,192,218,164,598,Spruce_Fir,Leighcan,Comanche Peak
10220,3239,359,19,570,100,2170,188,201,148,190,Spruce_Fir,Catacount,Comanche Peak
10221,3359,68,10,706,214,1583,231,220,121,1448,Spruce_Fir,Catacount,Neota
10222,3193,182,15,690,84,430,223,249,154,2913,Lodgepole Pine,Catacount,Comanche Peak
10223,3400,160,8,792,235,1443,228,242,146,1130,Spruce_Fir,Catacount,Neota
10224,3055,61,23,510,30,2177,232,186,75,1924,Spruce_Fir,Catacount,Comanche Peak
10225,2835,41,10,0,0,2569,221,219,132,2148,Spruce_Fir,Cryaquolis,Comanche Peak
10226,3297,261,24,134,50,1112,155,244,223,1549,Spruce_Fir,Leighcan,Neota
10227,3263,110,12,277,57,182,240,227,115,537,Lodgepole Pine,Catacount,Neota
10228,3256,309,14,395,64,564,182,230,188,240,Spruce_Fir,Catacount,Neota
10229,3141,245,12,272,32,127,194,249,192,3111,Lodgepole Pine,Cryaquolis,Comanche Peak
10230,3226,8,15,510,39,1954,201,208,143,1879,Spruce_Fir,Catacount,Comanche Peak
10231,3162,53,20,514,137,2072,226,194,93,1861,Spruce_Fir,Catacount,Comanche Peak
10232,2921,49,21,240,107,2436,223,190,91,2017,Spruce_Fir,Catacount,Comanche Peak
10233,3290,65,26,382,99,984,234,177,58,1761,Spruce_Fir,Leighcan,Neota
10234,3422,98,12,767,-70,870,240,223,111,366,Krummholz,Leighcan,Neota
10235,3419,62,5,787,190,780,224,230,142,323,Krummholz,Cryorthents,Neota
10236,3245,105,11,192,39,120,238,227,118,618,Lodgepole Pine,Catacount,Neota
10237,3204,205,22,832,111,402,201,254,178,2644,Lodgepole Pine,Cryaquolis,Comanche Peak
10238,2990,270,19,234,55,3276,166,243,214,1830,Spruce_Fir,Leighcan,Comanche Peak
10239,3176,345,14,192,25,2829,191,217,164,630,Spruce_Fir,Leighcan,Comanche Peak
10240,3421,125,14,726,-71,900,242,230,113,408,Krummholz,Leighcan,Neota
10241,3415,148,6,779,186,780,228,240,145,351,Krummholz,Cryorthents,Neota
10242,3194,213,19,805,109,376,200,254,184,2617,Lodgepole Pine,Cryaquolis,Comanche Peak
10243,3236,252,9,324,17,920,199,247,186,2310,Lodgepole Pine,Catacount,Comanche Peak
10244,3147,85,20,553,211,1360,244,202,79,2438,Spruce_Fir,Catacount,Comanche Peak
10245,3427,105,12,685,-65,930,240,225,113,450,Krummholz,Leighcan,Neota
10246,3385,160,7,937,204,1224,228,242,147,752,Spruce_Fir,Catacount,Neota
10247,3159,261,6,577,74,247,206,243,176,2780,Lodgepole Pine,Cryaquolis,Comanche Peak
10248,3063,70,23,360,38,2322,238,189,70,1783,Spruce_Fir,Catacount,Comanche Peak
10249,3201,43,17,443,91,3088,221,200,108,902,Spruce_Fir,Leighcan,Comanche Peak
10250,3418,108,7,691,-74,870,232,232,133,443,Krummholz,Leighcan,Neota
10251,3404,121,14,618,175,630,243,228,111,391,Krummholz,Cryorthents,Neota
10252,3221,296,11,564,126,3206,188,237,188,1024,Spruce_Fir,Catacount,Comanche Peak
10253,3322,145,26,534,157,1697,245,225,91,1328,Spruce_Fir,Catacount,Neota
10254,3230,149,23,365,85,1230,243,231,104,1819,Spruce_Fir,Catacount,Neota
10255,3190,120,9,313,56,1020,236,232,127,2024,Spruce_Fir,Catacount,Neota
10256,3161,68,13,240,27,780,233,214,111,2259,Spruce_Fir,Cryaquolis,Neota
10257,3157,201,8,510,71,182,217,247,165,2748,Lodgepole Pine,Cryaquolis,Comanche Peak
10258,3150,208,11,658,57,228,212,251,173,2614,Lodgepole Pine,Cryaquolis,Comanche Peak
10259,3106,258,22,450,80,3314,162,246,219,1475,Spruce_Fir,Catacount,Comanche Peak
10260,3402,92,20,240,90,2423,246,206,80,1983,Krummholz,Leighcan,Comanche Peak
10261,3061,253,16,335,53,3365,183,249,203,1597,Spruce_Fir,Catacount,Comanche Peak
10262,3231,301,27,466,137,408,134,216,217,1008,Spruce_Fir,Leighcan,Neota
10263,3509,118,16,480,16,1291,245,225,104,792,Krummholz,Cryorthents,Neota
10264,3427,141,3,566,-65,962,224,238,150,566,Krummholz,Leighcan,Neota
10265,3198,297,27,390,105,330,136,220,219,916,Spruce_Fir,Leighcan,Neota
10266,3412,60,7,595,-62,875,225,226,135,552,Krummholz,Leighcan,Neota
10267,3398,90,3,659,-55,755,225,234,145,518,Krummholz,Leighcan,Neota
10268,3321,319,21,402,126,577,162,216,192,514,Spruce_Fir,Catacount,Neota
10269,3357,128,11,691,182,1471,238,233,125,1008,Spruce_Fir,Cryaquolis,Neota
10270,3225,188,10,467,17,765,221,248,159,2130,Lodgepole Pine,Catacount,Comanche Peak
10271,2880,326,10,95,18,2835,195,229,173,1922,Spruce_Fir,Leighcan,Comanche Peak
10272,2894,326,10,228,51,2932,195,229,173,2010,Spruce_Fir,Leighcan,Comanche Peak
10273,3303,42,14,120,30,1411,222,209,120,1765,Spruce_Fir,Cryaquolis,Neota
10274,3502,100,10,420,9,1296,237,227,120,830,Krummholz,Cryorthents,Neota
10275,3400,127,2,649,-37,730,223,237,150,543,Krummholz,Cryorthents,Neota
10276,3338,322,13,443,143,612,185,226,180,541,Spruce_Fir,Catacount,Neota
10277,3154,204,9,607,71,192,215,248,168,2449,Lodgepole Pine,Cryaquolis,Comanche Peak
10278,3194,180,20,210,7,2206,223,248,148,1616,Spruce_Fir,Leighcan,Comanche Peak
10279,3295,47,11,404,66,1292,224,216,125,1848,Spruce_Fir,Leighcan,Neota
10280,3213,192,14,492,6,698,218,250,162,2070,Lodgepole Pine,Catacount,Comanche Peak
10281,3043,80,23,469,104,1422,243,193,68,2308,Lodgepole Pine,Catacount,Comanche Peak
10282,3438,95,24,277,52,2589,250,198,64,1892,Krummholz,Leighcan,Comanche Peak
10283,3406,106,18,216,44,2542,248,215,88,1979,Krummholz,Leighcan,Comanche Peak
10284,3243,328,9,573,92,3205,199,230,171,940,Spruce_Fir,Catacount,Comanche Peak
10285,3249,9,21,446,98,3013,191,193,134,713,Spruce_Fir,Leighcan,Comanche Peak
10286,3408,124,2,524,-52,888,222,237,151,636,Krummholz,Leighcan,Neota
10287,3409,55,4,537,-44,859,222,231,145,626,Krummholz,Leighcan,Neota
10288,3334,302,21,450,138,598,158,225,206,603,Spruce_Fir,Catacount,Neota
10289,3364,358,16,658,172,830,193,208,151,626,Spruce_Fir,Catacount,Neota
10290,3188,155,20,636,-23,757,239,237,118,2048,Lodgepole Pine,Catacount,Comanche Peak
10291,3437,96,22,255,51,2614,249,202,70,1900,Krummholz,Leighcan,Comanche Peak
10292,3393,106,19,175,31,2553,248,214,86,2016,Krummholz,Leighcan,Comanche Peak
10293,3219,170,16,175,32,2225,230,245,142,1664,Spruce_Fir,Leighcan,Comanche Peak
10294,3070,170,20,150,45,2462,230,244,135,1515,Spruce_Fir,Leighcan,Comanche Peak
10295,3524,30,10,335,31,1426,217,218,136,979,Krummholz,Cryorthents,Neota
10296,3414,114,9,467,-46,953,235,232,128,685,Krummholz,Leighcan,Neota
10297,3409,67,7,525,-28,837,228,226,132,648,Krummholz,Leighcan,Neota
10298,3393,130,4,595,-28,721,226,237,146,631,Krummholz,Cryorthents,Neota
10299,3527,24,9,323,34,1489,215,220,141,1045,Krummholz,Cryorthents,Neota
10300,3525,30,7,301,32,1401,218,226,143,977,Krummholz,Cryorthents,Neota
10301,3412,283,3,470,-41,902,211,239,167,693,Krummholz,Leighcan,Neota
10302,3393,92,7,573,-20,731,231,229,131,661,Krummholz,Cryorthents,Neota
10303,2983,104,18,162,40,1871,247,215,90,2539,Lodgepole Pine,Catacount,Comanche Peak
10304,3174,139,10,90,-8,2308,236,237,131,1528,Spruce_Fir,Leighcan,Comanche Peak
10305,2973,338,13,108,8,3394,192,222,168,2042,Spruce_Fir,Leighcan,Comanche Peak
10306,3312,359,14,360,-19,1477,199,214,152,1973,Spruce_Fir,Leighcan,Neota
10307,3398,84,7,511,-23,797,230,228,131,696,Krummholz,Cryorthents,Neota
10308,3332,94,13,256,48,2348,240,220,107,1994,Spruce_Fir,Catacount,Comanche Peak
10309,3542,65,5,283,49,1530,225,230,140,1106,Krummholz,Cryorthents,Neota
10310,3400,26,7,509,-9,780,217,225,144,722,Krummholz,Cryorthents,Neota
10311,3170,290,21,218,64,180,156,232,214,646,Spruce_Fir,Leighcan,Neota
10312,3292,272,21,484,186,450,161,241,217,902,Spruce_Fir,Leighcan,Neota
10313,3427,108,5,297,-33,1101,229,234,138,845,Krummholz,Leighcan,Neota
10314,3405,51,7,446,-8,847,224,225,137,760,Krummholz,Cryorthents,Neota
10315,3404,0,9,484,-5,792,206,222,154,752,Krummholz,Cryorthents,Neota
10316,3147,180,11,731,106,722,224,247,154,1914,Lodgepole Pine,Catacount,Comanche Peak
10317,3125,114,10,0,0,2468,238,230,122,1362,Spruce_Fir,Cryaquolis,Comanche Peak
10318,2967,333,19,408,39,3231,173,212,177,1952,Spruce_Fir,Leighcan,Comanche Peak
10319,3424,76,9,323,-13,1025,232,223,124,836,Krummholz,Leighcan,Neota
10320,3417,72,9,335,-20,997,231,223,125,825,Krummholz,Leighcan,Neota
10321,3410,356,7,457,0,805,209,228,157,782,Krummholz,Cryorthents,Neota
10322,3328,73,22,408,99,624,239,193,73,794,Krummholz,Leighcan,Neota
10323,3166,74,6,30,-1,2436,228,228,135,1395,Spruce_Fir,Cryaquolis,Comanche Peak
10324,2910,27,4,30,0,2881,218,230,149,1533,Spruce_Fir,Cryaquolis,Comanche Peak
10325,3532,60,12,150,39,1405,229,215,118,1064,Krummholz,Cryorthents,Neota
10326,3412,20,6,402,2,872,216,228,149,819,Krummholz,Cryorthents,Neota
10327,3408,61,13,458,51,767,230,211,111,810,Krummholz,Cryorthents,Neota
10328,3258,291,23,285,48,458,150,229,216,899,Spruce_Fir,Catacount,Neota
10329,3542,84,7,150,49,1500,231,227,129,1146,Krummholz,Cryorthents,Neota
10330,3449,94,22,150,-16,1243,248,201,71,983,Krummholz,Leighcan,Neota
10331,3420,63,4,283,-1,1020,224,231,143,882,Krummholz,Leighcan,Neota
10332,3237,63,13,85,8,457,231,214,113,967,Lodgepole Pine,Leighcan,Neota
10333,3223,4,3,30,5,421,215,233,155,1050,Lodgepole Pine,Leighcan,Neota
10334,3098,283,16,295,-3,3725,173,239,205,1538,Spruce_Fir,Leighcan,Comanche Peak
10335,3325,300,16,693,174,3120,173,232,198,785,Spruce_Fir,Leighcan,Comanche Peak
10336,3449,89,19,127,-11,1254,245,206,82,1008,Krummholz,Leighcan,Neota
10337,3431,0,1,201,-6,1142,217,236,156,953,Krummholz,Leighcan,Neota
10338,3413,28,9,648,213,750,217,220,139,871,Spruce_Fir,Cryorthents,Neota
10339,3391,20,25,342,33,1167,193,178,111,1682,Spruce_Fir,Cryorthents,Neota
10340,3555,32,7,162,62,1575,219,224,142,1231,Krummholz,Cryorthents,Neota
10341,3278,31,11,0,0,2529,217,216,133,1697,Spruce_Fir,Leighcan,Comanche Peak
10342,3164,56,9,150,-10,2565,226,221,129,1262,Spruce_Fir,Leighcan,Comanche Peak
10343,3051,329,22,283,49,3524,160,207,183,2065,Spruce_Fir,Leighcan,Comanche Peak
10344,3408,93,9,361,63,834,234,227,125,930,Krummholz,Cryorthents,Neota
10345,3416,270,24,607,218,743,150,240,225,934,Spruce_Fir,Catacount,Neota
10346,2980,162,7,150,18,1584,227,242,148,2236,Lodgepole Pine,Cryaquolis,Comanche Peak
10347,3159,43,10,180,-11,2607,222,218,130,1216,Spruce_Fir,Leighcan,Comanche Peak
10348,3567,7,11,180,74,1622,207,218,148,1296,Krummholz,Cryorthents,Neota
10349,3442,144,6,85,4,1261,229,239,143,1073,Krummholz,Cryorthents,Neota
10350,3432,69,6,108,9,1207,226,228,136,1048,Krummholz,Cryorthents,Neota
10351,3419,121,1,242,47,999,221,237,152,977,Krummholz,Cryorthents,Neota
10352,3340,58,23,313,87,722,230,184,75,977,Krummholz,Leighcan,Neota
10353,3369,277,28,524,163,703,134,232,231,977,Spruce_Fir,Catacount,Neota
10354,3052,117,13,480,64,1101,242,228,113,1878,Lodgepole Pine,Cryaquolis,Comanche Peak
10355,3256,33,20,134,3,2580,212,191,107,1510,Spruce_Fir,Leighcan,Comanche Peak
10356,3209,20,11,210,3,2618,212,217,140,1291,Spruce_Fir,Leighcan,Comanche Peak
10357,3575,306,4,218,82,1671,208,237,168,1360,Krummholz,Cryorthents,Neota
10358,3568,108,17,162,75,1616,247,218,93,1321,Krummholz,Cryorthents,Neota
10359,3435,211,7,85,25,1183,215,247,168,1082,Krummholz,Cryorthents,Neota
10360,3436,125,8,108,26,1158,233,235,134,1072,Krummholz,Cryorthents,Neota
10361,3425,11,4,162,53,1082,216,232,153,1048,Krummholz,Cryorthents,Neota
10362,3419,8,5,201,71,1008,214,230,153,1031,Krummholz,Cryorthents,Neota
10363,3253,147,15,300,63,1588,239,237,124,1321,Spruce_Fir,Catacount,Neota
10364,3237,141,15,234,47,1671,241,235,119,1380,Spruce_Fir,Catacount,Neota
10365,3040,22,7,390,52,1146,216,225,146,1868,Spruce_Fir,Leighcan,Comanche Peak
10366,3239,40,20,228,2,2640,218,193,103,1368,Spruce_Fir,Leighcan,Comanche Peak
10367,3122,27,19,247,22,2841,208,194,116,1095,Spruce_Fir,Leighcan,Comanche Peak
10368,3184,300,15,466,60,3715,176,232,196,1399,Spruce_Fir,Leighcan,Comanche Peak
10369,3425,188,9,150,77,1074,221,247,159,1071,Krummholz,Cryorthents,Neota
10370,3177,101,13,256,22,1183,242,222,108,2241,Spruce_Fir,Cryaquolis,Neota
10371,3040,65,9,362,52,1124,229,222,126,1842,Spruce_Fir,Leighcan,Comanche Peak
10372,3230,29,16,270,10,2673,213,204,123,1290,Spruce_Fir,Leighcan,Comanche Peak
10373,3009,82,32,182,48,2970,244,166,27,1142,Spruce_Fir,Catacount,Comanche Peak
10374,3368,147,21,218,73,872,243,232,108,1084,Krummholz,Leighcan,Neota
10375,3354,126,21,210,73,834,250,220,87,1090,Krummholz,Leighcan,Neota
10376,2996,98,11,255,31,1302,238,224,115,1968,Lodgepole Pine,Leighcan,Comanche Peak
10377,3566,21,3,309,73,1761,217,232,152,1468,Krummholz,Cryorthents,Neota
10378,3371,152,29,190,52,934,241,226,93,1110,Krummholz,Leighcan,Neota
10379,3367,155,22,201,48,914,239,236,114,1112,Krummholz,Leighcan,Neota
10380,3324,133,22,153,43,808,248,224,93,1136,Krummholz,Leighcan,Neota
10381,3364,299,27,481,150,778,135,218,218,1142,Spruce_Fir,Catacount,Neota
10382,3242,311,17,661,24,3612,172,226,193,1279,Spruce_Fir,Leighcan,Comanche Peak
10383,3572,6,6,277,79,1718,212,227,153,1452,Krummholz,Cryorthents,Neota
10384,3567,35,9,255,74,1691,219,220,136,1434,Krummholz,Cryorthents,Neota
10385,3566,11,10,216,73,1637,209,220,147,1398,Krummholz,Cryorthents,Neota
10386,3099,166,9,443,15,108,228,244,148,1511,Lodgepole Pine,Cryaquolis,Comanche Peak
10387,3328,137,25,120,33,907,249,221,84,1180,Krummholz,Leighcan,Neota
10388,3473,195,5,693,195,1040,219,244,160,1173,Spruce_Fir,Cryorthents,Neota
10389,3187,2,12,424,35,1129,203,216,151,2430,Spruce_Fir,Cryaquolis,Neota
10390,3225,47,13,408,17,2813,224,212,120,1061,Spruce_Fir,Leighcan,Comanche Peak
10391,3218,319,18,474,0,3788,171,220,189,1458,Spruce_Fir,Leighcan,Comanche Peak
10392,3345,190,7,0,0,1214,220,245,160,1230,Krummholz,Leighcan,Neota
10393,3340,187,24,90,21,1041,215,249,154,1200,Krummholz,Leighcan,Neota
10394,3313,143,19,90,18,916,243,233,110,1213,Krummholz,Leighcan,Neota
10395,3006,121,11,162,18,1134,239,231,121,1800,Lodgepole Pine,Leighcan,Comanche Peak
10396,3578,349,6,342,85,1758,209,230,159,1524,Krummholz,Cryorthents,Neota
10397,3331,163,16,95,20,1008,234,243,134,1231,Krummholz,Leighcan,Neota
10398,3308,138,21,60,13,957,247,227,99,1239,Krummholz,Leighcan,Neota
10399,3299,141,19,60,4,927,244,232,109,1248,Krummholz,Leighcan,Neota
10400,3095,336,25,446,45,3503,155,196,175,1507,Spruce_Fir,Leighcan,Comanche Peak
10401,3574,66,17,277,142,1616,234,204,96,1451,Krummholz,Cryorthents,Neota
10402,3202,3,5,524,47,1146,213,230,155,2527,Spruce_Fir,Cryaquolis,Neota
10403,3155,339,19,552,114,3702,176,209,170,1745,Spruce_Fir,Leighcan,Comanche Peak
10404,3222,335,15,306,18,3960,184,218,173,1632,Spruce_Fir,Leighcan,Comanche Peak
10405,3581,34,5,362,134,1734,219,228,146,1539,Krummholz,Cryorthents,Neota
10406,3309,149,16,42,15,1040,239,238,123,1293,Krummholz,Leighcan,Neota
10407,3295,134,18,0,0,1008,246,229,104,1299,Krummholz,Leighcan,Neota
10408,3199,19,9,474,27,1416,214,222,144,2264,Spruce_Fir,Cryaquolis,Neota
10409,3585,48,6,390,138,1749,223,227,140,1565,Krummholz,Cryorthents,Neota
10410,3336,52,14,30,3,1252,226,210,114,1337,Krummholz,Leighcan,Neota
10411,3304,163,12,30,-1,1082,231,243,141,1321,Krummholz,Leighcan,Neota
10412,3402,353,21,402,170,924,179,198,154,1385,Krummholz,Cryorthents,Neota
10413,3200,325,15,67,2,1959,181,222,180,1725,Spruce_Fir,Cryaquolis,Neota
10414,2985,47,9,30,6,3254,224,220,130,949,Spruce_Fir,Cryaquolis,Comanche Peak
10415,3333,41,18,42,9,1253,219,199,108,1362,Krummholz,Leighcan,Neota
10416,3409,345,27,366,164,942,158,188,162,1433,Krummholz,Catacount,Neota
10417,3412,350,16,470,183,968,189,211,159,1397,Krummholz,Cryorthents,Neota
10418,3234,341,19,255,60,1853,177,208,168,1931,Lodgepole Pine,Catacount,Neota
10419,2988,348,9,30,5,3305,203,225,161,960,Spruce_Fir,Cryaquolis,Comanche Peak
10420,3003,315,16,67,0,3408,176,226,189,1126,Spruce_Fir,Leighcan,Comanche Peak
10421,3337,40,15,60,13,1256,220,207,118,1388,Krummholz,Leighcan,Neota
10422,3322,85,12,67,0,1200,237,220,112,1381,Krummholz,Leighcan,Neota
10423,3422,3,16,433,183,983,196,207,146,1442,Krummholz,Cryorthents,Neota
10424,3187,337,22,488,80,3728,165,203,174,1583,Lodgepole Pine,Leighcan,Comanche Peak
10425,3598,20,15,342,61,1848,208,207,133,1673,Krummholz,Cryorthents,Neota
10426,3318,96,12,95,-5,1224,239,222,111,1411,Krummholz,Leighcan,Neota
10427,3433,342,14,551,204,1044,189,217,166,1442,Krummholz,Cryorthents,Neota
10428,3218,49,18,0,0,1822,225,197,100,1673,Lodgepole Pine,Cryaquolis,Neota
10429,3255,21,25,402,78,1731,195,179,111,2103,Lodgepole Pine,Catacount,Neota
10430,2977,6,6,0,0,1182,212,227,153,1761,Lodgepole Pine,Cryaquolis,Comanche Peak
10431,3204,352,17,516,79,3805,188,208,156,1651,Spruce_Fir,Leighcan,Comanche Peak
10432,3608,10,12,313,71,1864,206,215,145,1698,Krummholz,Cryorthents,Neota
10433,3606,14,14,306,69,1839,206,210,139,1682,Krummholz,Cryorthents,Neota
10434,3335,346,31,180,57,1055,145,174,157,1492,Spruce_Fir,Leighcan,Neota
10435,3439,356,12,541,207,1063,200,218,155,1477,Krummholz,Cryorthents,Neota
10436,3472,309,15,524,159,1154,179,230,191,1443,Krummholz,Cryorthents,Neota
10437,3464,312,13,525,136,1155,185,230,185,1478,Krummholz,Cryorthents,Neota
10438,3254,4,23,553,73,1621,183,189,137,2278,Lodgepole Pine,Catacount,Neota
10439,3230,97,6,666,61,1442,230,231,135,2466,Lodgepole Pine,Cryaquolis,Neota
10440,2990,18,7,42,0,993,215,226,148,1592,Lodgepole Pine,Cryaquolis,Comanche Peak
10441,3622,9,10,283,85,1801,209,221,149,1781,Krummholz,Cryorthents,Neota
10442,3608,122,11,242,71,1848,238,232,123,1719,Krummholz,Cryorthents,Neota
10443,3603,128,17,240,66,1824,246,227,104,1705,Krummholz,Cryorthents,Neota
10444,3434,105,22,242,85,1506,250,207,74,1550,Krummholz,Leighcan,Neota
10445,3397,342,39,256,120,1095,114,153,160,1575,Krummholz,Leighcan,Neota
10446,3453,338,13,553,118,1148,192,222,168,1519,Krummholz,Cryorthents,Neota
10447,3455,354,11,552,206,1136,202,221,157,1579,Krummholz,Cryorthents,Neota
10448,3459,355,15,573,124,1158,193,211,155,1559,Krummholz,Cryorthents,Neota
10449,3474,326,14,474,146,1209,185,224,178,1537,Krummholz,Cryorthents,Neota
10450,3144,101,21,335,86,3302,249,206,75,582,Spruce_Fir,Catacount,Comanche Peak
10451,3226,315,12,90,8,4228,187,230,183,1894,Spruce_Fir,Leighcan,Comanche Peak
10452,3477,106,12,228,-34,1655,241,225,111,1651,Krummholz,Leighcan,Neota
10453,3456,340,39,323,178,1150,112,154,163,1641,Krummholz,Leighcan,Neota
10454,3468,342,26,350,187,1144,156,190,166,1661,Krummholz,Leighcan,Neota
10455,3422,337,29,234,123,1233,144,186,173,1613,Krummholz,Leighcan,Neota
10456,3246,351,16,42,3,1855,190,212,158,1784,Lodgepole Pine,Cryaquolis,Neota
10457,3246,21,7,816,71,1434,215,224,146,2658,Lodgepole Pine,Cryaquolis,Neota
10458,3469,102,15,162,38,1676,244,219,100,1698,Krummholz,Leighcan,Neota
10459,3474,6,14,552,129,1230,202,213,146,1660,Krummholz,Cryorthents,Neota
10460,3331,11,14,806,195,3247,204,211,142,816,Spruce_Fir,Leighcan,Comanche Peak
10461,3319,15,14,658,201,3267,207,210,138,658,Spruce_Fir,Leighcan,Comanche Peak
10462,3260,53,14,309,78,4207,227,209,112,1950,Spruce_Fir,Leighcan,Comanche Peak
10463,3480,107,17,134,-22,1739,247,218,94,1746,Krummholz,Leighcan,Neota
10464,3340,83,6,0,0,1473,228,230,137,1657,Krummholz,Leighcan,Neota
10465,3480,320,25,361,186,1259,147,207,195,1695,Krummholz,Leighcan,Neota
10466,3499,344,21,400,209,1243,173,203,165,1718,Krummholz,Cryorthents,Neota
10467,3490,21,11,443,212,1231,213,217,140,1756,Krummholz,Cryorthents,Neota
10468,3481,6,13,594,221,1243,203,214,147,1710,Krummholz,Cryorthents,Neota
10469,3032,56,7,210,36,646,225,226,135,1260,Lodgepole Pine,Cryaquolis,Comanche Peak
10470,3487,100,18,95,-15,1782,247,213,89,1784,Krummholz,Leighcan,Neota
10471,3349,73,16,0,0,1531,237,209,99,1693,Krummholz,Leighcan,Neota
10472,3489,300,23,382,192,1289,151,224,210,1725,Krummholz,Leighcan,Neota
10473,3492,22,9,484,214,1260,214,220,141,1794,Krummholz,Cryorthents,Neota
10474,3491,358,9,516,210,1260,207,224,155,1784,Krummholz,Cryorthents,Neota
10475,3130,110,27,255,50,3429,254,200,56,424,Spruce_Fir,Leighcan,Comanche Peak
10476,3265,288,15,424,71,4095,175,237,201,1674,Spruce_Fir,Leighcan,Comanche Peak
10477,3374,110,19,30,9,1608,249,215,86,1736,Krummholz,Leighcan,Neota
10478,3351,329,13,0,0,1477,187,223,175,1711,Krummholz,Leighcan,Neota
10479,3391,319,25,134,25,1410,147,208,197,1712,Krummholz,Leighcan,Neota
10480,3515,337,7,458,68,1302,204,230,165,1776,Krummholz,Cryorthents,Neota
10481,3078,321,14,85,-1,3757,184,226,182,981,Spruce_Fir,Leighcan,Comanche Peak
10482,3209,278,17,258,54,4020,172,241,207,1492,Spruce_Fir,Leighcan,Comanche Peak
10483,3353,68,10,0,0,1581,231,220,121,1753,Krummholz,Leighcan,Neota
10484,3455,289,20,268,26,1376,161,234,211,1761,Krummholz,Cryorthents,Neota
10485,3502,19,12,551,219,1320,211,214,138,1851,Krummholz,Cryorthents,Neota
10486,3502,3,12,573,135,1325,203,216,150,1813,Krummholz,Cryorthents,Neota
10487,3419,77,20,0,0,1729,241,199,80,1819,Krummholz,Leighcan,Neota
10488,3381,295,18,60,15,1490,167,232,205,1770,Krummholz,Leighcan,Neota
10489,3506,251,14,376,59,1371,187,249,199,1819,Krummholz,Cryorthents,Neota
10490,3507,1,12,488,146,1366,202,216,151,1819,Krummholz,Cryorthents,Neota
10491,3277,19,11,30,0,2132,212,216,140,2043,Lodgepole Pine,Leighcan,Neota
10492,3415,301,20,108,14,1482,159,227,206,1804,Krummholz,Leighcan,Neota
10493,3493,256,18,335,46,1406,176,248,208,1842,Krummholz,Cryorthents,Neota
10494,3509,255,8,418,62,1392,202,246,182,1863,Krummholz,Cryorthents,Neota
10495,3511,12,11,531,141,1385,209,217,145,1871,Krummholz,Cryorthents,Neota
10496,3464,42,24,30,0,1804,216,180,88,1908,Krummholz,Leighcan,Neota
10497,3366,359,14,0,0,1657,199,214,152,1842,Krummholz,Leighcan,Neota
10498,3438,305,23,150,9,1489,151,221,207,1839,Krummholz,Leighcan,Neota
10499,3468,309,15,216,21,1463,178,229,191,1850,Krummholz,Cryorthents,Neota
10500,3496,265,12,351,49,1430,190,245,194,1878,Krummholz,Cryorthents,Neota
10501,3523,3,14,569,144,1410,200,212,148,1926,Krummholz,Cryorthents,Neota
10502,3352,13,5,430,131,2083,215,229,151,2329,Lodgepole Pine,Catacount,Neota
10503,3101,344,20,212,10,3841,177,206,165,882,Spruce_Fir,Leighcan,Comanche Peak
10504,3436,312,23,108,7,1528,152,216,202,1866,Krummholz,Leighcan,Neota
10505,3160,124,24,255,48,3560,252,215,77,268,Spruce_Fir,Catacount,Comanche Peak
10506,3472,75,17,90,-1,1786,238,207,94,1958,Krummholz,Leighcan,Neota
10507,3515,325,4,424,68,1478,210,235,163,1958,Krummholz,Cryorthents,Neota
10508,3303,40,11,30,7,2122,221,215,127,2093,Lodgepole Pine,Leighcan,Neota
10509,3304,133,26,509,160,3528,250,216,76,552,Spruce_Fir,Leighcan,Comanche Peak
10510,3083,29,7,0,0,3681,218,224,142,319,Spruce_Fir,Cryaquolis,Comanche Peak
10511,3290,348,11,342,67,4568,199,222,161,2140,Spruce_Fir,Leighcan,Comanche Peak
10512,3450,95,18,120,-13,1813,246,210,86,1972,Krummholz,Leighcan,Neota
10513,3442,94,19,124,22,1837,247,207,81,1965,Krummholz,Leighcan,Neota
10514,3399,347,16,67,24,1719,188,212,162,1928,Krummholz,Leighcan,Neota
10515,3295,33,22,800,4,1860,210,187,104,2673,Lodgepole Pine,Catacount,Neota
10516,3409,348,16,134,40,1717,189,213,161,1954,Krummholz,Leighcan,Neota
10517,3447,316,26,0,0,1633,144,209,200,1952,Krummholz,Leighcan,Neota
10518,3527,336,6,480,33,1533,206,231,164,2032,Krummholz,Cryorthents,Neota
10519,3532,225,1,484,84,1530,217,239,159,2049,Krummholz,Cryorthents,Neota
10520,3097,48,6,0,0,3713,223,226,139,212,Spruce_Fir,Cryaquolis,Comanche Peak
10521,3500,313,12,270,53,1589,187,230,183,2012,Krummholz,Cryorthents,Neota
10522,3346,25,9,759,125,1982,216,221,141,2636,Lodgepole Pine,Catacount,Neota
10523,3457,335,25,60,18,1710,155,197,176,2010,Krummholz,Leighcan,Neota
10524,3154,112,17,212,22,3690,247,220,96,228,Spruce_Fir,Catacount,Comanche Peak
10525,3516,316,17,285,22,1642,174,224,189,2077,Krummholz,Cryorthents,Neota
10526,3529,324,15,342,35,1634,181,223,181,2089,Krummholz,Cryorthents,Neota
10527,3135,347,28,242,60,3912,156,183,157,514,Spruce_Fir,Leighcan,Comanche Peak
10528,3514,332,16,218,20,1683,181,218,176,2096,Krummholz,Cryorthents,Neota
10529,3522,322,18,277,28,1672,172,219,186,2106,Krummholz,Cryorthents,Neota
10530,3515,325,17,182,21,1718,175,219,183,2121,Krummholz,Cryorthents,Neota
10531,3520,330,18,212,26,1712,174,215,180,2126,Krummholz,Cryorthents,Neota
10532,3547,343,9,391,53,1687,202,226,163,2161,Krummholz,Cryorthents,Neota
10533,3227,319,10,0,0,4339,193,231,177,1410,Spruce_Fir,Leighcan,Comanche Peak
10534,3525,330,21,180,31,1747,165,209,181,2151,Krummholz,Cryorthents,Neota
10535,3280,36,2,511,10,3677,219,234,152,1103,Krummholz,Cryorthents,Comanche Peak
10536,3552,331,21,270,58,1761,165,208,180,2195,Krummholz,Cryorthents,Neota
10537,3281,7,6,540,11,3641,213,229,153,1008,Krummholz,Leighcan,Comanche Peak
10538,3550,340,21,210,56,1800,170,204,170,2215,Krummholz,Cryorthents,Neota
10539,3171,113,15,228,17,3840,245,223,103,400,Spruce_Fir,Catacount,Comanche Peak
10540,3284,352,7,570,14,3664,208,228,158,997,Krummholz,Cryorthents,Comanche Peak
10541,3571,333,20,270,77,1820,170,210,177,2254,Krummholz,Cryorthents,Neota
10542,3571,66,16,360,77,1809,234,207,101,2271,Krummholz,Cryorthents,Neota
10543,3376,97,8,633,105,2174,233,229,129,2713,Spruce_Fir,Leighcan,Neota
10544,3260,171,10,484,86,3840,227,245,149,849,Spruce_Fir,Catacount,Comanche Peak
10545,3235,347,18,297,39,4308,184,209,162,1116,Spruce_Fir,Catacount,Comanche Peak
10546,3288,342,9,600,18,3688,201,226,164,987,Krummholz,Cryorthents,Comanche Peak
10547,3295,66,8,466,4,1631,229,224,128,3161,Lodgepole Pine,Catacount,Neota
10548,3585,343,13,247,91,1884,193,219,165,2308,Krummholz,Cryorthents,Neota
10549,3143,12,8,30,7,4009,212,224,149,190,Spruce_Fir,Cryaquolis,Comanche Peak
10550,3251,343,9,467,74,4290,202,227,163,947,Spruce_Fir,Catacount,Comanche Peak
10551,3591,337,16,216,87,1953,182,215,171,2359,Krummholz,Cryorthents,Neota
10552,3598,345,13,268,104,1943,195,220,163,2368,Krummholz,Cryorthents,Neota
10553,3340,124,16,633,159,3964,245,227,106,1194,Spruce_Fir,Catacount,Comanche Peak
10554,3195,318,18,162,-1,4158,171,221,189,404,Spruce_Fir,Leighcan,Comanche Peak
10555,3224,305,18,228,11,4213,168,228,199,492,Spruce_Fir,Leighcan,Comanche Peak
10556,3256,102,21,361,75,4050,249,208,78,959,Spruce_Fir,Catacount,Comanche Peak
10557,3418,113,16,484,-46,2047,246,221,98,2835,Spruce_Fir,Leighcan,Neota
10558,3643,129,3,218,94,2131,225,237,147,2538,Krummholz,Cryorthents,Neota
10559,3635,183,10,182,86,2155,223,247,156,2571,Krummholz,Cryorthents,Neota
10560,3378,111,11,495,75,1905,240,228,117,2974,Spruce_Fir,Leighcan,Neota
10561,3220,357,9,134,29,4331,207,225,156,514,Spruce_Fir,Catacount,Comanche Peak
10562,3316,317,12,658,82,4618,188,230,181,1114,Spruce_Fir,Leighcan,Comanche Peak
10563,3124,196,18,870,276,4395,213,252,167,1561,Lodgepole Pine,Catacount,Comanche Peak
10564,3344,90,12,319,41,1724,239,220,110,3155,Spruce_Fir,Leighcan,Neota
10565,3365,121,11,277,47,1698,239,231,121,3185,Spruce_Fir,Leighcan,Neota
10566,3256,138,14,90,-7,1300,241,234,119,3120,Lodgepole Pine,Cryaquolis,Neota
10567,3289,297,2,42,9,1415,213,238,163,3330,Lodgepole Pine,Cryaquolis,Neota
10568,3229,132,19,30,8,1120,247,227,100,2940,Lodgepole Pine,Cryaquolis,Neota
10569,3378,95,8,242,39,1744,234,228,126,3166,Spruce_Fir,Leighcan,Neota
10570,3076,161,17,757,248,4533,235,242,132,1554,Lodgepole Pine,Catacount,Comanche Peak
10571,3202,329,17,192,23,4526,178,218,179,872,Spruce_Fir,Catacount,Comanche Peak
10572,3257,324,17,295,28,4583,175,220,183,780,Spruce_Fir,Catacount,Comanche Peak
10573,3308,53,10,0,0,1374,226,219,127,3504,Lodgepole Pine,Leighcan,Neota
10574,3322,18,4,0,0,1398,217,231,152,3483,Lodgepole Pine,Leighcan,Neota
10575,3161,77,13,108,13,713,236,216,108,2589,Lodgepole Pine,Cryaquolis,Neota
10576,3069,243,25,808,-21,4143,162,250,218,1198,Lodgepole Pine,Catacount,Comanche Peak
10577,3184,199,11,258,93,3697,216,250,167,658,Lodgepole Pine,Catacount,Comanche Peak
10578,3183,165,12,218,92,3638,230,244,143,595,Lodgepole Pine,Catacount,Comanche Peak
10579,3352,99,11,30,-2,1612,238,225,117,3357,Spruce_Fir,Cryaquolis,Neota
10580,3269,37,7,175,-1,1087,220,224,140,3132,Lodgepole Pine,Cryaquolis,Neota
10581,2966,173,32,759,138,4334,220,236,122,1499,Lodgepole Pine,Catacount,Comanche Peak
10582,3253,75,5,362,-20,900,227,230,137,3093,Lodgepole Pine,Cryaquolis,Neota
10583,2839,218,20,658,77,4105,195,254,190,1574,Lodgepole Pine,Catacount,Comanche Peak
10584,2899,216,34,765,152,3960,164,247,198,1423,Lodgepole Pine,Catacount,Comanche Peak
10585,3386,207,15,295,41,2440,208,253,176,3393,Spruce_Fir,Catacount,Neota
10586,2837,232,15,642,85,4021,194,252,193,1556,Lodgepole Pine,Catacount,Comanche Peak
10587,3372,70,11,395,17,1104,232,218,117,3808,Spruce_Fir,Leighcan,Neota
10588,2995,155,30,134,58,3376,239,226,93,1061,Lodgepole Pine,Catacount,Comanche Peak
10589,3139,129,7,212,61,150,231,236,137,2305,Spruce_Fir,Catacount,Neota
10590,2868,237,25,674,145,3822,167,252,214,1468,Lodgepole Pine,Catacount,Comanche Peak
10591,3388,120,13,324,55,1099,242,229,114,3918,Spruce_Fir,Leighcan,Neota
10592,2978,157,27,240,41,3407,238,232,106,1199,Lodgepole Pine,Catacount,Comanche Peak
10593,2978,225,37,153,-2,3097,144,244,212,1041,Lodgepole Pine,Catacount,Comanche Peak
10594,3326,116,15,247,-6,849,245,224,105,3631,Lodgepole Pine,Catacount,Neota
10595,2881,214,29,600,172,3662,179,252,193,1507,Lodgepole Pine,Catacount,Comanche Peak
10596,3145,123,16,170,67,127,246,226,103,2613,Spruce_Fir,Catacount,Neota
10597,3025,244,6,297,94,2582,208,245,175,1253,Lodgepole Pine,Cryorthents,Comanche Peak
10598,3307,92,16,210,9,2387,243,214,95,3803,Krummholz,Catacount,Neota
10599,2902,216,27,90,25,2997,182,253,194,1259,Lodgepole Pine,Catacount,Comanche Peak
10600,3402,137,21,277,73,1018,247,226,97,4089,Lodgepole Pine,Leighcan,Neota
10601,3200,187,11,30,-4,2240,221,248,159,3917,Spruce_Fir,Cryaquolis,Neota
10602,3399,134,15,660,70,1207,242,232,115,4055,Spruce_Fir,Leighcan,Neota
10603,2786,221,21,319,87,3658,190,254,194,1786,Lodgepole Pine,Catacount,Comanche Peak
10604,3285,215,11,212,0,1846,209,251,176,3933,Spruce_Fir,Catacount,Neota
10605,3277,100,18,30,-6,2495,247,212,88,3989,Krummholz,Catacount,Neota
10606,3293,125,28,108,-37,633,253,208,63,3728,Lodgepole Pine,Leighcan,Neota
10607,3325,107,18,60,-11,2363,248,216,89,4004,Krummholz,Cryaquolis,Neota
10608,3277,91,18,0,0,2505,244,209,88,4019,Krummholz,Catacount,Neota
10609,2834,172,21,170,-8,3031,228,244,137,1518,Lodgepole Pine,Catacount,Comanche Peak
10610,3336,103,14,30,-6,2318,243,221,103,4029,Krummholz,Cryaquolis,Neota
10611,3312,82,15,30,5,2402,240,212,98,4036,Krummholz,Cryaquolis,Neota
10612,3180,147,8,30,0,2239,232,239,140,4045,Spruce_Fir,Cryaquolis,Neota
10613,3355,253,23,607,-1,1464,163,248,219,4065,Spruce_Fir,Catacount,Neota
10614,3287,212,13,417,134,1634,209,252,177,4091,Spruce_Fir,Catacount,Neota
10615,2919,220,32,134,12,2440,167,250,202,1544,Lodgepole Pine,Catacount,Comanche Peak
10616,2711,172,22,216,35,3477,228,244,136,1897,Lodgepole Pine,Catacount,Comanche Peak
10617,3298,130,22,201,-23,658,249,222,89,4014,Lodgepole Pine,Catacount,Neota
10618,3255,196,21,295,102,1634,210,252,167,4175,Spruce_Fir,Catacount,Neota
10619,2701,201,20,212,45,3342,207,253,173,1883,Lodgepole Pine,Catacount,Comanche Peak
10620,2877,203,34,228,-9,2357,181,246,176,1638,Lodgepole Pine,Catacount,Comanche Peak
10621,3376,192,12,807,238,1061,219,249,162,4315,Lodgepole Pine,Catacount,Neota
10622,3120,173,8,234,42,124,225,244,152,3409,Spruce_Fir,Leighcan,Neota
10623,3188,80,19,162,14,2174,241,202,84,4298,Spruce_Fir,Cryaquolis,Neota
10624,3111,169,10,212,33,108,228,244,148,3462,Spruce_Fir,Leighcan,Neota
10625,3350,176,14,726,21,870,226,247,149,4468,Spruce_Fir,Catacount,Neota
10626,3108,180,9,228,30,150,224,246,155,3556,Lodgepole Pine,Leighcan,Neota
10627,3175,124,19,418,-146,319,248,222,94,3841,Lodgepole Pine,Leighcan,Neota
10628,3336,139,9,684,7,764,234,238,135,4519,Spruce_Fir,Catacount,Neota
10629,2620,202,15,190,20,3019,211,252,172,1994,Aspen,Catacount,Comanche Peak
10630,3157,38,8,90,3,1784,220,222,137,4445,Spruce_Fir,Leighcan,Neota
10631,3293,70,19,192,10,2214,237,198,85,4526,Spruce_Fir,Leighcan,Neota
10632,2602,173,9,108,8,2980,226,245,151,2079,Aspen,Vanet,Comanche Peak
10633,2593,169,10,67,1,2955,228,244,148,2135,Aspen,Vanet,Comanche Peak
10634,2607,137,12,120,-8,2603,238,235,125,2037,Lodgepole Pine,Catacount,Comanche Peak
10635,2838,201,16,474,-7,1431,212,252,171,752,Lodgepole Pine,Catacount,Comanche Peak
10636,2700,165,14,240,48,3643,232,244,140,2514,Lodgepole Pine,Catacount,Comanche Peak
10637,3220,215,24,309,82,955,189,254,191,4676,Lodgepole Pine,Leighcan,Neota
10638,2696,190,27,234,71,1908,210,248,157,1505,Lodgepole Pine,Catacount,Comanche Peak
10639,2623,199,25,323,116,2007,203,252,170,1693,Ponderosa Pine,Vanet,Comanche Peak
10640,2606,192,22,309,99,2017,213,251,162,1727,Ponderosa Pine,Vanet,Comanche Peak
10641,2613,195,26,285,106,1965,205,250,165,1667,Ponderosa Pine,Vanet,Comanche Peak
10642,2634,200,28,201,30,1864,197,251,172,1549,Ponderosa Pine,Vanet,Comanche Peak
10643,2766,185,19,361,-28,1360,220,250,155,902,Lodgepole Pine,Catacount,Comanche Peak
10644,2607,202,26,242,100,1899,198,252,174,1613,Ponderosa Pine,Vanet,Comanche Peak
10645,3305,23,10,170,10,1825,214,218,139,4867,Spruce_Fir,Leighcan,Neota
10646,2554,144,11,0,0,2771,236,238,132,2365,Lodgepole Pine,Cryaquolis,Comanche Peak
10647,2572,176,15,256,25,2106,226,247,149,1889,Ponderosa Pine,Vanet,Comanche Peak
10648,2560,191,14,134,13,2202,218,250,162,2012,Aspen,Vanet,Comanche Peak
10649,2562,190,15,162,15,2175,219,250,161,1983,Aspen,Vanet,Comanche Peak
10650,2563,187,15,190,16,2148,220,250,158,1953,Aspen,Vanet,Comanche Peak
10651,3144,37,10,67,7,1104,220,219,133,4899,Spruce_Fir,Leighcan,Neota
10652,2554,170,13,218,23,2026,229,245,145,1842,Ponderosa Pine,Vanet,Comanche Peak
10653,2551,171,18,175,42,1945,229,245,140,1754,Ponderosa Pine,Vanet,Comanche Peak
10654,2559,196,23,124,52,1839,207,252,167,1637,Ponderosa Pine,Vanet,Comanche Peak
10655,2542,167,16,150,33,1932,231,244,139,1761,Ponderosa Pine,Vanet,Comanche Peak
10656,2710,191,26,443,-45,1209,210,249,158,939,Lodgepole Pine,Haploborolis,Comanche Peak
10657,3290,45,16,426,22,1570,223,204,111,4959,Spruce_Fir,Leighcan,Neota
10658,2542,190,9,60,-4,2223,220,248,161,2089,Ponderosa Pine,Vanet,Comanche Peak
10659,2715,214,29,210,-20,990,179,252,193,703,Lodgepole Pine,Haploborolis,Comanche Peak
10660,2737,204,16,30,1,875,210,253,174,541,Lodgepole Pine,Haploborolis,Comanche Peak
10661,2531,92,6,30,0,2524,230,231,135,2418,Douglas-fir,Cryaquolis,Comanche Peak
10662,2538,175,8,30,-3,2268,225,244,153,2154,Ponderosa Pine,Vanet,Comanche Peak
10663,2534,250,13,0,0,2287,190,249,196,2190,Ponderosa Pine,Cryaquolis,Comanche Peak
10664,2533,54,6,90,2,2506,224,227,138,2431,Douglas-fir,Cryaquolis,Comanche Peak
10665,2523,79,5,60,0,2420,226,231,139,2343,Douglas-fir,Cryaquolis,Comanche Peak
10666,2505,153,4,0,0,1745,225,240,150,1651,Douglas-fir,Cryaquolis,Comanche Peak
10667,2694,214,32,150,-41,882,173,249,193,722,Lodgepole Pine,Haploborolis,Comanche Peak
10668,2712,209,24,90,-23,849,195,254,183,684,Lodgepole Pine,Haploborolis,Comanche Peak
10669,2521,179,12,0,0,2030,225,247,153,1983,Douglas-fir,Cryaquolis,Comanche Peak
10670,2521,174,12,0,0,2002,227,246,150,1954,Douglas-fir,Cryaquolis,Comanche Peak
10671,2506,189,17,0,0,1611,219,250,159,1560,Douglas-fir,Cryaquolis,Comanche Peak
10672,2514,72,3,0,0,1964,223,233,146,1935,Douglas-fir,Cryaquolis,Comanche Peak
10673,2506,72,5,0,0,1879,226,230,138,1851,Douglas-fir,Cryaquolis,Comanche Peak
10674,2521,3,13,30,6,1983,202,215,149,1974,Douglas-fir,Cryaquolis,Comanche Peak
10675,2511,22,12,30,2,1869,212,214,137,1861,Douglas-fir,Cryaquolis,Comanche Peak
10676,2507,331,6,0,0,1477,205,232,166,1476,Douglas-fir,Cryaquolis,Comanche Peak
10677,2564,204,34,190,75,1132,182,247,178,1140,Lodgepole Pine,Haploborolis,Comanche Peak
10678,2712,161,9,450,-23,573,230,242,144,700,Lodgepole Pine,Cryorthents,Comanche Peak
10679,2634,201,27,90,-53,703,197,251,174,834,Lodgepole Pine,Haploborolis,Comanche Peak
10680,2491,34,3,0,0,1226,219,232,149,1374,Douglas-fir,Cryaquolis,Comanche Peak
10681,3305,9,16,607,168,1150,200,206,140,5340,Spruce_Fir,Leighcan,Neota
10682,3266,77,17,488,130,949,239,206,91,5344,Spruce_Fir,Leighcan,Neota
10683,2628,48,13,532,58,2966,224,211,118,2858,Spruce_Fir,Catacount,Comanche Peak
10684,2490,244,17,42,8,953,183,251,203,1209,Douglas-fir,Vanet,Comanche Peak
10685,2593,3,20,127,31,2092,189,198,143,2255,Lodgepole Pine,Catacount,Comanche Peak
10686,2583,10,7,240,67,1677,213,226,151,1883,Lodgepole Pine,Catacount,Comanche Peak
10687,2630,85,14,497,24,2893,239,216,104,2724,Spruce_Fir,Catacount,Comanche Peak
10688,2526,56,14,0,0,1436,228,211,113,1698,Lodgepole Pine,Catacount,Comanche Peak
10689,2672,182,11,153,18,485,223,247,156,691,Lodgepole Pine,Cryorthents,Comanche Peak
10690,2608,34,14,124,38,2502,217,210,125,2552,Lodgepole Pine,Catacount,Comanche Peak
10691,2477,352,13,0,0,787,196,217,158,1249,Douglas-fir,Catacount,Comanche Peak
10692,2602,213,20,319,167,297,198,254,186,726,Lodgepole Pine,Haploborolis,Comanche Peak
10693,2633,50,18,466,-77,2886,225,199,101,2643,Spruce_Fir,Catacount,Comanche Peak
10694,2630,27,19,242,79,2048,208,194,116,2282,Lodgepole Pine,Catacount,Comanche Peak
10695,2451,193,25,30,2,324,209,250,162,1057,Douglas-fir,Cryaquolis,Comanche Peak
10696,2438,98,7,30,-14,362,232,230,130,1091,Douglas-fir,Cryaquolis,Comanche Peak
10697,2440,199,9,30,-3,201,217,248,165,932,Douglas-fir,Cryaquolis,Comanche Peak
10698,2674,21,23,424,-49,2881,197,184,115,2536,Spruce_Fir,Catacount,Comanche Peak
10699,3140,108,10,270,29,323,238,228,120,5527,Spruce_Fir,Cryaquolis,Neota
10700,2661,335,27,124,63,2280,148,192,177,2292,Lodgepole Pine,Leighcan,Comanche Peak
10701,2546,314,17,67,28,660,173,225,191,1328,Lodgepole Pine,Catacount,Comanche Peak
10702,3154,97,10,446,28,424,236,226,120,5711,Spruce_Fir,Cryaquolis,Neota
10703,2712,17,24,366,-29,2880,192,182,118,2457,Spruce_Fir,Catacount,Comanche Peak
10704,3160,77,9,470,49,424,232,223,122,5753,Spruce_Fir,Cryaquolis,Neota
10705,3147,108,8,424,27,382,235,231,128,5702,Spruce_Fir,Cryaquolis,Neota
10706,2808,10,11,618,76,3361,208,218,146,2694,Spruce_Fir,Catacount,Comanche Peak
10707,2563,5,8,192,45,577,210,225,152,1216,Lodgepole Pine,Catacount,Comanche Peak
10708,2757,34,28,335,0,2073,203,166,84,2101,Lodgepole Pine,Leighcan,Comanche Peak
10709,2590,38,12,0,0,1124,220,214,127,1727,Lodgepole Pine,Catacount,Comanche Peak
10710,2835,14,10,525,22,3337,210,218,144,2558,Spruce_Fir,Catacount,Comanche Peak
10711,2812,44,15,192,21,2058,222,205,113,1948,Lodgepole Pine,Catacount,Comanche Peak
10712,2585,207,2,95,7,769,218,241,160,1328,Ponderosa Pine,Catacount,Comanche Peak
10713,2582,188,7,85,5,752,221,246,159,1296,Ponderosa Pine,Catacount,Comanche Peak
10714,2707,71,18,0,0,1742,237,203,90,1860,Lodgepole Pine,Catacount,Comanche Peak
10715,2590,60,9,153,12,987,228,221,126,1533,Douglas-fir,Catacount,Comanche Peak
10716,2578,90,6,67,0,902,229,231,136,1443,Douglas-fir,Catacount,Comanche Peak
10717,2579,185,5,67,2,738,221,244,158,1263,Ponderosa Pine,Catacount,Comanche Peak
10718,2572,34,14,297,38,382,217,210,125,782,Lodgepole Pine,Catacount,Comanche Peak
10719,2618,44,13,190,8,1120,222,210,120,1650,Douglas-fir,Catacount,Comanche Peak
10720,2577,21,4,0,0,819,217,231,151,1320,Douglas-fir,Catacount,Comanche Peak
10721,2810,118,18,30,5,2881,248,221,94,2105,Lodgepole Pine,Leighcan,Comanche Peak
10722,2574,94,8,0,0,757,232,229,129,1230,Douglas-fir,Catacount,Comanche Peak
10723,2567,105,11,30,-6,750,239,226,116,1200,Douglas-fir,Catacount,Comanche Peak
10724,2562,125,10,0,0,726,237,233,126,1170,Douglas-fir,Vanet,Comanche Peak
10725,2555,121,10,0,0,722,237,232,125,1142,Douglas-fir,Catacount,Comanche Peak
10726,2553,93,10,30,-1,743,236,225,120,1144,Douglas-fir,Catacount,Comanche Peak
10727,2530,142,9,0,0,700,233,238,136,1006,Douglas-fir,Catacount,Comanche Peak
10728,2391,215,4,0,0,361,216,243,164,366,Douglas-fir,Pachic Argiborolis,Comanche Peak
10729,2395,117,19,30,4,390,249,218,88,408,Douglas-fir,Pachic Argiborolis,Comanche Peak
10730,2447,274,39,90,52,339,93,217,247,319,Ponderosa Pine,Catacount,Comanche Peak
10731,2424,93,9,60,-10,60,235,226,121,384,Douglas-fir,Vanet,Comanche Peak
10732,2867,23,23,268,54,2758,199,183,112,1781,Lodgepole Pine,Catacount,Comanche Peak
10733,2390,124,14,0,0,420,242,229,114,426,Douglas-fir,Pachic Argiborolis,Comanche Peak
10734,2866,354,18,240,53,2940,186,205,155,1860,Lodgepole Pine,Catacount,Comanche Peak
10735,2754,91,22,0,0,1855,248,198,68,1470,Lodgepole Pine,Catacount,Comanche Peak
10736,2483,139,22,0,0,616,247,227,96,808,Douglas-fir,Vanet,Comanche Peak
10737,2575,54,19,127,44,834,227,196,94,1072,Lodgepole Pine,Catacount,Comanche Peak
10738,2466,93,12,30,-16,618,239,221,110,792,Douglas-fir,Catacount,Comanche Peak
10739,2427,115,18,182,8,90,248,219,93,350,Douglas-fir,Vanet,Comanche Peak
10740,2396,153,1,108,8,0,220,238,155,95,Douglas-fir,Vanet,Comanche Peak
10741,2384,318,6,0,0,600,205,235,169,582,Douglas-fir,Pachic Argiborolis,Comanche Peak
10742,2373,198,19,67,20,60,211,253,169,134,Douglas-fir,Vanet,Comanche Peak
10743,2377,207,18,85,25,60,205,254,178,108,Douglas-fir,Vanet,Comanche Peak
10744,2387,200,14,0,0,592,214,252,170,577,Douglas-fir,Pachic Argiborolis,Comanche Peak
10745,2879,82,25,175,60,2255,245,187,56,1273,Lodgepole Pine,Catacount,Comanche Peak
10746,2835,104,6,95,16,2093,230,233,136,1239,Lodgepole Pine,Catacount,Comanche Peak
10747,2683,349,8,180,7,1537,205,226,160,1332,Ponderosa Pine,Catacount,Comanche Peak
10748,2631,90,31,60,22,1423,249,175,31,1396,Ponderosa Pine,Haploborolis,Comanche Peak
10749,2912,100,13,361,107,2652,241,222,110,1415,Lodgepole Pine,Catacount,Comanche Peak
10750,2636,258,20,120,50,1315,170,247,214,1465,Ponderosa Pine,Catacount,Comanche Peak
10751,2371,86,10,0,0,95,234,224,120,272,Douglas-fir,Pachic Argiborolis,Comanche Peak
10752,2376,253,20,90,23,67,171,249,213,30,Douglas-fir,Vanet,Comanche Peak
10753,2381,4,14,30,8,633,201,212,148,646,Douglas-fir,Catacount,Comanche Peak
10754,2395,249,8,0,0,514,203,246,182,612,Douglas-fir,Pachic Argiborolis,Comanche Peak
10755,2377,27,14,0,0,108,213,208,128,277,Douglas-fir,Catacount,Comanche Peak
10756,2930,81,19,376,125,2730,242,204,85,1398,Lodgepole Pine,Catacount,Comanche Peak
10757,2671,112,19,150,62,1550,249,217,89,1275,Ponderosa Pine,Catacount,Comanche Peak
10758,2384,19,12,30,6,127,211,214,138,285,Douglas-fir,Catacount,Comanche Peak
10759,2380,40,17,42,3,108,219,199,110,256,Douglas-fir,Catacount,Comanche Peak
10760,2829,214,14,42,-13,3444,205,253,181,1915,Lodgepole Pine,Catacount,Comanche Peak
10761,2453,85,21,212,66,816,245,199,74,799,Douglas-fir,Catacount,Comanche Peak
10762,2444,67,13,192,57,799,233,213,110,782,Douglas-fir,Catacount,Comanche Peak
10763,2414,46,26,108,41,700,218,174,76,725,Douglas-fir,Catacount,Comanche Peak
10764,2402,282,8,30,1,466,198,241,182,641,Douglas-fir,Catacount,Comanche Peak
10765,2408,343,6,30,3,408,208,231,161,582,Douglas-fir,Catacount,Comanche Peak
10766,2395,40,12,60,10,268,221,213,125,437,Douglas-fir,Catacount,Comanche Peak
10767,2388,0,8,60,6,192,209,226,155,351,Douglas-fir,Catacount,Comanche Peak
10768,2389,12,10,60,9,150,210,220,146,295,Douglas-fir,Catacount,Comanche Peak
10769,2401,269,23,150,48,170,153,241,223,134,Douglas-fir,Vanet,Comanche Peak
10770,2680,112,11,228,27,1657,239,228,118,1182,Ponderosa Pine,Catacount,Comanche Peak
10771,2667,124,11,182,61,1613,238,232,124,1207,Ponderosa Pine,Catacount,Comanche Peak
10772,2454,50,24,234,67,841,223,181,79,824,Douglas-fir,Catacount,Comanche Peak
10773,2395,18,21,90,12,589,198,191,123,713,Douglas-fir,Catacount,Comanche Peak
10774,2411,349,19,60,10,418,182,206,160,589,Douglas-fir,Catacount,Comanche Peak
10775,2404,23,21,95,2,309,203,191,117,474,Douglas-fir,Catacount,Comanche Peak
10776,2392,110,10,95,12,162,238,229,120,283,Douglas-fir,Catacount,Comanche Peak
10777,2413,33,26,120,28,300,204,173,91,457,Douglas-fir,Catacount,Comanche Peak
10778,2345,264,21,42,8,180,163,245,218,190,Douglas-fir,Pachic Argiborolis,Comanche Peak
10779,2587,79,23,30,7,1527,243,192,67,1249,Ponderosa Pine,Haploborolis,Comanche Peak
10780,2456,24,30,175,73,721,190,163,94,808,Douglas-fir,Catacount,Comanche Peak
10781,2439,17,34,150,56,636,173,150,96,779,Douglas-fir,Catacount,Comanche Peak
10782,2428,10,31,150,27,579,170,161,114,750,Douglas-fir,Catacount,Comanche Peak
10783,2606,237,30,90,29,1445,153,249,221,1318,Ponderosa Pine,Haploborolis,Comanche Peak
10784,2591,47,11,216,39,1195,224,215,124,1332,Lodgepole Pine,Catacount,Comanche Peak
10785,2487,30,29,234,104,787,198,164,86,859,Douglas-fir,Catacount,Comanche Peak
10786,2471,18,28,201,88,731,186,168,106,836,Douglas-fir,Catacount,Comanche Peak
10787,2449,338,29,150,48,510,146,187,172,674,Ponderosa Pine,Catacount,Comanche Peak
10788,2468,6,31,162,67,408,166,163,121,564,Ponderosa Pine,Haploborolis,Comanche Peak
10789,2332,141,15,0,0,240,241,235,120,283,Douglas-fir,Haploborolis,Comanche Peak
10790,2629,247,22,150,86,1421,170,250,214,1337,Ponderosa Pine,Haploborolis,Comanche Peak
10791,2332,312,16,42,2,268,174,226,192,283,Douglas-fir,Pachic Argiborolis,Comanche Peak
10792,2527,47,10,362,23,949,224,217,127,983,Lodgepole Pine,Catacount,Comanche Peak
10793,2378,98,27,90,40,323,251,191,50,417,Douglas-fir,Haploborolis,Comanche Peak
10794,2457,239,17,85,16,553,186,252,201,677,Ponderosa Pine,Haploborolis,Comanche Peak
10795,2341,105,27,30,9,309,253,195,51,335,Douglas-fir,Haploborolis,Comanche Peak
10796,2331,277,19,30,0,258,164,240,214,283,Douglas-fir,Pachic Argiborolis,Comanche Peak
10797,2631,104,19,182,51,1740,248,213,86,1032,Ponderosa Pine,Catacount,Comanche Peak
10798,2468,67,9,120,25,767,229,222,125,908,Ponderosa Pine,Catacount,Comanche Peak
10799,2643,183,15,60,8,1846,222,249,155,942,Lodgepole Pine,Catacount,Comanche Peak
10800,2575,80,35,85,33,1677,241,155,13,1084,Ponderosa Pine,Haploborolis,Comanche Peak
10801,2564,226,38,67,34,1549,141,243,214,1211,Ponderosa Pine,Haploborolis,Comanche Peak
10802,2611,244,8,342,130,1357,204,247,181,1448,Lodgepole Pine,Catacount,Comanche Peak
10803,2480,43,18,153,37,808,221,198,106,934,Ponderosa Pine,Catacount,Comanche Peak
10804,2535,213,29,30,5,1591,182,252,191,1168,Ponderosa Pine,Haploborolis,Comanche Peak
10805,2625,47,8,170,33,1784,223,223,134,979,Ponderosa Pine,Haploborolis,Comanche Peak
10806,2612,80,30,134,75,1761,244,172,36,997,Ponderosa Pine,Haploborolis,Comanche Peak
10807,2508,94,26,30,0,1666,250,192,54,1068,Ponderosa Pine,Haploborolis,Comanche Peak
10808,2757,206,19,0,0,3056,205,254,178,1382,Lodgepole Pine,Vanet,Comanche Peak
10809,2703,98,13,0,0,2271,241,222,109,658,Lodgepole Pine,Catacount,Comanche Peak
10810,2837,75,19,234,61,3247,239,201,85,1594,Lodgepole Pine,Catacount,Comanche Peak
10811,2675,204,12,0,0,1994,213,251,171,511,Lodgepole Pine,Catacount,Comanche Peak
10812,2599,209,26,127,43,1323,192,253,185,1366,Ponderosa Pine,Haploborolis,Comanche Peak
10813,2825,212,31,234,124,2646,178,251,190,967,Lodgepole Pine,Vanet,Comanche Peak
10814,2624,112,10,190,22,1752,238,229,121,600,Lodgepole Pine,Catacount,Comanche Peak
10815,2475,84,31,60,5,1477,245,171,0,1020,Ponderosa Pine,Haploborolis,Comanche Peak
10816,2499,233,27,90,36,1414,164,251,214,1182,Ponderosa Pine,Haploborolis,Comanche Peak
10817,2597,210,24,134,41,1307,193,254,185,1342,Ponderosa Pine,Haploborolis,Comanche Peak
10818,2390,247,11,108,36,258,198,248,189,300,Douglas-fir,Haploborolis,Comanche Peak
10819,2374,238,20,67,20,300,179,253,206,342,Douglas-fir,Haploborolis,Comanche Peak
10820,2622,113,15,240,38,1725,245,223,104,534,Lodgepole Pine,Catacount,Comanche Peak
10821,2562,211,25,85,27,1277,190,253,186,1383,Ponderosa Pine,Haploborolis,Comanche Peak
10822,2491,244,27,85,36,1319,155,249,223,1177,Ponderosa Pine,Haploborolis,Comanche Peak
10823,2578,102,17,85,12,1266,246,215,91,1434,Lodgepole Pine,Catacount,Comanche Peak
10824,2373,135,11,127,25,272,237,236,128,351,Douglas-fir,Haploborolis,Comanche Peak
10825,2740,107,18,228,41,2160,248,216,89,488,Lodgepole Pine,Catacount,Comanche Peak
10826,2534,189,19,30,0,1224,217,251,159,1426,Ponderosa Pine,Haploborolis,Comanche Peak
10827,2493,36,23,228,92,685,212,184,98,726,Lodgepole Pine,Catacount,Comanche Peak
10828,2622,206,26,306,166,1053,194,253,181,1092,Ponderosa Pine,Haploborolis,Comanche Peak
10829,2831,202,17,384,84,3144,210,253,173,1530,Ponderosa Pine,Vanet,Comanche Peak
10830,2544,87,14,30,2,1465,240,215,102,671,Douglas-fir,Catacount,Comanche Peak
10831,2608,164,28,361,152,1008,232,235,115,1048,Ponderosa Pine,Haploborolis,Comanche Peak
10832,2523,151,24,30,-6,1374,242,231,105,769,Ponderosa Pine,Haploborolis,Comanche Peak
10833,2450,206,27,30,7,1205,193,252,180,1142,Ponderosa Pine,Cryaquolis,Comanche Peak
10834,2531,89,15,30,-2,1381,242,214,98,702,Douglas-fir,Catacount,Comanche Peak
10835,2569,177,12,446,167,927,226,247,151,967,Ponderosa Pine,Haploborolis,Comanche Peak
10836,2740,155,15,247,119,2147,237,240,129,470,Lodgepole Pine,Vanet,Comanche Peak
10837,2592,71,16,175,44,1468,236,208,99,524,Lodgepole Pine,Catacount,Comanche Peak
10838,2738,231,34,313,93,3181,149,247,218,1600,Ponderosa Pine,Vanet,Comanche Peak
10839,2502,20,15,30,-1,1266,208,206,132,800,Douglas-fir,Catacount,Comanche Peak
10840,2453,78,25,0,0,1155,242,187,61,1036,Douglas-fir,Catacount,Comanche Peak
10841,2437,80,23,0,0,1142,243,192,66,1065,Douglas-fir,Catacount,Comanche Peak
10842,2424,194,12,0,0,1110,218,250,164,1154,Douglas-fir,Cryaquolis,Comanche Peak
10843,2476,231,26,124,55,1071,170,253,210,1302,Ponderosa Pine,Haploborolis,Comanche Peak
10844,2489,226,27,153,68,1065,171,252,207,1332,Ponderosa Pine,Haploborolis,Comanche Peak
10845,2716,153,13,150,19,2039,235,240,133,362,Ponderosa Pine,Vanet,Comanche Peak
10846,2500,33,22,30,10,1195,210,187,104,883,Douglas-fir,Catacount,Comanche Peak
10847,2517,190,29,330,61,931,206,247,156,1116,Ponderosa Pine,Haploborolis,Comanche Peak
10848,2800,177,20,379,172,3048,226,247,145,1475,Ponderosa Pine,Vanet,Comanche Peak
10849,2696,133,9,30,0,1922,235,236,132,242,Ponderosa Pine,Catacount,Comanche Peak
10850,2675,102,12,0,0,1824,240,224,111,150,Lodgepole Pine,Catacount,Comanche Peak
10851,2620,211,11,42,12,1527,211,250,174,323,Ponderosa Pine,Vanet,Comanche Peak
10852,2473,81,24,60,-10,1114,244,189,61,997,Douglas-fir,Catacount,Comanche Peak
10853,2423,92,17,42,3,1064,244,212,92,1116,Ponderosa Pine,Vanet,Comanche Peak
10854,2775,160,16,390,183,2953,235,242,133,1383,Ponderosa Pine,Vanet,Comanche Peak
10855,2748,84,15,283,58,2841,240,212,98,1263,Ponderosa Pine,Vanet,Comanche Peak
10856,2525,53,22,95,35,1158,226,188,85,845,Douglas-fir,Catacount,Comanche Peak
10857,2410,222,11,0,0,1015,206,251,180,1173,Douglas-fir,Cryaquolis,Comanche Peak
10858,2630,207,33,30,8,2254,179,248,182,633,Ponderosa Pine,Vanet,Comanche Peak
10859,2671,187,29,108,58,2121,209,246,150,484,Ponderosa Pine,Vanet,Comanche Peak
10860,2683,209,33,127,73,2095,178,249,186,454,Ponderosa Pine,Vanet,Comanche Peak
10861,2526,194,22,391,152,702,211,252,164,912,Ponderosa Pine,Haploborolis,Comanche Peak
10862,2678,229,29,255,50,3131,165,251,211,1550,Ponderosa Pine,Vanet,Comanche Peak
10863,2443,228,19,95,39,924,188,254,198,1290,Ponderosa Pine,Haploborolis,Comanche Peak
10864,2454,181,14,153,50,912,224,248,154,1276,Ponderosa Pine,Haploborolis,Comanche Peak
10865,2317,67,20,30,6,134,236,197,85,691,Ponderosa Pine,Catacount,Comanche Peak
10866,2687,160,10,134,-5,1883,230,242,143,240,Ponderosa Pine,Vanet,Comanche Peak
10867,2567,55,13,210,77,1134,228,212,115,750,Ponderosa Pine,Catacount,Comanche Peak
10868,2401,115,18,268,73,376,248,220,94,780,Ponderosa Pine,Haploborolis,Comanche Peak
10869,2322,89,28,42,15,124,248,184,45,721,Ponderosa Pine,Haploborolis,Comanche Peak
10870,2721,239,24,258,129,2969,168,252,214,1440,Ponderosa Pine,Vanet,Comanche Peak
10871,2743,232,20,297,143,2912,185,254,201,1380,Ponderosa Pine,Vanet,Comanche Peak
10872,2737,93,10,255,91,2658,237,224,118,1110,Ponderosa Pine,Vanet,Comanche Peak
10873,2679,174,9,153,-13,1842,226,245,152,212,Ponderosa Pine,Vanet,Comanche Peak
10874,2626,191,10,0,0,1590,220,248,161,95,Ponderosa Pine,Vanet,Comanche Peak
10875,2702,236,25,216,110,2989,169,252,213,1436,Ponderosa Pine,Vanet,Comanche Peak
10876,2614,60,26,108,8,2285,230,176,64,722,Douglas-fir,Catacount,Comanche Peak
10877,2605,48,18,95,0,2257,224,197,101,693,Douglas-fir,Catacount,Comanche Peak
10878,2586,232,20,85,47,1252,184,254,201,514,Ponderosa Pine,Vanet,Comanche Peak
10879,2473,105,32,201,79,967,254,182,29,962,Ponderosa Pine,Vanet,Comanche Peak
10880,2656,231,23,153,64,3066,178,253,206,1426,Ponderosa Pine,Vanet,Comanche Peak
10881,2638,66,33,150,32,2301,231,155,30,755,Douglas-fir,Catacount,Comanche Peak
10882,2590,93,24,85,-3,2190,249,194,59,636,Douglas-fir,Catacount,Comanche Peak
10883,2564,166,22,30,-22,2135,232,242,129,577,Douglas-fir,Catacount,Comanche Peak
10884,2633,142,16,120,41,1458,241,235,118,228,Ponderosa Pine,Vanet,Comanche Peak
10885,2394,246,9,30,0,836,201,247,184,1203,Douglas-fir,Cryaquolis,Comanche Peak
10886,2400,242,14,42,5,825,193,251,195,1224,Ponderosa Pine,Cryaquolis,Comanche Peak
10887,2686,231,29,170,86,2971,163,251,213,1377,Ponderosa Pine,Vanet,Comanche Peak
10888,2570,90,30,67,-16,2151,249,178,36,612,Douglas-fir,Catacount,Comanche Peak
10889,2557,201,21,0,0,2068,205,253,173,524,Douglas-fir,Vanet,Comanche Peak
10890,2630,220,36,134,71,1878,156,246,204,323,Ponderosa Pine,Vanet,Comanche Peak
10891,2565,231,29,60,26,1209,163,251,213,524,Ponderosa Pine,Vanet,Comanche Peak
10892,2547,98,25,306,57,1003,251,196,58,819,Ponderosa Pine,Vanet,Comanche Peak
10893,2314,156,29,150,40,134,238,229,100,845,Ponderosa Pine,Haploborolis,Comanche Peak
10894,2728,175,10,350,89,2618,226,246,151,1120,Ponderosa Pine,Vanet,Comanche Peak
10895,2620,204,14,42,13,1473,212,252,172,212,Ponderosa Pine,Vanet,Comanche Peak
10896,2376,93,26,335,102,331,250,190,51,920,Ponderosa Pine,Haploborolis,Comanche Peak
10897,2560,74,20,67,3,2072,239,199,82,569,Douglas-fir,Catacount,Comanche Peak
10898,2426,74,24,120,32,834,240,188,65,1036,Douglas-fir,Catacount,Comanche Peak
10899,2388,156,11,0,0,713,233,241,139,1101,Douglas-fir,Haploborolis,Comanche Peak
10900,2391,78,26,361,117,360,242,183,55,959,Ponderosa Pine,Haploborolis,Comanche Peak
10901,2610,210,20,30,13,3063,200,254,183,1319,Douglas-fir,Vanet,Comanche Peak
10902,2559,336,14,30,12,2006,187,220,171,524,Douglas-fir,Catacount,Comanche Peak
10903,2642,94,14,95,30,1571,241,218,103,210,Ponderosa Pine,Catacount,Comanche Peak
10904,2554,89,34,60,25,1242,248,166,19,443,Ponderosa Pine,Vanet,Comanche Peak
10905,2571,220,30,120,51,1082,171,251,201,636,Ponderosa Pine,Vanet,Comanche Peak
10906,2562,85,27,300,69,955,247,182,47,808,Ponderosa Pine,Vanet,Comanche Peak
10907,2546,85,29,324,53,934,246,178,41,837,Ponderosa Pine,Vanet,Comanche Peak
10908,2381,191,18,30,2,671,216,251,162,1047,Douglas-fir,Haploborolis,Comanche Peak
10909,2407,76,4,170,-3,636,225,232,143,942,Ponderosa Pine,Vanet,Comanche Peak
10910,2706,125,8,362,100,2420,234,235,133,960,Ponderosa Pine,Vanet,Comanche Peak
10911,2572,197,21,180,52,1018,209,252,169,702,Ponderosa Pine,Vanet,Comanche Peak
10912,2547,89,29,309,54,912,248,181,41,845,Ponderosa Pine,Vanet,Comanche Peak
10913,2394,84,16,30,-2,664,241,212,97,1065,Douglas-fir,Cryaquolis,Comanche Peak
10914,2389,264,14,67,3,630,184,246,201,969,Ponderosa Pine,Haploborolis,Comanche Peak
10915,2408,79,5,192,-1,607,226,231,139,912,Ponderosa Pine,Vanet,Comanche Peak
10916,2317,50,21,120,43,120,224,190,90,964,Ponderosa Pine,Haploborolis,Comanche Peak
10917,2301,72,20,60,27,60,238,196,80,960,Ponderosa Pine,Haploborolis,Comanche Peak
10918,2598,27,2,30,6,3078,218,234,153,1271,Douglas-fir,Catacount,Comanche Peak
10919,2672,221,30,134,89,2787,169,251,203,1206,Ponderosa Pine,Vanet,Comanche Peak
10920,2714,260,7,258,108,2613,204,244,178,1172,Ponderosa Pine,Vanet,Comanche Peak
10921,2542,215,35,30,26,1816,165,247,195,404,Ponderosa Pine,Vanet,Comanche Peak
10922,2402,73,13,60,5,646,235,215,110,1057,Douglas-fir,Catacount,Comanche Peak
10923,2365,208,15,0,0,607,209,253,176,979,Douglas-fir,Haploborolis,Comanche Peak
10924,2396,270,12,108,10,600,188,244,195,930,Ponderosa Pine,Haploborolis,Comanche Peak
10925,2398,90,9,210,24,570,235,225,121,871,Ponderosa Pine,Vanet,Comanche Peak
10926,2398,69,17,331,124,330,236,204,94,1034,Ponderosa Pine,Catacount,Comanche Peak
10927,2643,219,33,95,60,2809,165,249,202,1180,Ponderosa Pine,Vanet,Comanche Peak
10928,2587,338,4,85,30,1974,210,233,162,566,Douglas-fir,Catacount,Comanche Peak
10929,2518,131,21,0,0,1861,249,223,92,469,Douglas-fir,Catacount,Comanche Peak
10930,2567,114,27,95,54,1215,254,201,56,469,Ponderosa Pine,Vanet,Comanche Peak
10931,2473,58,20,192,79,750,230,194,88,1034,Douglas-fir,Catacount,Comanche Peak
10932,2448,54,18,134,54,700,227,200,100,1121,Douglas-fir,Catacount,Comanche Peak
10933,2361,101,22,30,-1,589,250,205,72,983,Douglas-fir,Cryaquolis,Comanche Peak
10934,2598,214,23,30,7,2919,192,254,189,1172,Ponderosa Pine,Vanet,Comanche Peak
10935,2696,169,10,323,149,2452,228,244,148,1044,Ponderosa Pine,Vanet,Comanche Peak
10936,2678,121,10,361,91,2279,237,232,125,875,Ponderosa Pine,Vanet,Comanche Peak
10937,2579,212,34,134,73,1627,171,248,191,351,Ponderosa Pine,Vanet,Comanche Peak
10938,2502,86,20,283,108,785,245,201,77,959,Douglas-fir,Catacount,Comanche Peak
10939,2477,64,19,212,83,726,234,199,90,1044,Douglas-fir,Vanet,Comanche Peak
10940,2403,95,15,120,31,591,243,217,99,1008,Douglas-fir,Vanet,Comanche Peak
10941,2402,86,7,247,28,510,230,229,132,812,Ponderosa Pine,Vanet,Comanche Peak
10942,2378,108,11,134,4,510,239,227,117,812,Ponderosa Pine,Vanet,Comanche Peak
10943,2583,223,12,0,0,2942,204,251,183,1150,Douglas-fir,Vanet,Comanche Peak
10944,2684,162,10,335,154,2358,231,243,143,969,Ponderosa Pine,Vanet,Comanche Peak
10945,2682,145,10,342,152,2329,234,239,136,942,Ponderosa Pine,Vanet,Comanche Peak
10946,2614,88,26,212,62,2069,248,187,53,700,Douglas-fir,Vanet,Comanche Peak
10947,2506,99,25,30,12,1107,251,198,60,576,Ponderosa Pine,Vanet,Comanche Peak
10948,2508,237,21,42,15,1008,177,253,208,674,Ponderosa Pine,Vanet,Comanche Peak
10949,2425,82,13,175,28,604,238,216,107,1041,Douglas-fir,Vanet,Comanche Peak
10950,2583,174,17,0,0,2877,228,246,144,1106,Douglas-fir,Vanet,Comanche Peak
10951,2688,177,26,228,133,2554,223,244,137,1084,Ponderosa Pine,Vanet,Comanche Peak
10952,2678,174,11,306,148,2350,227,246,150,981,Ponderosa Pine,Vanet,Comanche Peak
10953,2664,101,12,331,138,2205,241,223,110,845,Ponderosa Pine,Vanet,Comanche Peak
10954,2637,94,18,277,90,2118,246,209,85,767,Douglas-fir,Vanet,Comanche Peak
10955,2514,195,25,30,-13,1301,206,251,165,443,Ponderosa Pine,Vanet,Comanche Peak
10956,2493,239,15,0,0,1015,191,252,197,666,Ponderosa Pine,Vanet,Comanche Peak
10957,2493,52,14,277,99,700,226,208,112,1036,Douglas-fir,Catacount,Comanche Peak
10958,2402,94,17,120,39,537,244,213,93,960,Douglas-fir,Vanet,Comanche Peak
10959,2418,315,3,210,67,480,212,237,163,787,Ponderosa Pine,Vanet,Comanche Peak
10960,2383,88,17,192,9,451,243,209,89,751,Ponderosa Pine,Vanet,Comanche Peak
10961,2601,68,20,108,18,3019,236,197,84,1120,Douglas-fir,Catacount,Comanche Peak
10962,2513,220,24,42,11,1651,184,254,197,457,Ponderosa Pine,Vanet,Comanche Peak
10963,2502,212,17,42,9,949,204,254,181,732,Ponderosa Pine,Vanet,Comanche Peak
10964,2513,68,10,268,45,743,231,220,121,966,Douglas-fir,Vanet,Comanche Peak
10965,2508,48,13,295,50,721,224,212,120,993,Douglas-fir,Vanet,Comanche Peak
10966,2465,61,23,256,71,618,231,187,77,1084,Douglas-fir,Catacount,Comanche Peak
10967,2402,265,19,120,51,450,168,245,214,792,Ponderosa Pine,Haploborolis,Comanche Peak
10968,2419,196,4,210,68,450,219,243,160,759,Ponderosa Pine,Vanet,Comanche Peak
10969,2575,112,11,60,-6,2895,239,228,119,1055,Douglas-fir,Vanet,Comanche Peak
10970,2653,177,32,182,103,2512,216,238,129,1027,Ponderosa Pine,Vanet,Comanche Peak
10971,2659,177,28,228,129,2395,221,242,135,1048,Ponderosa Pine,Vanet,Comanche Peak
10972,2548,60,24,134,31,1871,230,183,72,616,Douglas-fir,Vanet,Comanche Peak
10973,2535,188,30,124,65,1471,207,245,151,450,Ponderosa Pine,Vanet,Comanche Peak
10974,2506,124,24,42,2,1332,252,215,76,474,Ponderosa Pine,Vanet,Comanche Peak
10975,2498,214,24,30,-1,1249,190,254,190,510,Ponderosa Pine,Vanet,Comanche Peak
10976,2493,195,7,0,0,957,219,246,162,726,Ponderosa Pine,Vanet,Comanche Peak
10977,2515,24,14,277,47,700,212,209,132,1006,Douglas-fir,Vanet,Comanche Peak
10978,2464,52,23,277,67,576,225,184,81,1041,Douglas-fir,Catacount,Comanche Peak
10979,2392,87,20,95,46,470,245,202,77,895,Douglas-fir,Vanet,Comanche Peak
10980,2403,50,11,277,29,390,225,216,124,691,Ponderosa Pine,Vanet,Comanche Peak
10981,2359,84,12,120,8,350,237,219,111,713,Ponderosa Pine,Vanet,Comanche Peak
10982,2325,61,9,255,60,234,227,222,128,1176,Ponderosa Pine,Vanet,Comanche Peak
10983,2580,81,15,95,-1,2920,239,213,101,1034,Douglas-fir,Catacount,Comanche Peak
10984,2642,177,32,212,107,2359,216,237,128,1026,Ponderosa Pine,Vanet,Comanche Peak
10985,2543,56,25,127,39,1834,227,178,70,618,Douglas-fir,Vanet,Comanche Peak
10986,2515,161,25,108,0,1376,236,236,115,488,Ponderosa Pine,Vanet,Comanche Peak
10987,2522,345,7,234,54,700,206,229,161,994,Douglas-fir,Vanet,Comanche Peak
10988,2346,99,17,0,0,408,245,215,93,816,Douglas-fir,Cryaquolis,Comanche Peak
10989,2552,238,27,0,0,2796,161,251,217,977,Douglas-fir,Vanet,Comanche Peak
10990,2571,57,21,192,61,1885,229,191,86,680,Ponderosa Pine,Vanet,Comanche Peak
10991,2484,186,25,30,0,1566,215,248,152,524,Ponderosa Pine,Vanet,Comanche Peak
10992,2471,160,19,0,0,1254,236,240,127,552,Ponderosa Pine,Vanet,Comanche Peak
10993,2544,251,14,0,0,2792,187,249,199,947,Douglas-fir,Catacount,Comanche Peak
10994,2573,201,33,42,18,2673,187,247,172,932,Ponderosa Pine,Vanet,Comanche Peak
10995,2593,189,34,124,58,2436,200,241,149,947,Ponderosa Pine,Vanet,Comanche Peak
10996,2525,76,18,108,26,1732,239,205,90,618,Ponderosa Pine,Vanet,Comanche Peak
10997,2473,126,16,0,0,1587,245,227,106,560,Douglas-fir,Catacount,Comanche Peak
10998,2513,249,14,150,45,708,189,250,198,973,Ponderosa Pine,Vanet,Comanche Peak
10999,2529,274,11,192,55,661,190,243,192,1024,Ponderosa Pine,Vanet,Comanche Peak
11000,2570,68,30,67,18,2847,234,166,42,931,Douglas-fir,Catacount,Comanche Peak
11001,2556,243,10,30,12,2758,201,248,184,912,Douglas-fir,Catacount,Comanche Peak
11002,2515,113,13,108,13,1695,241,227,113,631,Ponderosa Pine,Vanet,Comanche Peak
11003,2489,172,14,67,14,926,229,246,145,785,Ponderosa Pine,Vanet,Comanche Peak
11004,2559,52,27,67,15,2813,222,171,67,895,Douglas-fir,Catacount,Comanche Peak
11005,2564,184,21,180,55,2042,220,249,152,870,Ponderosa Pine,Vanet,Comanche Peak
11006,2570,186,13,190,92,1895,221,249,158,768,Ponderosa Pine,Vanet,Comanche Peak
11007,2455,204,18,30,-1,1167,208,253,175,658,Ponderosa Pine,Vanet,Comanche Peak
11008,2519,116,18,228,54,553,248,220,93,1050,Ponderosa Pine,Vanet,Comanche Peak
11009,2550,80,16,42,5,2720,240,210,95,849,Douglas-fir,Catacount,Comanche Peak
11010,2544,184,27,90,23,2274,214,246,147,902,Ponderosa Pine,Vanet,Comanche Peak
11011,2494,102,17,108,21,1624,246,216,93,664,Ponderosa Pine,Vanet,Comanche Peak
11012,2466,158,9,30,-4,1448,231,242,143,631,Douglas-fir,Vanet,Comanche Peak
11013,2457,159,19,0,0,1361,237,239,124,633,Douglas-fir,Vanet,Comanche Peak
11014,2444,137,30,42,20,1044,249,214,69,741,Ponderosa Pine,Vanet,Comanche Peak
11015,2468,96,18,30,6,847,246,212,89,870,Ponderosa Pine,Vanet,Comanche Peak
11016,2400,106,27,150,63,342,253,196,51,811,Ponderosa Pine,Vanet,Comanche Peak
11017,2528,109,9,42,-7,2627,236,230,124,811,Douglas-fir,Catacount,Comanche Peak
11018,2523,117,13,30,-12,2597,241,228,114,810,Douglas-fir,Catacount,Comanche Peak
11019,2514,210,10,30,-15,2538,212,250,173,812,Douglas-fir,Catacount,Comanche Peak
11020,2530,43,18,60,-5,2594,221,199,107,780,Douglas-fir,Catacount,Comanche Peak
11021,2524,129,9,0,0,2385,236,235,129,808,Douglas-fir,Catacount,Comanche Peak
11022,2520,180,16,30,5,2266,224,248,152,847,Ponderosa Pine,Vanet,Comanche Peak
11023,2459,248,26,60,29,882,156,248,223,876,Ponderosa Pine,Vanet,Comanche Peak
11024,2621,98,8,277,69,2737,234,228,126,845,Ponderosa Pine,Vanet,Comanche Peak
11025,2518,123,5,0,0,2352,228,236,142,787,Douglas-fir,Catacount,Comanche Peak
11026,2517,148,6,0,0,2322,228,240,145,797,Douglas-fir,Catacount,Comanche Peak
11027,2459,8,13,42,2,1342,205,215,146,722,Douglas-fir,Catacount,Comanche Peak
11028,2449,185,28,0,0,674,212,246,149,1040,Ponderosa Pine,Vanet,Comanche Peak
11029,2507,206,19,150,42,537,204,254,178,1048,Ponderosa Pine,Vanet,Comanche Peak
11030,2497,131,19,210,32,484,247,227,101,993,Ponderosa Pine,Vanet,Comanche Peak
11031,2506,180,21,60,4,1782,223,248,147,845,Ponderosa Pine,Vanet,Comanche Peak
11032,2469,346,19,85,12,1307,181,207,163,755,Douglas-fir,Catacount,Comanche Peak
11033,2448,57,12,0,0,1100,228,215,119,808,Douglas-fir,Catacount,Comanche Peak
11034,2448,133,19,67,16,808,247,227,100,960,Ponderosa Pine,Vanet,Comanche Peak
11035,2438,176,22,30,-10,693,225,245,140,1040,Ponderosa Pine,Vanet,Comanche Peak
11036,2355,81,14,85,22,192,238,214,103,666,Ponderosa Pine,Vanet,Comanche Peak
11037,2598,76,15,201,53,2649,238,210,99,713,Lodgepole Pine,Catacount,Comanche Peak
11038,2523,40,16,67,5,2377,220,204,115,721,Douglas-fir,Catacount,Comanche Peak
11039,2509,66,15,60,-8,2287,233,209,104,752,Douglas-fir,Catacount,Comanche Peak
11040,2485,87,10,42,-8,2197,235,224,119,793,Douglas-fir,Catacount,Comanche Peak
11041,2480,63,7,30,-4,1570,226,226,134,800,Ponderosa Pine,Vanet,Comanche Peak
11042,2415,211,22,30,-17,626,197,254,185,1103,Ponderosa Pine,Vanet,Comanche Peak
11043,2468,116,26,270,3,402,254,205,61,914,Ponderosa Pine,Vanet,Comanche Peak
11044,2438,114,29,295,116,350,254,198,50,859,Ponderosa Pine,Vanet,Comanche Peak
11045,2526,32,22,90,8,2315,209,186,104,713,Douglas-fir,Catacount,Comanche Peak
11046,2497,334,6,0,0,1776,206,232,164,899,Douglas-fir,Vanet,Comanche Peak
11047,2500,0,4,30,3,1746,213,232,156,886,Douglas-fir,Vanet,Comanche Peak
11048,2486,38,11,0,0,1657,220,216,129,854,Douglas-fir,Vanet,Comanche Peak
11049,2494,0,10,134,54,1209,206,222,154,830,Ponderosa Pine,Vanet,Comanche Peak
11050,2442,76,19,60,24,972,240,201,84,912,Douglas-fir,Vanet,Comanche Peak
11051,2470,132,20,240,5,418,247,226,98,930,Ponderosa Pine,Vanet,Comanche Peak
11052,2601,205,9,300,56,2601,215,248,168,685,Ponderosa Pine,Vanet,Comanche Peak
11053,2491,13,12,0,0,1565,208,215,142,859,Douglas-fir,Catacount,Comanche Peak
11054,2484,19,17,30,3,1505,206,203,130,849,Douglas-fir,Catacount,Comanche Peak
11055,2480,337,10,124,13,1355,197,225,167,841,Douglas-fir,Catacount,Comanche Peak
11056,2432,71,21,42,14,938,238,194,77,953,Douglas-fir,Vanet,Comanche Peak
11057,2562,24,26,153,44,2372,196,175,104,636,Lodgepole Pine,Catacount,Comanche Peak
11058,2510,16,25,90,35,2102,189,179,117,768,Douglas-fir,Catacount,Comanche Peak
11059,2501,25,11,30,2,1682,215,216,137,920,Douglas-fir,Catacount,Comanche Peak
11060,2493,15,17,60,8,1503,202,201,133,878,Douglas-fir,Catacount,Comanche Peak
11061,2472,49,20,120,24,1084,224,194,96,920,Douglas-fir,Vanet,Comanche Peak
11062,2426,53,10,42,-1,904,226,219,127,994,Douglas-fir,Catacount,Comanche Peak
11063,2393,104,24,190,71,256,252,202,65,769,Ponderosa Pine,Vanet,Comanche Peak
11064,2340,151,12,108,17,108,235,240,134,604,Ponderosa Pine,Vanet,Comanche Peak
11065,2546,16,23,170,71,2251,193,184,121,659,Douglas-fir,Catacount,Comanche Peak
11066,2543,17,25,134,68,2191,192,180,116,691,Douglas-fir,Catacount,Comanche Peak
11067,2503,359,17,60,13,1591,193,207,149,924,Douglas-fir,Catacount,Comanche Peak
11068,2491,21,14,150,24,1381,210,209,133,900,Douglas-fir,Catacount,Comanche Peak
11069,2433,60,18,60,-6,752,231,200,95,1099,Douglas-fir,Catacount,Comanche Peak
11070,2422,72,24,60,-16,722,239,187,67,1116,Douglas-fir,Vanet,Comanche Peak
11071,2396,102,13,0,0,663,241,223,110,1153,Douglas-fir,Pachic Argiborolis,Comanche Peak
11072,2536,20,24,150,61,2100,195,182,114,722,Douglas-fir,Catacount,Comanche Peak
11073,2540,315,35,120,40,1860,107,188,209,900,Douglas-fir,Catacount,Comanche Peak
11074,2519,5,24,90,19,1680,182,187,135,977,Douglas-fir,Catacount,Comanche Peak
11075,2563,21,21,190,88,2190,202,192,120,642,Douglas-fir,Catacount,Comanche Peak
11076,2575,225,10,402,76,2457,206,250,180,566,Ponderosa Pine,Vanet,Comanche Peak
11077,2561,17,22,210,86,2100,195,187,121,679,Douglas-fir,Catacount,Comanche Peak
11078,2556,11,24,210,67,2040,187,184,126,722,Douglas-fir,Catacount,Comanche Peak
11079,2541,17,28,180,52,1920,184,169,109,816,Douglas-fir,Catacount,Comanche Peak
11080,2546,7,27,153,46,1650,178,177,127,1026,Douglas-fir,Catacount,Comanche Peak
11081,2532,18,19,153,42,1530,202,198,127,1001,Douglas-fir,Catacount,Comanche Peak
11082,2469,354,25,150,41,841,170,188,149,1128,Ponderosa Pine,Vanet,Comanche Peak
11083,2399,254,31,30,5,573,137,242,233,1057,Ponderosa Pine,Vanet,Comanche Peak
11084,2574,249,8,417,95,2389,203,246,182,484,Ponderosa Pine,Vanet,Comanche Peak
11085,2538,21,16,242,48,1443,208,205,130,1052,Douglas-fir,Catacount,Comanche Peak
11086,2336,29,17,0,0,150,212,202,121,607,Douglas-fir,Pachic Argiborolis,Comanche Peak
11087,2598,15,19,300,123,2133,200,197,129,595,Douglas-fir,Catacount,Comanche Peak
11088,2574,307,28,268,74,1894,132,210,213,793,Douglas-fir,Catacount,Comanche Peak
11089,2583,14,18,240,83,1684,200,199,132,981,Douglas-fir,Catacount,Comanche Peak
11090,2536,44,13,331,108,1116,222,211,121,1113,Ponderosa Pine,Vanet,Comanche Peak
11091,2454,99,30,120,60,730,252,184,38,1201,Ponderosa Pine,Vanet,Comanche Peak
11092,2549,241,17,306,64,2348,186,252,201,509,Ponderosa Pine,Vanet,Comanche Peak
11093,2606,243,10,400,88,2279,201,248,184,390,Ponderosa Pine,Vanet,Comanche Peak
11094,2597,20,15,270,97,1776,208,208,134,886,Douglas-fir,Catacount,Comanche Peak
11095,2582,27,18,270,92,1597,209,198,119,1053,Douglas-fir,Catacount,Comanche Peak
11096,2385,127,28,120,44,390,253,208,63,841,Ponderosa Pine,Vanet,Comanche Peak
11097,2585,211,18,457,67,2260,202,254,182,335,Ponderosa Pine,Vanet,Comanche Peak
11098,2608,32,13,301,108,1809,216,210,127,847,Douglas-fir,Catacount,Comanche Peak
11099,2601,18,15,300,0,1690,208,208,134,959,Douglas-fir,Catacount,Comanche Peak
11100,2511,40,11,301,83,918,221,215,127,1237,Ponderosa Pine,Vanet,Comanche Peak
11101,2423,139,14,90,29,513,240,235,121,960,Ponderosa Pine,Vanet,Comanche Peak
11102,2351,106,19,60,10,350,248,214,87,780,Ponderosa Pine,Vanet,Comanche Peak
11103,2557,213,15,300,97,2274,205,253,180,404,Ponderosa Pine,Vanet,Comanche Peak
11104,2602,232,19,450,176,2215,187,253,200,350,Ponderosa Pine,Vanet,Comanche Peak
11105,2623,18,12,390,148,2140,210,214,139,541,Ponderosa Pine,Vanet,Comanche Peak
11106,2613,33,12,331,113,1812,218,214,131,836,Douglas-fir,Catacount,Comanche Peak
11107,2590,38,17,240,-11,1544,218,202,114,1092,Douglas-fir,Catacount,Comanche Peak
11108,2567,20,14,247,-34,1426,209,209,134,1170,Douglas-fir,Catacount,Comanche Peak
11109,2623,32,11,418,134,2084,218,217,134,577,Ponderosa Pine,Vanet,Comanche Peak
11110,2572,220,24,391,146,2165,184,254,196,268,Ponderosa Pine,Vanet,Comanche Peak
11111,2617,25,10,234,15,1702,215,219,140,931,Douglas-fir,Vanet,Comanche Peak
11112,2581,24,15,190,-20,1436,211,208,130,1194,Douglas-fir,Vanet,Comanche Peak
11113,2574,40,4,268,-14,1259,220,231,147,1239,Ponderosa Pine,Vanet,Comanche Peak
11114,2531,53,14,323,71,1026,227,209,112,1290,Ponderosa Pine,Vanet,Comanche Peak
11115,2537,174,19,268,79,2170,228,246,142,258,Ponderosa Pine,Vanet,Comanche Peak
11116,2533,151,27,324,75,2151,242,227,96,212,Ponderosa Pine,Vanet,Comanche Peak
11117,2569,219,26,360,143,2131,182,254,197,258,Ponderosa Pine,Vanet,Comanche Peak
11118,2461,86,23,180,73,808,246,194,64,1236,Ponderosa Pine,Vanet,Comanche Peak
11119,2519,147,29,300,61,2121,244,223,86,182,Ponderosa Pine,Vanet,Comanche Peak
11120,2510,169,27,319,68,2117,228,238,123,180,Ponderosa Pine,Vanet,Comanche Peak
11121,2574,128,6,216,-9,1273,230,236,140,1299,Ponderosa Pine,Vanet,Comanche Peak
11122,2628,90,3,437,24,1947,224,234,146,618,Ponderosa Pine,Vanet,Comanche Peak
11123,2518,217,31,272,92,2046,172,251,198,170,Ponderosa Pine,Vanet,Comanche Peak
11124,2624,202,14,295,198,2002,212,252,171,379,Ponderosa Pine,Vanet,Comanche Peak
11125,2624,106,7,150,20,1725,232,232,132,908,Ponderosa Pine,Vanet,Comanche Peak
11126,2550,136,15,210,-2,1148,242,233,116,1383,Ponderosa Pine,Vanet,Comanche Peak
11127,2373,320,30,60,32,408,131,197,198,636,Douglas-fir,Catacount,Comanche Peak
11128,2494,223,31,247,68,2018,166,251,205,127,Ponderosa Pine,Vanet,Comanche Peak
11129,2617,198,18,268,191,1974,212,252,169,371,Ponderosa Pine,Vanet,Comanche Peak
11130,2383,264,15,30,12,661,182,246,202,1019,Ponderosa Pine,Pachic Argiborolis,Comanche Peak
11131,2631,96,2,212,27,1784,223,236,149,812,Ponderosa Pine,Vanet,Comanche Peak
11132,2525,141,13,150,-8,1115,239,236,124,1455,Ponderosa Pine,Vanet,Comanche Peak
11133,2522,164,10,150,-5,1087,230,243,145,1463,Ponderosa Pine,Vanet,Comanche Peak
11134,2367,348,21,30,11,510,175,200,160,769,Douglas-fir,Catacount,Comanche Peak
11135,2491,215,34,180,65,1948,167,248,196,182,Ponderosa Pine,Vanet,Comanche Peak
11136,2594,193,24,234,168,1907,210,251,162,391,Ponderosa Pine,Vanet,Comanche Peak
11137,2608,200,17,297,179,1879,211,253,171,481,Ponderosa Pine,Vanet,Comanche Peak
11138,2375,0,26,60,19,566,172,181,139,836,Douglas-fir,Catacount,Comanche Peak
11139,2412,330,25,108,60,495,153,201,182,671,Douglas-fir,Catacount,Comanche Peak
11140,2424,342,18,150,77,484,179,210,167,618,Douglas-fir,Catacount,Comanche Peak
11141,2521,122,16,90,-6,1167,246,225,102,1507,Ponderosa Pine,Vanet,Comanche Peak
11142,2413,103,24,30,-7,834,252,201,64,1187,Ponderosa Pine,Vanet,Comanche Peak
11143,2374,141,9,0,0,700,234,238,135,1015,Douglas-fir,Pachic Argiborolis,Comanche Peak
11144,2459,225,6,0,0,1959,212,246,171,331,Douglas-fir,Cryaquolis,Comanche Peak
11145,2602,82,8,60,-1,1622,232,225,126,1050,Ponderosa Pine,Vanet,Comanche Peak
11146,2442,353,13,192,90,543,196,216,157,649,Douglas-fir,Catacount,Comanche Peak
11147,2459,58,3,30,0,1930,222,233,147,335,Ponderosa Pine,Catacount,Comanche Peak
11148,2442,161,17,0,0,1914,235,242,131,247,Douglas-fir,Cryaquolis,Comanche Peak
11149,2456,124,14,108,14,1884,242,229,114,67,Ponderosa Pine,Vanet,Comanche Peak
11150,2443,197,18,95,17,1866,212,252,168,134,Ponderosa Pine,Vanet,Comanche Peak
11151,2626,203,8,285,22,1694,216,247,166,752,Ponderosa Pine,Vanet,Comanche Peak
11152,2553,144,7,0,0,1383,230,239,142,1321,Ponderosa Pine,Vanet,Comanche Peak
11153,2440,90,14,0,0,990,241,217,103,1348,Ponderosa Pine,Vanet,Comanche Peak
11154,2382,29,18,42,5,765,211,199,119,1064,Douglas-fir,Catacount,Comanche Peak
11155,2447,346,9,234,95,552,203,226,161,642,Douglas-fir,Catacount,Comanche Peak
11156,2452,202,11,42,6,1869,215,250,168,150,Ponderosa Pine,Vanet,Comanche Peak
11157,2445,114,17,95,5,1850,247,220,96,90,Ponderosa Pine,Vanet,Comanche Peak
11158,2433,31,12,30,-1,960,216,213,130,1300,Douglas-fir,Catacount,Comanche Peak
11159,2404,35,22,60,-5,849,211,186,100,1159,Douglas-fir,Catacount,Comanche Peak
11160,2434,319,34,127,63,700,114,188,203,939,Douglas-fir,Catacount,Comanche Peak
11161,2446,225,6,0,0,1842,211,246,172,192,Douglas-fir,Cryaquolis,Comanche Peak
11162,2583,215,28,295,170,1710,181,253,193,582,Ponderosa Pine,Vanet,Comanche Peak
11163,2610,208,18,335,6,1651,204,254,179,730,Ponderosa Pine,Vanet,Comanche Peak
11164,2466,1,22,218,110,633,182,192,143,799,Douglas-fir,Catacount,Comanche Peak
11165,2464,25,15,242,108,582,211,206,128,750,Douglas-fir,Catacount,Comanche Peak
11166,2443,323,5,0,0,1816,208,235,166,234,Douglas-fir,Cryaquolis,Comanche Peak
11167,2440,161,14,30,9,1795,233,243,137,153,Ponderosa Pine,Vanet,Comanche Peak
11168,2431,214,25,0,0,1761,188,254,190,283,Douglas-fir,Vanet,Comanche Peak
11169,2519,121,11,60,-14,1291,239,231,120,1478,Ponderosa Pine,Vanet,Comanche Peak
11170,2429,339,29,150,50,799,146,185,170,1047,Douglas-fir,Catacount,Comanche Peak
11171,2457,241,2,309,101,492,214,241,164,700,Ponderosa Pine,Vanet,Comanche Peak
11172,2432,172,14,0,0,1766,228,246,146,182,Douglas-fir,Cryaquolis,Comanche Peak
11173,2483,118,14,90,-26,1182,243,227,111,1528,Ponderosa Pine,Vanet,Comanche Peak
11174,2464,62,11,120,7,1041,230,216,118,1359,Douglas-fir,Vanet,Comanche Peak
11175,2448,39,13,150,13,955,220,211,123,1249,Douglas-fir,Vanet,Comanche Peak
11176,2441,40,16,150,9,934,220,203,113,1222,Douglas-fir,Vanet,Comanche Peak
11177,2458,73,26,60,17,1777,239,180,55,366,Ponderosa Pine,Catacount,Comanche Peak
11178,2407,214,14,30,-11,1702,206,253,180,319,Douglas-fir,Cryaquolis,Comanche Peak
11179,2517,219,30,170,104,1651,173,252,200,524,Ponderosa Pine,Vanet,Comanche Peak
11180,2592,196,26,324,191,1544,204,251,166,808,Ponderosa Pine,Vanet,Comanche Peak
11181,2448,53,10,180,13,957,226,218,126,1234,Douglas-fir,Vanet,Comanche Peak
11182,2449,354,11,180,21,900,202,221,157,1154,Douglas-fir,Vanet,Comanche Peak
11183,2459,323,22,0,0,1736,160,212,189,339,Ponderosa Pine,Catacount,Comanche Peak
11184,2463,26,23,60,22,1727,203,185,109,300,Ponderosa Pine,Catacount,Comanche Peak
11185,2537,222,31,228,117,1579,166,250,204,674,Ponderosa Pine,Vanet,Comanche Peak
11186,2545,188,28,228,141,1530,210,247,153,741,Ponderosa Pine,Vanet,Comanche Peak
11187,2567,202,28,319,158,1465,195,251,174,882,Ponderosa Pine,Vanet,Comanche Peak
11188,2551,123,33,242,1,1368,253,196,43,1172,Ponderosa Pine,Vanet,Comanche Peak
11189,2513,182,20,180,-36,1328,222,248,150,1377,Ponderosa Pine,Vanet,Comanche Peak
11190,2529,187,28,201,128,1503,210,246,151,752,Ponderosa Pine,Vanet,Comanche Peak
11191,2502,150,25,228,-47,1318,243,230,101,1266,Ponderosa Pine,Vanet,Comanche Peak
11192,2451,359,22,120,26,1618,182,194,146,331,Ponderosa Pine,Catacount,Comanche Peak
11193,2486,207,32,124,66,1509,182,249,182,659,Ponderosa Pine,Vanet,Comanche Peak
11194,2523,201,28,234,114,1436,195,251,174,847,Ponderosa Pine,Vanet,Comanche Peak
11195,2482,183,23,242,-67,1277,219,248,149,1332,Ponderosa Pine,Vanet,Comanche Peak
11196,2436,175,17,242,-81,1188,227,247,145,1476,Ponderosa Pine,Vanet,Comanche Peak
11197,2457,69,20,153,34,1565,237,198,84,390,Ponderosa Pine,Catacount,Comanche Peak
11198,2496,186,26,170,87,1436,214,248,152,805,Ponderosa Pine,Vanet,Comanche Peak
11199,2503,204,27,192,94,1422,193,252,178,832,Ponderosa Pine,Vanet,Comanche Peak
11200,2471,166,26,277,-78,1253,231,238,121,1310,Ponderosa Pine,Vanet,Comanche Peak
11201,2439,141,22,270,-103,1230,246,228,100,1570,Ponderosa Pine,Vanet,Comanche Peak
11202,2446,200,19,360,105,726,209,253,171,1087,Ponderosa Pine,Vanet,Comanche Peak
11203,2406,180,6,30,-2,1507,223,244,156,531,Ponderosa Pine,Catacount,Comanche Peak
11204,2501,204,28,212,92,1369,192,251,178,899,Ponderosa Pine,Vanet,Comanche Peak
11205,2421,145,20,268,51,1200,243,232,109,1557,Ponderosa Pine,Vanet,Comanche Peak
11206,2423,245,11,331,-77,1082,198,249,188,1399,Ponderosa Pine,Vanet,Comanche Peak
11207,2434,197,16,330,93,752,214,252,167,1129,Ponderosa Pine,Vanet,Comanche Peak
11208,2438,190,20,323,97,693,216,251,160,1084,Ponderosa Pine,Vanet,Comanche Peak
11209,2530,28,22,124,37,1544,206,188,110,446,Ponderosa Pine,Catacount,Comanche Peak
11210,2456,219,35,85,47,1397,160,247,202,782,Ponderosa Pine,Vanet,Comanche Peak
11211,2516,180,34,256,112,1262,211,237,132,1103,Ponderosa Pine,Vanet,Comanche Peak
11212,2445,158,21,283,73,1194,238,238,120,1328,Ponderosa Pine,Vanet,Comanche Peak
11213,2541,27,24,134,67,1515,201,180,105,474,Ponderosa Pine,Catacount,Comanche Peak
11214,2413,267,15,324,46,1110,179,245,204,1456,Ponderosa Pine,Vanet,Comanche Peak
11215,2419,182,17,270,78,720,223,249,152,1146,Ponderosa Pine,Vanet,Comanche Peak
11216,2527,21,29,256,57,1471,187,165,101,481,Ponderosa Pine,Catacount,Comanche Peak
11217,2480,174,27,212,76,1187,223,241,132,1182,Ponderosa Pine,Vanet,Comanche Peak
11218,2418,137,15,268,77,871,242,233,116,1279,Ponderosa Pine,Vanet,Comanche Peak
11219,2561,23,26,182,72,1451,195,175,105,524,Ponderosa Pine,Catacount,Comanche Peak
11220,2412,50,17,124,6,1388,226,200,102,624,Ponderosa Pine,Catacount,Comanche Peak
11221,2401,234,20,0,0,1328,182,253,204,787,Douglas-fir,Cryaquolis,Comanche Peak
11222,2444,205,26,108,38,1261,194,252,179,957,Ponderosa Pine,Vanet,Comanche Peak
11223,2461,177,28,153,56,1198,221,242,135,1087,Ponderosa Pine,Vanet,Comanche Peak
11224,2414,147,17,192,42,1100,240,236,119,1387,Ponderosa Pine,Vanet,Comanche Peak
11225,2579,353,22,85,34,1442,178,197,154,591,Ponderosa Pine,Catacount,Comanche Peak
11226,2510,49,32,297,102,1388,215,155,52,553,Ponderosa Pine,Catacount,Comanche Peak
11227,2388,183,5,42,-12,1310,221,243,157,785,Ponderosa Pine,Catacount,Comanche Peak
11228,2420,2,21,150,22,1291,185,194,141,750,Ponderosa Pine,Catacount,Comanche Peak
11229,2420,178,23,60,15,1127,223,246,142,1107,Ponderosa Pine,Vanet,Comanche Peak
11230,2420,194,23,90,22,1082,209,251,165,1209,Ponderosa Pine,Vanet,Comanche Peak
11231,2588,26,16,309,83,1323,211,203,124,631,Ponderosa Pine,Catacount,Comanche Peak
11232,2514,47,34,300,107,1291,209,146,46,664,Ponderosa Pine,Catacount,Comanche Peak
11233,2438,62,28,216,34,1269,231,170,53,726,Ponderosa Pine,Vanet,Comanche Peak
11234,2412,35,18,67,11,1205,215,198,113,891,Douglas-fir,Catacount,Comanche Peak
11235,2589,33,18,376,100,1283,214,198,114,661,Ponderosa Pine,Catacount,Comanche Peak
11236,2446,61,30,242,48,1239,228,165,49,752,Ponderosa Pine,Vanet,Comanche Peak
11237,2421,44,23,85,20,1177,218,182,87,912,Douglas-fir,Catacount,Comanche Peak
11238,2407,27,6,30,3,1128,217,226,145,1045,Douglas-fir,Catacount,Comanche Peak
11239,2404,194,15,42,9,1015,216,251,165,1266,Ponderosa Pine,Vanet,Comanche Peak
11240,2488,71,34,300,84,1218,235,156,24,752,Ponderosa Pine,Vanet,Comanche Peak
11241,2441,36,28,127,40,1158,205,166,80,914,Douglas-fir,Catacount,Comanche Peak
11242,2395,211,1,0,0,997,218,240,159,1256,Douglas-fir,Cryaquolis,Comanche Peak
11243,2464,40,31,170,63,1138,206,158,68,918,Douglas-fir,Vanet,Comanche Peak
11244,2432,35,32,124,28,1110,198,152,68,977,Douglas-fir,Catacount,Comanche Peak
11245,2612,40,17,417,92,1194,219,200,111,751,Ponderosa Pine,Catacount,Comanche Peak
11246,2454,23,32,120,48,1055,185,156,90,1061,Douglas-fir,Catacount,Comanche Peak
11247,2410,28,18,42,10,953,210,199,119,1266,Douglas-fir,Catacount,Comanche Peak
11248,2402,33,10,30,2,930,218,218,135,1315,Douglas-fir,Catacount,Comanche Peak
11249,2493,326,29,335,90,1116,135,193,189,872,Ponderosa Pine,Catacount,Comanche Peak
11250,2646,52,12,342,72,1150,226,215,121,815,Ponderosa Pine,Catacount,Comanche Peak
11251,2521,45,36,258,120,1064,203,138,42,973,Douglas-fir,Vanet,Comanche Peak
11252,2498,33,32,228,94,1044,197,154,73,1008,Douglas-fir,Catacount,Comanche Peak
11253,2469,18,25,150,69,977,193,180,115,1167,Douglas-fir,Catacount,Comanche Peak
11254,2554,337,25,319,153,1050,158,198,174,967,Ponderosa Pine,Catacount,Comanche Peak
11255,2503,35,32,242,99,1006,198,153,69,1050,Douglas-fir,Catacount,Comanche Peak
11256,2470,35,21,153,70,927,213,190,105,1231,Douglas-fir,Catacount,Comanche Peak
11257,2444,49,22,124,2,886,223,188,89,1298,Douglas-fir,Catacount,Comanche Peak
11258,2587,93,24,534,189,1057,249,195,61,883,Ponderosa Pine,Vanet,Comanche Peak
11259,2491,29,23,180,-82,918,205,182,103,1209,Douglas-fir,Catacount,Comanche Peak
11260,2521,37,30,216,-78,940,204,159,72,1116,Douglas-fir,Catacount,Comanche Peak
11261,2645,79,8,446,51,1027,231,226,128,932,Ponderosa Pine,Catacount,Comanche Peak
11262,2560,309,27,390,-39,964,137,211,209,1020,Ponderosa Pine,Vanet,Comanche Peak
11263,2583,320,15,335,-16,960,180,225,184,1047,Ponderosa Pine,Vanet,Comanche Peak
11264,2558,41,29,234,-41,930,210,165,74,1107,Douglas-fir,Catacount,Comanche Peak
11265,2433,33,22,0,0,752,210,186,103,1448,Douglas-fir,Catacount,Comanche Peak
11266,2664,64,7,361,43,1026,227,226,133,983,Ponderosa Pine,Catacount,Comanche Peak
11267,2646,81,8,467,39,997,231,226,128,962,Ponderosa Pine,Catacount,Comanche Peak
11268,2642,86,8,488,48,994,232,227,129,960,Ponderosa Pine,Catacount,Comanche Peak
11269,2638,89,9,509,42,992,234,225,122,960,Ponderosa Pine,Catacount,Comanche Peak
11270,2577,36,20,242,-22,914,214,191,105,1116,Ponderosa Pine,Catacount,Comanche Peak
11271,2569,39,26,216,-30,902,211,175,86,1132,Ponderosa Pine,Catacount,Comanche Peak
11272,2545,20,32,108,-28,845,180,155,95,1237,Douglas-fir,Catacount,Comanche Peak
11273,2446,23,25,30,4,725,196,176,106,1468,Douglas-fir,Catacount,Comanche Peak
11274,2675,62,10,323,32,1015,229,218,121,1026,Ponderosa Pine,Catacount,Comanche Peak
11275,2575,331,30,108,-24,836,137,188,182,1224,Douglas-fir,Catacount,Comanche Peak
11276,2556,27,30,67,-17,808,192,159,86,1279,Douglas-fir,Catacount,Comanche Peak
11277,2455,5,25,85,22,674,179,183,134,1489,Douglas-fir,Catacount,Comanche Peak
11278,2626,79,15,594,30,924,239,211,99,1022,Ponderosa Pine,Catacount,Comanche Peak
11279,2566,43,15,514,-33,900,221,205,115,1055,Ponderosa Pine,Vanet,Comanche Peak
11280,2539,40,29,30,-26,760,208,163,73,1360,Douglas-fir,Catacount,Comanche Peak
11281,2519,43,30,0,0,741,210,160,65,1401,Douglas-fir,Catacount,Comanche Peak
11282,2467,5,24,127,34,636,182,187,135,1465,Douglas-fir,Catacount,Comanche Peak
11283,2598,57,18,601,-1,875,229,199,96,1065,Ponderosa Pine,Catacount,Comanche Peak
11284,2552,47,26,0,0,730,219,175,76,1383,Douglas-fir,Catacount,Comanche Peak
11285,2676,43,11,417,30,911,222,216,127,1100,Ponderosa Pine,Catacount,Comanche Peak
11286,2585,315,22,90,-14,759,156,216,198,1282,Douglas-fir,Catacount,Comanche Peak
11287,2580,59,21,0,0,713,231,191,84,1368,Douglas-fir,Catacount,Comanche Peak
11288,2518,43,27,60,0,659,213,169,75,1383,Douglas-fir,Catacount,Comanche Peak
11289,2502,17,24,85,7,631,193,183,118,1388,Douglas-fir,Catacount,Comanche Peak
11290,2611,17,10,182,11,765,212,219,144,1262,Ponderosa Pine,Catacount,Comanche Peak
11291,2521,30,26,95,2,618,202,174,95,1355,Douglas-fir,Catacount,Comanche Peak
11292,2572,54,20,85,-7,641,227,192,89,1320,Douglas-fir,Catacount,Comanche Peak
11293,2565,49,20,90,-8,636,224,193,95,1320,Douglas-fir,Catacount,Comanche Peak
11294,2691,97,11,404,28,859,238,224,116,1208,Ponderosa Pine,Catacount,Comanche Peak
11295,2570,106,28,518,-29,750,254,194,49,1201,Ponderosa Pine,Vanet,Comanche Peak
11296,2585,229,28,342,-14,722,167,252,210,1254,Ponderosa Pine,Vanet,Comanche Peak
11297,2623,49,14,95,23,655,225,209,115,1302,Douglas-fir,Catacount,Comanche Peak
11298,2589,48,23,95,-10,618,222,184,85,1291,Douglas-fir,Catacount,Comanche Peak
11299,2558,32,21,124,-7,600,210,188,106,1291,Douglas-fir,Catacount,Comanche Peak
11300,2660,51,12,633,23,755,226,214,120,1200,Ponderosa Pine,Catacount,Comanche Peak
11301,2628,86,18,700,28,742,244,207,86,1203,Ponderosa Pine,Catacount,Comanche Peak
11302,2628,42,12,124,28,626,222,213,124,1273,Douglas-fir,Catacount,Comanche Peak
11303,2658,108,12,674,21,722,241,225,112,1230,Ponderosa Pine,Catacount,Comanche Peak
11304,2575,112,27,560,-24,691,254,199,54,1253,Ponderosa Pine,Vanet,Comanche Peak
11305,2627,335,7,175,27,618,205,231,165,1253,Douglas-fir,Vanet,Comanche Peak
11306,2555,56,20,216,3,499,229,194,90,1239,Douglas-fir,Vanet,Comanche Peak
11307,2634,292,10,190,34,579,191,238,187,1218,Ponderosa Pine,Vanet,Comanche Peak
11308,2634,27,13,180,34,560,214,212,131,1209,Douglas-fir,Catacount,Comanche Peak
11309,2629,124,21,671,221,660,250,220,88,1291,Ponderosa Pine,Vanet,Comanche Peak
11310,2560,221,32,342,-39,600,166,250,203,1243,Ponderosa Pine,Vanet,Comanche Peak
11311,2634,138,12,210,34,513,238,236,127,1173,Douglas-fir,Catacount,Comanche Peak
11312,2630,122,13,212,30,503,242,229,115,1172,Douglas-fir,Catacount,Comanche Peak
11313,2529,137,30,323,-36,391,249,214,70,1159,Ponderosa Pine,Vanet,Comanche Peak
11314,2518,141,28,335,-33,376,247,220,81,1165,Ponderosa Pine,Vanet,Comanche Peak
11315,2594,259,35,324,-5,540,118,235,241,1158,Ponderosa Pine,Vanet,Comanche Peak
11316,2603,170,33,270,3,474,223,232,114,1120,Ponderosa Pine,Vanet,Comanche Peak
11317,2573,146,28,301,-26,421,245,223,87,1112,Ponderosa Pine,Vanet,Comanche Peak
11318,2550,138,31,313,-49,418,248,211,66,1116,Ponderosa Pine,Vanet,Comanche Peak
11319,2595,162,34,582,187,570,230,225,96,1381,Ponderosa Pine,Vanet,Comanche Peak
11320,2495,139,26,331,120,324,248,222,86,1106,Ponderosa Pine,Vanet,Comanche Peak
11321,2543,265,36,408,-56,480,107,228,245,1120,Ponderosa Pine,Vanet,Comanche Peak
11322,2603,150,23,351,3,470,242,232,107,1084,Ponderosa Pine,Vanet,Comanche Peak
11323,2683,49,19,598,275,577,224,195,97,1455,Ponderosa Pine,Vanet,Comanche Peak
11324,2507,131,26,510,99,480,251,215,75,1215,Ponderosa Pine,Vanet,Comanche Peak
11325,2521,257,28,450,-78,450,143,243,230,1103,Ponderosa Pine,Vanet,Comanche Peak
11326,2572,153,34,365,-27,417,238,217,78,1041,Ponderosa Pine,Vanet,Comanche Peak
11327,2492,144,27,285,113,313,246,223,87,1036,Ponderosa Pine,Vanet,Comanche Peak
11328,2639,103,36,541,231,513,252,171,13,1443,Ponderosa Pine,Vanet,Comanche Peak
11329,2541,159,21,503,133,481,237,239,121,1338,Ponderosa Pine,Vanet,Comanche Peak
11330,2536,166,25,488,128,480,231,239,124,1298,Ponderosa Pine,Vanet,Comanche Peak
11331,2548,93,26,454,140,424,250,190,51,1315,Ponderosa Pine,Vanet,Comanche Peak
11332,2472,150,29,210,86,240,242,225,91,938,Ponderosa Pine,Vanet,Comanche Peak
11333,2436,158,20,175,61,170,237,239,122,977,Ponderosa Pine,Vanet,Comanche Peak
11334,2660,141,27,497,251,474,247,221,84,1476,Ponderosa Pine,Vanet,Comanche Peak
11335,2462,155,21,390,54,360,239,237,117,1116,Ponderosa Pine,Vanet,Comanche Peak
11336,2457,222,19,390,49,342,192,254,193,1034,Ponderosa Pine,Vanet,Comanche Peak
11337,2479,224,31,390,71,330,163,250,208,993,Ponderosa Pine,Vanet,Comanche Peak
11338,2477,133,23,361,69,351,249,222,87,1168,Ponderosa Pine,Vanet,Comanche Peak
11339,2454,175,29,175,68,190,221,240,130,871,Ponderosa Pine,Vanet,Comanche Peak
11340,2411,168,24,120,36,127,230,241,129,920,Ponderosa Pine,Vanet,Comanche Peak
11341,2696,4,13,30,10,2800,202,214,148,6524,Spruce_Fir,Legault,Rawah
11342,2772,331,12,95,23,3510,190,224,173,5792,Spruce_Fir,Legault,Rawah
11343,2563,160,16,30,6,1380,235,242,133,6723,Lodgepole Pine,Cryaquolis,Rawah
11344,2588,247,4,212,-8,300,212,242,168,6186,Aspen,Legault,Rawah
11345,2594,320,4,153,-2,301,210,236,164,6132,Aspen,Legault,Rawah
11346,2606,102,8,212,5,612,234,230,128,6189,Aspen,Legault,Rawah
11347,2494,153,4,0,0,725,225,240,150,5633,Aspen,Cryaquolis,Rawah
11348,2745,120,20,150,69,3247,249,219,90,6061,Aspen,Legault,Rawah
11349,2788,107,13,242,92,3398,241,224,110,5912,Aspen,Legault,Rawah
11350,2511,18,1,150,18,726,218,236,156,5514,Aspen,Rogert,Rawah
11351,2482,105,8,30,-9,815,234,230,128,5450,Aspen,Rogert,Rawah
11352,2725,79,10,95,4,2270,234,222,119,6993,Spruce_Fir,Legault,Rawah
11353,2507,131,5,153,14,745,228,237,143,5485,Aspen,Rogert,Rawah
11354,2492,76,4,0,0,842,225,232,143,5428,Aspen,Rogert,Rawah
11355,2857,172,15,60,7,4873,229,246,145,4448,Lodgepole Pine,Legault,Rawah
11356,2532,26,7,210,-1,649,217,225,144,5493,Aspen,Rogert,Rawah
11357,2498,48,7,85,7,876,223,225,137,5394,Aspen,Rogert,Rawah
11358,2497,45,8,67,6,900,222,223,136,5386,Aspen,Rogert,Rawah
11359,2489,51,6,60,-1,840,223,227,139,5370,Aspen,Rogert,Rawah
11360,2486,73,6,60,-4,810,228,228,134,5363,Aspen,Rogert,Rawah
11361,2762,126,18,150,63,3383,247,225,99,5948,Aspen,Legault,Rawah
11362,2686,74,7,108,28,1754,229,227,132,6578,Lodgepole Pine,Legault,Rawah
11363,2732,117,35,67,33,3364,254,186,28,5983,Aspen,Legault,Rawah
11364,2778,18,11,228,92,3013,211,217,142,6344,Spruce_Fir,Legault,Rawah
11365,2504,79,13,127,33,870,237,216,107,5176,Aspen,Rogert,Rawah
11366,2995,339,11,95,17,5969,197,225,166,3472,Lodgepole Pine,Legault,Rawah
11367,3001,73,10,42,0,6245,232,221,121,3223,Lodgepole Pine,Legault,Rawah
11368,2686,67,8,430,4,1673,228,224,129,5993,Lodgepole Pine,Legault,Rawah
11369,3021,96,14,85,13,6339,241,219,105,3144,Lodgepole Pine,Legault,Rawah
11370,2837,358,7,234,85,3486,209,227,156,5999,Spruce_Fir,Legault,Rawah
11371,2742,56,3,108,7,2635,222,232,146,6600,Lodgepole Pine,Legault,Rawah
11372,2502,45,6,270,21,875,222,227,141,4716,Lodgepole Pine,Rogert,Rawah
11373,2806,318,13,30,3,4722,186,228,182,4819,Lodgepole Pine,Legault,Rawah
11374,2525,151,5,295,43,1273,226,240,148,4763,Lodgepole Pine,Rogert,Rawah
11375,2985,90,11,301,23,5773,237,223,116,3833,Lodgepole Pine,Legault,Rawah
11376,3064,167,6,60,-8,6766,225,242,151,2952,Lodgepole Pine,Legault,Rawah
11377,2975,173,24,134,30,5843,227,244,136,3863,Lodgepole Pine,Legault,Rawah
11378,2656,128,16,108,37,1667,245,228,107,5215,Lodgepole Pine,Legault,Rawah
11379,2968,52,11,0,0,6177,226,216,123,3577,Spruce_Fir,Legault,Rawah
11380,2900,2,20,474,108,4478,187,197,143,5254,Spruce_Fir,Legault,Rawah
11381,2900,70,25,108,0,5460,237,182,62,4288,Lodgepole Pine,Legault,Rawah
11382,2513,342,9,0,0,1347,201,226,164,4444,Lodgepole Pine,Cryaquolis,Rawah
11383,2945,4,7,30,6,5947,211,227,153,3872,Spruce_Fir,Leighcan,Rawah
11384,3080,164,20,454,46,5622,234,241,128,1595,Lodgepole Pine,Legault,Rawah
11385,2896,294,24,180,82,5114,147,227,216,4744,Spruce_Fir,Leighcan,Rawah
11386,2653,101,8,150,42,1831,235,229,126,4812,Lodgepole Pine,Legault,Rawah
11387,2834,109,12,67,10,5418,241,226,113,4546,Spruce_Fir,Legault,Rawah
11388,2582,10,8,300,28,1318,211,224,149,4202,Lodgepole Pine,Rogert,Rawah
11389,2620,1,12,153,31,1693,203,217,152,4427,Lodgepole Pine,Legault,Rawah
11390,3103,207,11,297,49,6083,213,250,171,2140,Lodgepole Pine,Legault,Rawah
11391,3093,258,8,30,0,6194,201,245,182,2405,Spruce_Fir,Legault,Rawah
11392,2834,54,6,134,16,3503,224,226,137,6390,Lodgepole Pine,Legault,Rawah
11393,2646,2,17,277,49,1610,194,205,146,4311,Lodgepole Pine,Legault,Rawah
11394,2738,26,12,30,3,2761,214,214,134,5497,Lodgepole Pine,Cryaquolis,Rawah
11395,2715,53,5,234,34,2322,223,229,142,4943,Lodgepole Pine,Legault,Rawah
11396,3031,213,16,376,20,5791,205,253,181,2190,Lodgepole Pine,Legault,Rawah
11397,2978,149,23,319,134,6018,243,232,105,4176,Lodgepole Pine,Legault,Rawah
11398,3037,45,12,541,3,6508,223,214,123,3578,Spruce_Fir,Legault,Rawah
11399,2502,357,9,323,24,671,206,224,156,3666,Aspen,Rogert,Rawah
11400,3054,3,25,124,36,5010,178,183,136,1972,Spruce_Fir,Legault,Rawah
11401,2883,68,9,0,0,4384,230,221,124,5917,Lodgepole Pine,Cryaquolis,Rawah
11402,2703,312,12,95,32,2132,186,231,184,4543,Lodgepole Pine,Legault,Rawah
11403,2712,66,15,212,1,1641,233,210,105,4213,Lodgepole Pine,Legault,Rawah
11404,3159,118,21,446,102,4710,250,216,83,1784,Spruce_Fir,Legault,Rawah
11405,3004,235,6,216,9,5698,210,245,173,2391,Spruce_Fir,Legault,Rawah
11406,2759,26,7,297,28,2881,217,225,144,5168,Lodgepole Pine,Legault,Rawah
11407,2729,346,2,153,1,1536,215,235,158,4034,Lodgepole Pine,Legault,Rawah
11408,2614,71,14,361,82,990,235,211,104,3645,Lodgepole Pine,Legault,Rawah
11409,2709,104,2,212,0,1991,222,236,150,4264,Lodgepole Pine,Legault,Rawah
11410,3178,343,9,806,137,4327,202,226,163,2089,Spruce_Fir,Legault,Rawah
11411,3004,336,6,566,170,5478,206,231,164,5172,Lodgepole Pine,Cryaquolis,Rawah
11412,2991,56,21,134,9,5179,229,190,84,2642,Spruce_Fir,Legault,Rawah
11413,3047,211,18,600,180,5954,202,254,182,3907,Lodgepole Pine,Legault,Rawah
11414,3109,71,21,268,39,4901,238,195,79,2713,Spruce_Fir,Legault,Rawah
11415,3062,68,25,67,15,4970,236,183,63,2831,Spruce_Fir,Legault,Rawah
11416,2793,48,23,30,16,3217,221,183,84,4970,Lodgepole Pine,Legault,Rawah
11417,2880,162,5,0,0,6132,224,241,151,4587,Lodgepole Pine,Legault,Rawah
11418,2926,51,9,95,10,5032,225,220,128,3250,Spruce_Fir,Cryaquolis,Rawah
11419,2830,11,13,42,8,3197,206,213,143,4883,Lodgepole Pine,Leighcan,Rawah
11420,2889,79,26,162,37,3439,243,183,53,5076,Lodgepole Pine,Legault,Rawah
11421,2717,101,14,190,30,1895,243,220,104,3788,Lodgepole Pine,Legault,Rawah
11422,3031,232,8,480,145,6030,207,248,178,5130,Lodgepole Pine,Legault,Rawah
11423,2916,121,15,127,49,3543,245,226,106,5099,Lodgepole Pine,Legault,Rawah
11424,2669,35,19,297,68,872,215,196,111,2934,Lodgepole Pine,Legault,Rawah
11425,2852,1,11,67,0,3285,204,219,152,4832,Lodgepole Pine,Legault,Rawah
11426,2982,255,7,511,66,5435,205,244,178,4273,Lodgepole Pine,Legault,Rawah
11427,2696,35,13,0,0,1661,218,211,126,3342,Lodgepole Pine,Cryaquolis,Rawah
11428,3008,193,12,633,99,6066,219,249,163,5431,Lodgepole Pine,Legault,Rawah
11429,3185,338,11,67,17,4310,196,225,167,3287,Spruce_Fir,Cryaquolis,Rawah
11430,3011,17,5,1020,85,5678,216,229,151,5960,Lodgepole Pine,Legault,Rawah
11431,2848,39,13,127,0,3021,220,212,124,4414,Lodgepole Pine,Legault,Rawah
11432,2661,118,15,485,61,931,244,226,107,2620,Lodgepole Pine,Legault,Rawah
11433,3067,16,15,612,151,4517,206,207,136,3691,Spruce_Fir,Legault,Rawah
11434,2683,83,8,534,83,1084,231,227,128,2696,Lodgepole Pine,Legault,Rawah
11435,2962,23,12,153,30,4996,213,214,136,6252,Lodgepole Pine,Legault,Rawah
11436,2968,270,4,480,71,4178,210,241,170,5449,Lodgepole Pine,Legault,Rawah
11437,3004,151,8,769,32,5571,231,240,141,6225,Spruce_Fir,Legault,Rawah
11438,2936,353,6,150,27,4767,210,230,158,4255,Spruce_Fir,Cryaquolis,Rawah
11439,3129,357,14,854,210,4279,197,213,153,3792,Spruce_Fir,Legault,Rawah
11440,2929,209,17,371,20,5770,205,254,179,5413,Lodgepole Pine,Legault,Rawah
11441,3244,107,9,150,23,3795,236,229,124,3388,Spruce_Fir,Legault,Rawah
11442,2906,180,3,134,6,4943,220,241,156,4597,Lodgepole Pine,Cryaquolis,Rawah
11443,2613,115,18,175,13,973,248,220,94,2335,Lodgepole Pine,Legault,Rawah
11444,3254,129,12,242,33,3664,240,233,121,3413,Spruce_Fir,Legault,Rawah
11445,2782,45,5,0,0,2192,221,229,143,3235,Spruce_Fir,Cryaquolis,Rawah
11446,3024,357,5,663,52,5646,213,231,157,6504,Lodgepole Pine,Legault,Rawah
11447,2857,83,6,30,2,3156,229,230,135,4129,Lodgepole Pine,Cryaquolis,Rawah
11448,3234,59,4,350,13,3653,223,231,143,3855,Spruce_Fir,Cryaquolis,Rawah
11449,2978,164,14,150,23,4668,232,244,140,5632,Lodgepole Pine,Legault,Rawah
11450,2962,176,10,90,10,4468,226,246,152,5428,Lodgepole Pine,Legault,Rawah
11451,2897,72,13,150,17,3342,234,215,111,4231,Lodgepole Pine,Cryaquolis,Rawah
11452,2945,24,17,331,45,4526,208,200,124,5060,Spruce_Fir,Legault,Rawah
11453,3109,126,13,417,-32,4001,242,231,115,4664,Lodgepole Pine,Legault,Rawah
11454,2985,220,13,579,89,6021,205,252,182,6483,Lodgepole Pine,Legault,Rawah
11455,2884,329,3,190,16,3115,213,236,161,3862,Lodgepole Pine,Legault,Rawah
11456,2985,54,13,277,53,4395,227,211,115,5130,Spruce_Fir,Legault,Rawah
11457,2772,43,19,537,-37,1676,220,196,104,2215,Lodgepole Pine,Legault,Rawah
11458,2673,47,9,309,7,1245,223,221,132,1528,Lodgepole Pine,Legault,Rawah
11459,3142,180,14,95,10,3678,225,248,153,4849,Spruce_Fir,Legault,Rawah
11460,2972,162,15,108,20,4195,233,243,136,5280,Lodgepole Pine,Legault,Rawah
11461,2830,76,9,170,24,2438,232,223,124,2922,Lodgepole Pine,Legault,Rawah
11462,2975,308,8,454,39,4374,199,235,176,4972,Lodgepole Pine,Legault,Rawah
11463,3021,135,1,573,56,5460,220,238,154,5681,Lodgepole Pine,Legault,Rawah
11464,2649,39,12,384,-7,1282,220,212,125,743,Lodgepole Pine,Legault,Rawah
11465,3083,122,9,90,13,3470,235,233,129,5299,Spruce_Fir,Legault,Rawah
11466,2933,75,8,540,-5,3998,230,225,127,4385,Lodgepole Pine,Cryaquolis,Rawah
11467,2934,176,13,376,85,3137,226,247,150,3413,Lodgepole Pine,Legault,Rawah
11468,2927,61,9,480,5,3971,227,222,128,4316,Lodgepole Pine,Cryaquolis,Rawah
11469,2952,191,2,384,-42,3861,219,241,158,5757,Lodgepole Pine,Cryaquolis,Rawah
11470,3008,205,13,726,112,5907,212,251,172,5586,Lodgepole Pine,Legault,Rawah
11471,2778,131,14,361,124,1651,242,231,115,960,Aspen,Legault,Rawah
11472,2732,114,26,283,111,1501,253,205,62,816,Aspen,Legault,Rawah
11473,2719,120,22,268,103,1471,251,216,81,787,Aspen,Legault,Rawah
11474,2887,139,10,175,25,3456,236,237,131,3539,Lodgepole Pine,Legault,Rawah
11475,3191,115,7,134,19,2754,232,233,134,5314,Spruce_Fir,Leighcan,Rawah
11476,2998,123,11,85,13,5130,239,232,122,5021,Lodgepole Pine,Legault,Rawah
11477,2724,121,19,216,70,1530,249,221,91,824,Aspen,Legault,Rawah
11478,2720,123,15,192,66,1530,244,228,109,819,Aspen,Legault,Rawah
11479,2681,101,24,134,43,1410,251,200,63,700,Aspen,Legault,Rawah
11480,2647,108,22,85,31,1320,251,210,76,612,Aspen,Legault,Rawah
11481,2774,139,9,268,12,2220,234,237,134,1477,Lodgepole Pine,Legault,Rawah
11482,2738,124,14,216,64,1620,243,229,112,902,Aspen,Legault,Rawah
11483,2701,123,20,134,47,1470,249,221,90,755,Aspen,Legault,Rawah
11484,2923,201,8,90,14,4188,217,247,165,4300,Lodgepole Pine,Legault,Rawah
11485,2661,21,15,0,0,1415,209,207,132,655,Aspen,Legault,Rawah
11486,2913,149,1,192,-2,4056,221,238,154,6428,Lodgepole Pine,Cryaquolis,Rawah
11487,2714,150,14,85,26,1687,237,239,128,912,Lodgepole Pine,Legault,Rawah
11488,2695,148,17,60,7,1597,241,236,118,824,Lodgepole Pine,Legault,Rawah
11489,2893,121,6,210,11,3833,230,235,139,3660,Lodgepole Pine,Legault,Rawah
11490,2780,178,14,170,19,2933,225,247,151,2220,Lodgepole Pine,Legault,Rawah
11491,2803,114,16,30,-8,3216,246,222,99,2642,Lodgepole Pine,Cryaquolis,Rawah
11492,2606,96,2,300,58,1140,223,236,149,351,Lodgepole Pine,Legault,Rawah
11493,2896,302,9,446,17,3840,195,236,181,3485,Lodgepole Pine,Legault,Rawah
11494,2761,95,12,0,0,3048,239,222,112,2293,Lodgepole Pine,Cryaquolis,Rawah
11495,2565,143,19,85,34,900,244,232,108,256,Lodgepole Pine,Legault,Rawah
11496,2577,116,12,127,29,1050,241,228,115,361,Lodgepole Pine,Legault,Rawah
11497,2696,79,5,95,10,1800,226,231,139,1034,Lodgepole Pine,Legault,Rawah
11498,2909,139,10,170,5,4387,235,237,132,4012,Spruce_Fir,Legault,Rawah
11499,2900,41,5,499,84,3745,221,229,144,3171,Lodgepole Pine,Legault,Rawah
11500,2931,36,7,272,27,4559,220,225,141,3941,Lodgepole Pine,Legault,Rawah
11501,3008,123,12,180,36,5193,240,231,120,4061,Spruce_Fir,Legault,Rawah
11502,2581,342,21,42,14,1218,172,203,167,741,Lodgepole Pine,Legault,Rawah
11503,2912,41,5,124,-2,4018,221,229,144,5571,Lodgepole Pine,Cryaquolis,Rawah
11504,2945,65,17,212,60,4520,233,204,97,3618,Lodgepole Pine,Legault,Rawah
11505,2975,262,20,443,75,5574,167,246,215,4255,Lodgepole Pine,Legault,Rawah
11506,2735,130,12,120,29,2505,240,233,121,2175,Lodgepole Pine,Legault,Rawah
11507,2945,58,14,342,30,3778,229,211,112,5515,Lodgepole Pine,Legault,Rawah
11508,3057,333,7,658,85,5700,205,232,166,3757,Spruce_Fir,Legault,Rawah
11509,2618,54,4,242,6,785,222,230,143,938,Lodgepole Pine,Legault,Rawah
11510,2543,107,8,342,39,400,234,231,129,1154,Lodgepole Pine,Legault,Rawah
11511,2804,159,12,190,51,3248,233,242,138,2981,Lodgepole Pine,Legault,Rawah
11512,3014,4,12,335,32,3081,204,218,150,5992,Spruce_Fir,Legault,Rawah
11513,2886,105,11,60,0,4272,240,226,115,3215,Spruce_Fir,Legault,Rawah
11514,3057,75,11,272,58,5251,234,219,116,3388,Lodgepole Pine,Legault,Rawah
11515,2784,156,14,124,31,3260,235,241,132,3042,Lodgepole Pine,Legault,Rawah
11516,2975,67,12,277,20,3664,232,215,113,5378,Lodgepole Pine,Legault,Rawah
11517,2795,187,10,42,1,3662,222,248,159,3118,Spruce_Fir,Legault,Rawah
11518,2972,56,12,212,13,3676,228,214,117,5318,Lodgepole Pine,Legault,Rawah
11519,2556,108,7,190,9,351,232,232,133,1396,Lodgepole Pine,Legault,Rawah
11520,2639,111,15,212,27,618,244,223,104,1323,Lodgepole Pine,Legault,Rawah
11521,2557,165,15,67,10,270,232,244,139,1443,Lodgepole Pine,Legault,Rawah
11522,3077,209,5,579,78,5500,216,244,165,3274,Lodgepole Pine,Legault,Rawah
11523,3059,57,16,234,25,3056,229,206,105,5656,Spruce_Fir,Legault,Rawah
11524,2937,164,13,228,26,4650,231,244,141,2678,Lodgepole Pine,Legault,Rawah
11525,2657,128,13,242,-3,721,241,232,118,1771,Lodgepole Pine,Legault,Rawah
11526,3008,297,1,722,99,5610,216,238,160,2989,Lodgepole Pine,Legault,Rawah
11527,2633,151,17,228,75,543,239,238,121,1776,Lodgepole Pine,Legault,Rawah
11528,2898,50,25,218,89,3543,222,177,76,2512,Lodgepole Pine,Legault,Rawah
11529,2559,129,20,67,5,430,249,223,93,1890,Lodgepole Pine,Legault,Rawah
11530,2577,293,15,127,42,180,177,236,199,1621,Lodgepole Pine,Legault,Rawah
11531,2853,120,7,488,52,2618,232,235,136,2799,Lodgepole Pine,Legault,Rawah
11532,2789,138,6,127,16,2114,229,238,143,2594,Lodgepole Pine,Legault,Rawah
11533,3014,40,11,537,13,3849,221,216,128,4677,Spruce_Fir,Legault,Rawah
11534,2991,45,16,552,49,4328,223,203,110,4269,Lodgepole Pine,Legault,Rawah
11535,3077,63,20,360,8,3515,233,196,86,4924,Lodgepole Pine,Legault,Rawah
11536,2755,76,20,258,12,1718,240,199,82,2439,Lodgepole Pine,Legault,Rawah
11537,2591,23,14,190,41,150,211,209,131,1116,Lodgepole Pine,Legault,Rawah
11538,2926,114,6,120,13,4694,232,233,135,3829,Spruce_Fir,Cryaquolis,Rawah
11539,3003,135,1,361,86,4354,220,238,155,2088,Lodgepole Pine,Legault,Rawah
11540,2998,87,9,402,87,4294,233,226,125,2081,Lodgepole Pine,Legault,Rawah
11541,3064,5,12,604,14,3810,205,217,149,4508,Spruce_Fir,Legault,Rawah
11542,2828,113,15,120,27,2903,245,223,104,2280,Aspen,Legault,Rawah
11543,2717,41,16,283,9,907,220,203,113,2190,Lodgepole Pine,Legault,Rawah
11544,2902,159,18,60,4,3566,236,241,129,1917,Lodgepole Pine,Legault,Rawah
11545,2835,94,15,124,34,2926,243,216,99,2205,Aspen,Legault,Rawah
11546,2736,125,17,175,80,2128,246,226,103,2722,Lodgepole Pine,Legault,Rawah
11547,2996,358,7,408,69,4661,210,227,156,1879,Lodgepole Pine,Legault,Rawah
11548,2787,119,19,30,3,2819,248,220,92,2250,Aspen,Legault,Rawah
11549,2960,260,7,458,40,5284,203,244,179,1981,Lodgepole Pine,Legault,Rawah
11550,2699,350,20,108,43,1950,179,202,157,2727,Lodgepole Pine,Legault,Rawah
11551,2741,90,21,67,12,2774,246,203,76,2165,Aspen,Legault,Rawah
11552,2691,171,24,30,5,2553,228,242,131,2335,Aspen,Legault,Rawah
11553,2865,103,15,108,26,3377,244,220,101,1772,Lodgepole Pine,Legault,Rawah
11554,2765,324,19,60,24,1660,170,217,185,2922,Lodgepole Pine,Legault,Rawah
11555,2741,120,24,108,46,2836,252,213,74,2079,Aspen,Legault,Rawah
11556,2994,86,10,255,57,4737,234,224,120,1538,Lodgepole Pine,Legault,Rawah
11557,2892,186,23,60,17,4310,217,249,153,1413,Lodgepole Pine,Legault,Rawah
11558,3172,79,10,474,30,2966,233,223,121,4850,Spruce_Fir,Legault,Rawah
11559,2873,188,19,175,58,3890,218,250,158,1426,Lodgepole Pine,Legault,Rawah
11560,3054,1,16,300,4,3985,196,209,149,3627,Spruce_Fir,Legault,Rawah
11561,2937,90,5,0,0,4583,228,231,137,1302,Lodgepole Pine,Legault,Rawah
11562,3123,63,10,216,17,3622,229,221,124,3891,Spruce_Fir,Cryaquolis,Rawah
11563,2856,49,20,108,32,4224,224,194,96,1144,Lodgepole Pine,Legault,Rawah
11564,2800,39,15,297,58,1627,219,206,118,2579,Lodgepole Pine,Legault,Rawah
11565,3146,52,11,108,4,3182,226,216,123,4300,Spruce_Fir,Cryaquolis,Rawah
11566,2692,103,17,0,0,1190,247,215,91,2132,Aspen,Cryaquolis,Rawah
11567,2860,357,20,488,166,2773,183,199,149,1879,Lodgepole Pine,Legault,Rawah
11568,2641,26,12,134,21,780,214,214,134,1588,Lodgepole Pine,Legault,Rawah
11569,2739,91,10,30,4,1398,235,225,120,2343,Aspen,Cryaquolis,Rawah
11570,2730,337,21,85,18,1279,170,207,173,2230,Aspen,Legault,Rawah
11571,2834,319,28,258,95,3509,138,202,199,1321,Lodgepole Pine,Legault,Rawah
11572,2741,47,11,30,6,1416,224,216,125,2362,Aspen,Cryaquolis,Rawah
11573,2962,251,14,268,46,5274,187,249,199,1744,Lodgepole Pine,Legault,Rawah
11574,2760,95,3,162,21,1294,224,235,147,2249,Lodgepole Pine,Legault,Rawah
11575,2840,97,11,360,58,2053,239,224,114,2831,Lodgepole Pine,Legault,Rawah
11576,2913,324,26,430,174,3578,145,202,191,1215,Lodgepole Pine,Legault,Rawah
11577,3030,307,17,595,54,5482,173,228,195,1209,Lodgepole Pine,Legault,Rawah
11578,2824,304,22,134,54,3915,155,223,206,914,Lodgepole Pine,Legault,Rawah
11579,3001,329,17,421,85,5400,178,218,179,1383,Lodgepole Pine,Legault,Rawah
11580,3175,10,12,700,62,3445,207,216,145,3695,Spruce_Fir,Legault,Rawah
11581,2968,171,17,430,52,4535,230,245,141,511,Lodgepole Pine,Legault,Rawah
11582,2866,306,27,210,98,3912,134,212,213,907,Lodgepole Pine,Legault,Rawah
11583,2922,139,27,283,121,4406,248,219,79,497,Lodgepole Pine,Legault,Rawah
11584,2748,43,9,30,0,1657,222,221,134,2611,Aspen,Cryaquolis,Rawah
11585,3004,231,13,390,95,5320,199,252,188,1328,Lodgepole Pine,Legault,Rawah
11586,3004,189,9,446,101,3358,221,247,160,1252,Lodgepole Pine,Legault,Rawah
11587,3083,29,12,85,-2,4101,216,213,131,2754,Spruce_Fir,Legault,Rawah
11588,2855,289,21,90,34,4119,155,232,215,700,Lodgepole Pine,Legault,Rawah
11589,2882,337,9,469,62,2250,200,228,166,2704,Lodgepole Pine,Legault,Rawah
11590,2683,51,12,319,36,484,226,213,119,1731,Lodgepole Pine,Legault,Rawah
11591,3034,96,19,277,-25,4268,247,209,82,2478,Lodgepole Pine,Legault,Rawah
11592,3040,77,12,285,71,5327,235,217,112,808,Lodgepole Pine,Legault,Rawah
11593,2858,2,20,192,5,2701,187,197,143,2202,Lodgepole Pine,Legault,Rawah
11594,2878,117,10,366,58,2343,237,231,124,2663,Lodgepole Pine,Legault,Rawah
11595,2854,322,22,30,11,4237,158,212,191,618,Lodgepole Pine,Legault,Rawah
11596,2725,338,9,30,0,1530,201,228,166,2292,Lodgepole Pine,Cryaquolis,Rawah
11597,2579,247,2,283,-2,382,215,240,162,1243,Spruce_Fir,Troutville,Rawah
11598,2909,163,13,433,57,2724,232,243,140,2256,Lodgepole Pine,Legault,Rawah
11599,2735,27,7,0,0,1620,217,224,143,2411,Lodgepole Pine,Cryaquolis,Rawah
11600,3043,91,10,382,83,5423,236,224,119,721,Lodgepole Pine,Legault,Rawah
11601,2590,9,9,330,45,484,211,223,149,1100,Lodgepole Pine,Troutville,Rawah
11602,2920,2,17,150,23,4292,194,205,146,424,Spruce_Fir,Legault,Rawah
11603,3004,201,12,488,114,5395,215,250,169,904,Lodgepole Pine,Legault,Rawah
11604,2850,99,23,67,18,4909,250,201,65,124,Spruce_Fir,Legault,Rawah
11605,2909,10,8,30,3,4657,211,224,149,1690,Lodgepole Pine,Cryaquolis,Rawah
11606,2821,356,6,0,0,2408,210,229,157,2676,Spruce_Fir,Cryaquolis,Rawah
11607,2750,137,8,0,0,2003,233,237,136,2885,Lodgepole Pine,Cryaquolis,Rawah
11608,2766,133,9,150,26,1682,235,236,131,2218,Lodgepole Pine,Legault,Rawah
11609,2917,304,17,67,19,3461,172,229,197,1515,Lodgepole Pine,Legault,Rawah
11610,2835,324,6,30,-5,5169,204,233,168,402,Spruce_Fir,Cryaquolis,Rawah
11611,2776,336,10,42,11,2268,197,226,168,3013,Lodgepole Pine,Cryaquolis,Rawah
11612,2711,39,6,360,-11,999,220,227,142,1215,Lodgepole Pine,Cryaquolis,Rawah
11613,2717,343,8,450,4,1020,204,228,163,1065,Lodgepole Pine,Legault,Rawah
11614,2865,18,4,30,-1,2938,217,231,152,2148,Lodgepole Pine,Legault,Rawah
11615,3106,45,14,297,33,3613,223,208,116,2707,Spruce_Fir,Leighcan,Rawah
11616,2962,56,5,361,54,3580,223,229,141,1624,Lodgepole Pine,Legault,Rawah
11617,2855,154,6,108,17,2635,227,241,147,2505,Spruce_Fir,Legault,Rawah
11618,2980,303,23,541,3,4973,149,221,209,366,Lodgepole Pine,Legault,Rawah
11619,3070,105,13,350,95,3743,242,223,108,2534,Spruce_Fir,Legault,Rawah
11620,2867,211,8,85,12,2830,213,248,170,2291,Spruce_Fir,Legault,Rawah
11621,2740,357,5,577,14,1177,212,231,156,953,Lodgepole Pine,Legault,Rawah
11622,3090,154,16,323,66,3529,237,239,127,2742,Spruce_Fir,Legault,Rawah
11623,2867,288,14,60,8,5459,178,238,199,859,Lodgepole Pine,Legault,Rawah
11624,2873,29,14,268,40,2676,214,208,126,2688,Lodgepole Pine,Legault,Rawah
11625,2624,45,3,0,0,1339,220,232,148,228,Lodgepole Pine,Troutville,Rawah
11626,3089,352,21,218,43,4852,178,198,155,658,Lodgepole Pine,Legault,Rawah
11627,2657,28,11,201,10,1200,216,215,134,85,Lodgepole Pine,Cryaquolis,Rawah
11628,3017,85,6,256,46,4224,228,230,136,1112,Lodgepole Pine,Legault,Rawah
11629,2928,339,12,127,1,3692,195,223,167,1392,Lodgepole Pine,Legault,Rawah
11630,3139,129,9,150,30,2958,235,235,130,3298,Spruce_Fir,Legault,Rawah
11631,2955,315,3,379,-6,4207,210,236,164,2131,Lodgepole Pine,Cryaquolis,Rawah
11632,2909,258,16,108,12,5021,179,248,206,1524,Aspen,Legault,Rawah
11633,2906,76,14,268,42,3037,236,214,106,2523,Lodgepole Pine,Legault,Rawah
11634,2852,3,8,331,54,2040,209,225,153,1687,Lodgepole Pine,Legault,Rawah
11635,3136,284,14,576,90,5229,180,239,199,841,Lodgepole Pine,Legault,Rawah
11636,2852,7,8,42,3,2826,210,224,151,2738,Lodgepole Pine,Legault,Rawah
11637,2903,35,9,85,4,4761,219,220,136,1767,Aspen,Cryaquolis,Rawah
11638,2909,24,14,42,8,4878,212,209,131,1692,Aspen,Cryaquolis,Rawah
11639,2923,250,17,120,10,5077,180,250,206,1600,Aspen,Legault,Rawah
11640,2900,93,8,153,36,3090,233,228,127,2525,Lodgepole Pine,Legault,Rawah
11641,2921,255,9,85,7,4766,199,246,186,1842,Aspen,Legault,Rawah
11642,2909,355,5,30,-4,4913,211,230,157,1756,Aspen,Cryaquolis,Rawah
11643,2910,351,10,42,3,4943,202,223,159,1739,Aspen,Cryaquolis,Rawah
11644,2911,332,11,67,2,4972,193,225,172,1724,Aspen,Cryaquolis,Rawah
11645,2704,93,20,60,14,1572,247,205,78,525,Lodgepole Pine,Cryaquolis,Rawah
11646,2948,296,13,366,40,5180,182,235,193,1742,Aspen,Legault,Rawah
11647,2872,111,10,242,60,2497,237,229,122,1994,Lodgepole Pine,Legault,Rawah
11648,2797,124,11,60,13,2223,238,232,124,1410,Lodgepole Pine,Legault,Rawah
11649,2949,86,12,120,25,4608,237,221,113,2106,Aspen,Cryaquolis,Rawah
11650,2971,325,15,420,45,5198,181,222,180,1782,Aspen,Legault,Rawah
11651,3095,61,15,301,33,4816,231,208,106,579,Lodgepole Pine,Legault,Rawah
11652,2957,69,3,60,7,4648,223,233,145,2197,Aspen,Cryaquolis,Rawah
11653,2951,313,8,90,15,4827,198,234,176,2107,Aspen,Legault,Rawah
11654,2992,84,6,108,8,3918,229,229,133,1537,Lodgepole Pine,Legault,Rawah
11655,3008,45,1,258,49,4436,219,236,154,2340,Lodgepole Pine,Legault,Rawah
11656,2952,294,8,67,10,4794,197,238,181,2148,Aspen,Legault,Rawah
11657,3019,315,1,42,0,4220,215,237,160,993,Lodgepole Pine,Legault,Rawah
11658,3136,6,16,661,-54,3628,199,208,144,2912,Lodgepole Pine,Legault,Rawah
11659,3172,212,3,510,64,5662,217,242,162,1216,Lodgepole Pine,Legault,Rawah
11660,2950,265,3,30,-1,4724,213,240,166,2282,Aspen,Cryaquolis,Rawah
11661,2956,270,2,90,14,4784,213,240,165,2250,Aspen,Legault,Rawah
11662,3102,321,9,67,-2,5240,197,231,174,644,Spruce_Fir,Legault,Rawah
11663,2925,49,13,309,38,3319,225,211,117,2706,Lodgepole Pine,Legault,Rawah
11664,3228,11,18,395,37,3694,198,200,136,3034,Spruce_Fir,Legault,Rawah
11665,2953,117,7,108,7,5312,233,233,132,2064,Spruce_Fir,Legault,Rawah
11666,3112,86,21,175,14,5121,245,200,75,60,Lodgepole Pine,Legault,Rawah
11667,2951,339,6,283,40,3573,207,232,163,2520,Lodgepole Pine,Legault,Rawah
11668,3091,52,9,120,-6,5089,225,221,130,42,Lodgepole Pine,Legault,Rawah
11669,2584,28,13,182,40,900,215,212,131,1338,Lodgepole Pine,Troutville,Rawah
11670,2984,55,13,268,39,4116,228,211,113,1896,Lodgepole Pine,Legault,Rawah
11671,3058,319,9,153,25,4779,197,232,175,895,Spruce_Fir,Legault,Rawah
11672,3155,62,8,210,55,5444,227,223,130,361,Spruce_Fir,Legault,Rawah
11673,2976,42,7,240,22,5014,221,225,138,2554,Spruce_Fir,Legault,Rawah
11674,3111,342,6,134,25,5235,208,231,162,335,Spruce_Fir,Legault,Rawah
11675,2961,83,10,30,7,5226,235,222,119,2452,Spruce_Fir,Cryaquolis,Rawah
11676,3087,249,14,674,109,6250,188,250,199,1480,Lodgepole Pine,Legault,Rawah
11677,2991,171,8,210,39,4198,226,244,151,2256,Lodgepole Pine,Legault,Rawah
11678,3267,86,7,283,62,3068,231,228,130,3989,Spruce_Fir,Cryorthents,Rawah
11679,2917,50,16,182,41,3573,225,205,109,2912,Lodgepole Pine,Legault,Rawah
11680,3064,150,22,90,9,4685,242,233,108,3055,Lodgepole Pine,Legault,Rawah
11681,2989,217,12,124,22,4564,207,251,179,1889,Spruce_Fir,Legault,Rawah
11682,3091,27,2,162,7,5193,218,234,153,1134,Spruce_Fir,Legault,Rawah
11683,3095,18,2,228,11,5187,217,234,154,1200,Spruce_Fir,Legault,Rawah
11684,3161,90,1,170,19,5708,221,236,151,751,Spruce_Fir,Legault,Rawah
11685,2946,153,14,30,5,4013,236,240,131,2438,Lodgepole Pine,Cryaquolis,Rawah
11686,2980,61,5,0,0,5484,224,229,141,2335,Spruce_Fir,Cryaquolis,Rawah
11687,3095,357,8,85,0,5420,207,226,156,1087,Spruce_Fir,Cryaquolis,Rawah
11688,2972,55,9,30,5,5489,226,221,128,2301,Spruce_Fir,Cryaquolis,Rawah
11689,3117,92,11,212,22,5598,237,223,116,1047,Spruce_Fir,Legault,Rawah
11690,2875,63,12,323,43,2039,230,215,116,2324,Lodgepole Pine,Legault,Rawah
11691,3071,80,12,509,55,5001,236,219,113,1579,Spruce_Fir,Legault,Rawah
11692,3162,8,29,499,66,5835,175,171,122,1071,Spruce_Fir,Legault,Rawah
11693,2843,35,10,0,0,1784,219,218,134,2514,Lodgepole Pine,Cryaquolis,Rawah
11694,3055,230,18,319,43,5708,190,253,197,1913,Lodgepole Pine,Legault,Rawah
11695,2954,250,10,240,78,2881,198,248,188,2353,Lodgepole Pine,Legault,Rawah
11696,2795,37,5,190,2,1153,220,229,145,2523,Spruce_Fir,Legault,Rawah
11697,2991,267,4,371,108,2753,209,241,170,2160,Lodgepole Pine,Legault,Rawah
11698,2936,63,7,67,1,2226,227,225,132,2138,Spruce_Fir,Legault,Rawah
11699,2912,28,17,95,6,1966,211,202,123,2177,Lodgepole Pine,Legault,Rawah
11700,3016,20,6,30,1,5155,216,228,149,2479,Spruce_Fir,Cryaquolis,Rawah
11701,2763,50,11,516,-21,787,225,216,124,2727,Lodgepole Pine,Legault,Rawah
11702,2943,357,18,85,20,2037,189,205,151,2101,Lodgepole Pine,Legault,Rawah
11703,2847,62,9,150,7,1265,228,221,125,2378,Lodgepole Pine,Legault,Rawah
11704,3258,338,8,900,114,6406,204,229,165,1613,Lodgepole Pine,Legault,Rawah
11705,3081,133,8,134,2,5081,233,236,135,2007,Lodgepole Pine,Legault,Rawah
11706,2988,336,9,150,36,3132,199,227,167,2017,Lodgepole Pine,Legault,Rawah
11707,3214,63,6,443,66,5885,226,227,135,1816,Spruce_Fir,Legault,Rawah
11708,2972,342,8,0,0,3337,205,229,163,2054,Lodgepole Pine,Cryaquolis,Rawah
11709,2970,146,2,0,0,2433,221,238,153,1712,Lodgepole Pine,Legault,Rawah
11710,3049,86,15,190,10,4351,240,215,101,2620,Lodgepole Pine,Legault,Rawah
11711,2939,79,4,30,-1,2071,224,233,144,1672,Lodgepole Pine,Legault,Rawah
11712,3135,63,8,0,0,5370,227,224,131,2145,Spruce_Fir,Cryaquolis,Rawah
11713,3242,47,12,481,94,5970,224,214,122,2046,Lodgepole Pine,Legault,Rawah
11714,3186,36,16,607,48,4370,217,202,116,3261,Spruce_Fir,Legault,Rawah
11715,2747,110,8,60,-8,671,234,231,129,2232,Spruce_Fir,Legault,Rawah
11716,3199,70,19,569,124,4307,237,198,85,3316,Spruce_Fir,Legault,Rawah
11717,3072,346,4,242,5,5218,212,233,159,2568,Spruce_Fir,Cryaquolis,Rawah
11718,3086,117,7,95,11,4545,232,234,135,3104,Spruce_Fir,Legault,Rawah
11719,2978,64,10,153,-29,2240,230,219,122,1296,Spruce_Fir,Legault,Rawah
11720,3162,131,9,277,23,5143,235,235,131,2596,Lodgepole Pine,Legault,Rawah
11721,3225,8,11,484,77,5568,207,218,147,2554,Lodgepole Pine,Legault,Rawah
11722,2794,296,17,60,12,782,169,232,202,2039,Spruce_Fir,Legault,Rawah
11723,3006,137,11,234,0,2155,237,236,128,1026,Lodgepole Pine,Legault,Rawah
11724,2850,47,20,481,177,497,222,191,95,2403,Lodgepole Pine,Leighcan,Rawah
11725,3314,50,4,573,53,3586,222,231,145,4036,Spruce_Fir,Cryorthents,Rawah
11726,3139,44,15,376,76,4986,222,205,114,2980,Spruce_Fir,Legault,Rawah
11727,3155,2,6,30,3,4972,212,229,154,2723,Spruce_Fir,Cryaquolis,Rawah
11728,2759,80,22,295,71,309,243,195,71,2505,Aspen,Leighcan,Rawah
11729,3029,76,9,301,21,2343,231,224,126,849,Lodgepole Pine,Legault,Rawah
11730,3277,72,3,595,86,5872,223,233,146,2836,Lodgepole Pine,Legault,Rawah
11731,3041,31,6,331,33,2467,219,228,145,810,Lodgepole Pine,Legault,Rawah
11732,2892,343,11,395,110,732,197,223,164,2184,Lodgepole Pine,Legault,Rawah
11733,3123,48,7,190,39,5180,223,224,136,3103,Spruce_Fir,Leighcan,Rawah
11734,2752,60,17,360,77,390,231,202,99,2315,Aspen,Legault,Rawah
11735,2844,58,18,573,170,601,230,198,94,2455,Aspen,Leighcan,Rawah
11736,2752,56,23,285,89,306,228,185,79,2177,Aspen,Legault,Rawah
11737,2722,61,11,170,45,175,229,218,121,2032,Aspen,Legault,Rawah
11738,3135,45,1,95,0,4055,219,235,153,1632,Lodgepole Pine,Cryaquolis,Rawah
11739,2896,88,8,30,5,1379,232,227,128,1518,Lodgepole Pine,Legault,Rawah
11740,2861,64,21,589,187,612,234,192,81,2416,Aspen,Leighcan,Rawah
11741,2805,63,19,418,137,437,233,196,87,2254,Aspen,Legault,Rawah
11742,2735,61,12,234,62,242,230,215,117,2069,Aspen,Legault,Rawah
11743,2866,66,21,598,191,618,235,193,79,2403,Aspen,Leighcan,Rawah
11744,2866,79,27,541,-61,618,243,180,49,2340,Aspen,Leighcan,Rawah
11745,2734,57,18,218,55,228,229,200,97,1959,Aspen,Legault,Rawah
11746,3154,72,6,351,18,4471,227,228,136,1978,Lodgepole Pine,Legault,Rawah
11747,2925,107,5,67,9,1657,229,234,139,1245,Spruce_Fir,Legault,Rawah
11748,2795,46,26,371,118,379,218,174,76,2081,Aspen,Legault,Rawah
11749,2722,54,20,175,42,190,228,193,90,1892,Aspen,Legault,Rawah
11750,2714,55,18,150,35,162,229,199,97,1865,Aspen,Legault,Rawah
11751,3041,30,4,67,2,2911,218,231,149,404,Spruce_Fir,Leighcan,Rawah
11752,2776,53,29,323,105,335,221,163,56,2014,Aspen,Legault,Rawah
11753,2852,49,14,459,-75,598,225,209,115,2251,Lodgepole Pine,Leighcan,Rawah
11754,2767,47,23,283,93,295,221,183,84,1947,Aspen,Legault,Rawah
11755,2759,53,24,256,79,268,226,182,77,1919,Aspen,Legault,Rawah
11756,3142,90,2,85,5,4184,222,236,150,1638,Spruce_Fir,Cryaquolis,Rawah
11757,2712,55,17,150,45,170,228,203,102,1771,Aspen,Legault,Rawah
11758,2760,60,25,258,81,277,231,180,68,1867,Aspen,Legault,Rawah
11759,2793,57,26,324,114,342,227,175,64,1911,Aspen,Legault,Rawah
11760,3240,67,20,524,136,4860,236,197,85,3094,Spruce_Fir,Legault,Rawah
11761,3095,173,10,285,2,3613,226,245,150,967,Spruce_Fir,Legault,Rawah
11762,3203,70,6,404,15,5807,227,228,135,2920,Lodgepole Pine,Legault,Rawah
11763,2722,69,29,120,53,150,235,169,45,1633,Aspen,Legault,Rawah
11764,2968,308,14,108,24,1944,181,230,189,1110,Spruce_Fir,Legault,Rawah
11765,2729,66,32,124,59,153,232,159,35,1622,Aspen,Legault,Rawah
11766,3059,34,3,228,10,3185,219,232,149,395,Spruce_Fir,Leighcan,Rawah
11767,3006,156,11,170,34,2362,233,241,138,636,Spruce_Fir,Legault,Rawah
11768,2759,55,32,162,76,182,221,155,43,1595,Aspen,Legault,Rawah
11769,2727,61,27,108,48,124,230,172,57,1537,Aspen,Legault,Rawah
11770,2970,39,6,295,-18,1477,221,226,141,1776,Spruce_Fir,Leighcan,Rawah
11771,2790,57,25,210,107,228,228,180,71,1608,Aspen,Legault,Rawah
11772,2764,65,34,150,81,175,229,150,25,1550,Aspen,Legault,Rawah
11773,3215,270,7,564,67,5968,203,242,179,2639,Spruce_Fir,Leighcan,Rawah
11774,3020,280,11,408,14,2821,191,241,190,216,Spruce_Fir,Leighcan,Rawah
11775,2931,60,5,30,3,866,224,229,140,2249,Lodgepole Pine,Cryaquolis,Rawah
11776,2809,64,23,240,126,268,234,187,73,1630,Aspen,Legault,Rawah
11777,3074,239,1,404,19,3303,216,240,161,488,Spruce_Fir,Leighcan,Rawah
11778,3036,51,12,424,25,3055,226,214,120,335,Spruce_Fir,Leighcan,Rawah
11779,2758,81,33,124,85,150,242,161,21,1455,Aspen,Legault,Rawah
11780,3248,33,7,371,69,4282,219,226,143,2856,Spruce_Fir,Leighcan,Rawah
11781,3093,0,4,30,2,3963,214,232,156,1159,Spruce_Fir,Leighcan,Rawah
11782,3094,354,10,150,8,3848,204,223,157,1033,Spruce_Fir,Legault,Rawah
11783,3110,357,15,306,33,3711,194,211,153,890,Spruce_Fir,Legault,Rawah
11784,2784,89,31,90,0,190,248,172,28,1440,Aspen,Legault,Rawah
11785,3013,210,4,30,0,2993,217,243,163,646,Spruce_Fir,Legault,Rawah
11786,3120,319,15,150,22,4070,181,226,184,1209,Spruce_Fir,Legault,Rawah
11787,3049,321,3,192,27,2106,211,236,164,1409,Spruce_Fir,Cryaquolis,Rawah
11788,3194,243,1,362,26,5923,216,239,160,2165,Lodgepole Pine,Cryaquolis,Rawah
11789,3046,100,9,30,2,3449,236,227,122,485,Spruce_Fir,Legault,Rawah
11790,3028,57,11,60,0,3376,228,216,120,391,Spruce_Fir,Legault,Rawah
11791,2979,110,13,30,3,1529,242,226,111,1959,Spruce_Fir,Cryaquolis,Rawah
11792,3006,327,10,30,3,2767,196,229,173,752,Spruce_Fir,Cryaquolis,Rawah
11793,2766,81,23,153,72,175,244,194,68,1332,Aspen,Legault,Rawah
11794,2755,84,22,124,61,150,245,196,70,1302,Aspen,Legault,Rawah
11795,3057,151,5,0,0,3618,226,240,148,446,Lodgepole Pine,Cryaquolis,Rawah
11796,3228,117,5,175,10,4680,229,235,139,2041,Spruce_Fir,Leighcan,Rawah
11797,3044,281,8,242,56,2571,199,241,182,920,Spruce_Fir,Legault,Rawah
11798,3221,90,4,120,9,4752,226,233,143,1978,Spruce_Fir,Leighcan,Rawah
11799,3192,45,1,576,9,5315,219,235,153,2210,Spruce_Fir,Cryaquolis,Rawah
11800,2749,60,29,134,63,150,228,166,51,1282,Aspen,Legault,Rawah
11801,3040,297,9,242,40,2620,195,237,182,866,Spruce_Fir,Legault,Rawah
11802,3013,49,10,30,-1,1698,224,218,127,1812,Lodgepole Pine,Cryaquolis,Rawah
11803,2746,50,24,127,50,150,222,180,79,1265,Aspen,Legault,Rawah
11804,3133,354,25,90,38,4651,169,187,149,1481,Spruce_Fir,Cryaquolis,Rawah
11805,3027,315,12,67,12,2831,188,230,182,655,Spruce_Fir,Cryaquolis,Rawah
11806,2860,53,20,342,179,362,226,194,93,1499,Lodgepole Pine,Legault,Rawah
11807,3202,292,4,258,16,5955,207,239,170,1774,Lodgepole Pine,Leighcan,Rawah
11808,2793,68,29,228,97,242,235,169,45,1356,Aspen,Legault,Rawah
11809,2833,83,23,295,137,309,245,192,64,1423,Aspen,Legault,Rawah
11810,2787,59,23,216,96,228,230,184,75,1342,Aspen,Legault,Rawah
11811,2778,55,21,192,96,201,227,190,86,1315,Aspen,Legault,Rawah
11812,3172,180,1,319,10,4326,219,239,157,992,Spruce_Fir,Legault,Rawah
11813,3073,87,16,108,13,2239,242,212,96,1290,Spruce_Fir,Legault,Rawah
11814,2790,62,20,228,97,234,233,195,86,1343,Aspen,Legault,Rawah
11815,2973,45,12,382,64,872,223,213,122,2006,Lodgepole Pine,Legault,Rawah
11816,2971,64,11,424,62,860,230,217,118,1989,Lodgepole Pine,Legault,Rawah
11817,3215,294,10,458,-8,5393,191,238,187,1878,Spruce_Fir,Leighcan,Rawah
11818,2814,56,21,256,161,268,229,191,85,1416,Aspen,Legault,Rawah
11819,2727,77,50,108,73,124,221,99,0,1296,Aspen,Legault,Rawah
11820,2813,61,22,256,163,268,232,188,77,1429,Aspen,Legault,Rawah
11821,2734,76,49,124,72,134,222,102,0,1316,Aspen,Legault,Rawah
11822,3050,330,8,247,0,2053,202,231,168,1608,Spruce_Fir,Cryaquolis,Rawah
11823,2834,63,29,295,184,309,231,169,51,1471,Aspen,Legault,Rawah
11824,2821,55,24,268,166,283,226,180,74,1448,Aspen,Legault,Rawah
11825,3109,133,23,270,35,4265,249,221,86,792,Lodgepole Pine,Legault,Rawah
11826,2830,23,18,258,168,268,206,198,123,1464,Aspen,Legault,Rawah
11827,3039,49,5,30,0,3700,222,229,142,379,Spruce_Fir,Cryaquolis,Rawah
11828,2993,46,13,577,41,1138,224,211,119,2255,Lodgepole Pine,Legault,Rawah
11829,2867,80,35,201,66,295,241,156,14,1530,Aspen,Legault,Rawah
11830,3127,153,11,127,-17,4566,233,241,138,1100,Spruce_Fir,Cryaquolis,Rawah
11831,3156,148,16,162,0,4784,239,237,123,1316,Spruce_Fir,Legault,Rawah
11832,2779,57,30,0,0,201,225,164,52,1514,Aspen,Legault,Rawah
11833,3309,61,21,42,10,3944,232,191,82,1632,Spruce_Fir,Cryorthents,Rawah
11834,2823,56,23,30,-6,295,228,186,80,1590,Aspen,Legault,Rawah
11835,3032,10,7,566,52,1315,213,227,151,2455,Lodgepole Pine,Legault,Rawah
11836,2748,66,32,124,-15,134,231,159,35,1530,Aspen,Legault,Rawah
11837,3307,90,16,234,73,4331,243,213,96,1231,Spruce_Fir,Legault,Rawah
11838,3238,135,9,402,25,5563,235,236,133,1332,Spruce_Fir,Leighcan,Rawah
11839,2932,74,15,0,0,592,237,209,99,1879,Lodgepole Pine,Legault,Rawah
11840,2908,54,16,0,0,513,228,204,105,1824,Lodgepole Pine,Legault,Rawah
11841,3163,30,11,247,27,2871,216,215,133,1256,Spruce_Fir,Legault,Rawah
11842,3156,39,10,240,20,2817,221,218,131,1302,Spruce_Fir,Cryaquolis,Rawah
11843,3157,43,12,270,57,2553,222,213,124,1664,Spruce_Fir,Legault,Rawah
11844,2763,75,31,192,110,212,240,165,32,1777,Aspen,Legault,Rawah
11845,2914,76,16,212,-25,552,238,209,97,1981,Lodgepole Pine,Legault,Rawah
11846,2800,72,26,258,138,277,239,181,57,1828,Aspen,Legault,Rawah
11847,2713,80,29,120,63,150,243,174,40,1774,Aspen,Legault,Rawah
11848,3195,353,6,240,-18,3072,210,230,158,1321,Lodgepole Pine,Legault,Rawah
11849,3097,300,14,67,14,4663,180,234,194,1383,Spruce_Fir,Leighcan,Rawah
11850,3036,53,5,319,8,1410,223,229,142,2634,Lodgepole Pine,Legault,Rawah
11851,3166,305,13,309,90,4463,182,232,190,1291,Spruce_Fir,Leighcan,Rawah
11852,2692,82,24,90,48,108,244,189,60,1871,Aspen,Legault,Rawah
11853,3248,315,4,108,2,5532,210,236,165,553,Spruce_Fir,Leighcan,Rawah
11854,3022,74,7,124,9,1253,229,227,132,2525,Lodgepole Pine,Legault,Rawah
11855,3054,42,6,351,11,1664,221,227,142,2751,Spruce_Fir,Legault,Rawah
11856,3142,313,13,42,0,3716,186,230,184,1283,Spruce_Fir,Cryaquolis,Rawah
11857,2804,73,32,210,-114,323,237,161,30,2068,Aspen,Legault,Rawah
11858,3073,50,16,210,21,1736,225,203,107,2818,Lodgepole Pine,Legault,Rawah
11859,3195,225,1,0,0,5499,217,239,159,1003,Spruce_Fir,Cryaquolis,Rawah
11860,3168,304,14,201,25,4670,180,232,192,1154,Spruce_Fir,Leighcan,Rawah
11861,2912,55,18,0,0,543,228,198,96,2329,Lodgepole Pine,Legault,Rawah
11862,3291,349,5,270,26,5670,211,232,159,511,Lodgepole Pine,Leighcan,Rawah
11863,2724,94,27,124,76,150,250,189,50,2324,Aspen,Legault,Rawah
11864,3255,107,5,90,3,6335,229,234,139,323,Spruce_Fir,Leighcan,Rawah
11865,3275,75,7,42,1,5313,229,226,130,212,Spruce_Fir,Leighcan,Rawah
11866,2986,326,14,95,20,720,183,223,179,2647,Lodgepole Pine,Legault,Rawah
11867,2710,99,32,120,66,120,252,178,29,2530,Aspen,Legault,Rawah
11868,2867,95,30,242,107,360,251,181,36,2613,Aspen,Legault,Rawah
11869,3199,53,5,127,-15,2523,223,229,142,2588,Spruce_Fir,Cryaquolis,Rawah
11870,2707,89,33,108,58,120,248,168,22,2589,Aspen,Legault,Rawah
11871,3224,275,8,134,19,4937,198,242,184,618,Spruce_Fir,Cryaquolis,Rawah
11872,3242,238,4,277,28,4804,212,244,170,671,Spruce_Fir,Cryaquolis,Rawah
11873,2764,101,32,120,62,190,253,180,29,2552,Aspen,Legault,Rawah
11874,2591,146,11,30,-3,708,235,239,134,1507,Aspen,Cryaquolis,Comanche Peak
11875,3199,99,3,95,-15,2490,224,235,146,2674,Spruce_Fir,Leighcan,Rawah
11876,2936,103,17,120,-8,511,246,216,93,2555,Lodgepole Pine,Legault,Rawah
11877,2722,102,33,67,20,124,253,179,26,2520,Aspen,Legault,Rawah
11878,3229,228,6,108,15,4954,211,246,172,497,Spruce_Fir,Leighcan,Rawah
11879,3224,153,2,216,-5,4615,222,239,153,732,Lodgepole Pine,Legault,Rawah
11880,2680,18,17,85,5,1284,205,202,130,1838,Lodgepole Pine,Catacount,Comanche Peak
11881,2746,67,31,85,-19,153,232,161,37,2340,Aspen,Legault,Rawah
11882,2806,70,35,90,-38,247,233,151,21,2313,Aspen,Legault,Rawah
11883,3268,269,9,60,8,6133,196,244,187,297,Spruce_Fir,Leighcan,Rawah
11884,2730,355,19,85,13,1448,186,204,153,2012,Lodgepole Pine,Catacount,Comanche Peak
11885,3235,333,6,108,5,4596,205,232,165,731,Spruce_Fir,Leighcan,Rawah
11886,3225,84,9,85,11,2415,233,225,125,2888,Spruce_Fir,Legault,Rawah
11887,3297,198,1,201,24,6199,218,239,157,351,Spruce_Fir,Leighcan,Rawah
11888,3280,160,14,301,56,3194,233,242,136,2108,Krummholz,Legault,Rawah
11889,3217,103,9,42,7,2359,235,229,125,2946,Lodgepole Pine,Legault,Rawah
11890,3207,90,9,240,0,2067,233,227,125,2888,Krummholz,Legault,Rawah
11891,2767,82,31,180,109,182,244,169,30,2130,Aspen,Legault,Rawah
11892,3213,120,8,212,6,2101,234,234,132,2886,Krummholz,Legault,Rawah
11893,2904,92,30,270,4,395,250,179,35,2114,Aspen,Legault,Rawah
11894,3249,344,8,210,21,4188,205,228,162,1114,Spruce_Fir,Leighcan,Rawah
11895,3261,162,15,218,37,3234,233,243,136,2072,Krummholz,Legault,Rawah
11896,3244,177,15,180,26,2847,226,247,150,2462,Krummholz,Legault,Rawah
11897,2887,87,30,300,-12,371,247,175,35,2081,Aspen,Legault,Rawah
11898,2904,88,28,330,4,408,248,182,43,2054,Aspen,Legault,Rawah
11899,2834,75,31,285,176,295,239,166,35,2044,Aspen,Legault,Rawah
11900,3291,118,4,108,23,5778,226,236,145,658,Spruce_Fir,Leighcan,Rawah
11901,3228,180,14,120,16,2796,224,248,152,2520,Krummholz,Legault,Rawah
11902,2791,72,30,216,142,234,238,167,38,2010,Aspen,Legault,Rawah
11903,2774,72,31,192,120,212,237,165,37,2010,Aspen,Legault,Rawah
11904,3309,14,7,390,81,3900,213,225,149,1410,Spruce_Fir,Cryorthents,Rawah
11905,3233,218,11,108,34,2683,207,251,179,2640,Krummholz,Legault,Rawah
11906,2873,94,27,362,215,376,250,189,49,1988,Aspen,Legault,Rawah
11907,2744,332,14,120,33,1188,188,222,173,2075,Lodgepole Pine,Catacount,Comanche Peak
11908,3193,127,20,30,-16,2454,249,222,92,2880,Krummholz,Legault,Rawah
11909,2812,89,26,277,158,297,248,188,53,1951,Aspen,Legault,Rawah
11910,3068,74,10,190,28,1283,232,222,122,2218,Lodgepole Pine,Legault,Rawah
11911,2917,87,26,424,-79,484,247,186,51,1939,Aspen,Legault,Rawah
11912,3327,13,27,391,71,5213,183,173,116,430,Spruce_Fir,Leighcan,Rawah
11913,3217,18,4,0,0,3024,217,231,152,2312,Krummholz,Leighcan,Rawah
11914,2825,92,25,339,164,361,249,192,56,1892,Aspen,Legault,Rawah
11915,3226,114,3,30,2,3236,224,236,147,2103,Krummholz,Leighcan,Rawah
11916,3200,116,12,0,0,2883,241,228,115,2463,Krummholz,Legault,Rawah
11917,3176,129,16,67,-32,2474,245,228,107,2882,Krummholz,Legault,Rawah
11918,3302,107,5,120,42,6066,229,234,139,661,Spruce_Fir,Leighcan,Rawah
11919,3303,88,18,408,69,3743,244,209,88,1597,Krummholz,Leighcan,Rawah
11920,3231,76,2,67,2,3395,222,235,150,1958,Krummholz,Leighcan,Rawah
11921,3133,107,7,30,-3,2012,233,232,131,2567,Krummholz,Legault,Rawah
11922,2719,86,21,150,66,153,245,199,73,1806,Aspen,Legault,Rawah
11923,3176,166,14,67,9,2669,231,244,140,2708,Krummholz,Legault,Rawah
11924,2793,91,26,330,149,335,249,190,53,1770,Aspen,Legault,Rawah
11925,3138,243,2,30,0,2206,215,240,163,2639,Krummholz,Cryaquolis,Rawah
11926,3139,18,3,60,1,2060,217,233,153,2527,Krummholz,Legault,Rawah
11927,2860,86,24,484,207,495,247,191,59,1719,Aspen,Legault,Rawah
11928,2843,332,17,67,-1,1702,178,216,177,2529,Lodgepole Pine,Catacount,Comanche Peak
11929,3305,82,13,390,71,3730,238,216,107,1618,Krummholz,Cryorthents,Rawah
11930,3139,38,6,90,1,2008,220,227,143,2462,Krummholz,Legault,Rawah
11931,2811,75,22,371,155,390,241,194,74,1681,Aspen,Legault,Rawah
11932,3325,135,3,510,91,3769,224,238,150,1507,Krummholz,Cryorthents,Rawah
11933,2850,87,24,466,206,481,247,193,62,1657,Aspen,Legault,Rawah
11934,2717,72,26,124,79,134,239,179,55,1634,Aspen,Legault,Rawah
11935,3337,317,8,270,69,5368,198,233,174,953,Spruce_Fir,Leighcan,Rawah
11936,3212,42,11,0,0,2854,222,215,127,2584,Spruce_Fir,Legault,Rawah
11937,2814,57,30,408,50,1101,225,163,51,2014,Lodgepole Pine,Catacount,Comanche Peak
11938,2866,341,22,108,35,1566,167,200,168,2529,Lodgepole Pine,Catacount,Comanche Peak
11939,2924,272,32,816,547,886,122,231,238,2554,Lodgepole Pine,Catacount,Comanche Peak
11940,3243,93,10,192,33,3078,237,224,118,2395,Spruce_Fir,Legault,Rawah
11941,2571,45,2,216,63,794,220,234,150,1323,Aspen,Catacount,Comanche Peak
11942,2570,28,7,192,51,800,218,225,143,1307,Aspen,Catacount,Comanche Peak
11943,2569,350,11,150,41,816,200,221,160,1276,Aspen,Catacount,Comanche Peak
11944,2554,222,20,335,75,811,191,254,194,1416,Ponderosa Pine,Vanet,Comanche Peak
11945,2750,86,28,90,40,216,247,182,46,1421,Aspen,Legault,Rawah
11946,2436,340,11,0,0,649,197,224,166,1650,Douglas-fir,Catacount,Comanche Peak
11947,2811,79,18,201,73,350,240,205,89,1351,Aspen,Legault,Rawah
11948,3342,90,23,361,52,3421,247,198,67,1706,Krummholz,Legault,Rawah
11949,2802,88,21,153,54,361,246,200,72,1293,Aspen,Legault,Rawah
11950,2475,321,25,285,98,577,150,208,194,1180,Lodgepole Pine,Catacount,Comanche Peak
11951,2889,114,18,362,118,604,248,218,91,1273,Aspen,Legault,Rawah
11952,2879,112,21,335,108,577,250,213,81,1269,Aspen,Legault,Rawah
11953,2443,64,10,0,0,417,230,219,122,830,Douglas-fir,Cryaquolis,Comanche Peak
11954,2057,264,25,270,62,330,150,242,226,242,Ponderosa Pine,Vanet,Cache la Poudre
11955,2554,307,24,134,48,882,148,218,207,1772,Douglas-fir,Catacount,Comanche Peak
11956,3303,77,11,108,20,3005,234,219,115,2353,Krummholz,Leighcan,Rawah
11957,2849,120,19,256,78,558,249,220,91,1203,Aspen,Legault,Rawah
11958,2959,201,3,451,112,1559,218,242,161,2382,Lodgepole Pine,Catacount,Comanche Peak
11959,2556,259,24,124,38,907,154,245,224,1745,Douglas-fir,Catacount,Comanche Peak
11960,3086,63,11,42,3,2072,230,218,121,2047,Spruce_Fir,Legault,Rawah
11961,2552,331,30,150,67,743,137,189,183,272,Douglas-fir,Catacount,Comanche Peak
11962,2591,290,18,190,73,984,166,234,208,1765,Douglas-fir,Catacount,Comanche Peak
11963,2706,78,30,95,54,120,242,171,36,1226,Aspen,Legault,Rawah
11964,2067,256,22,134,74,216,164,247,218,330,Ponderosa Pine,Vanet,Cache la Poudre
11965,2102,100,32,510,141,604,252,178,0,283,Ponderosa Pine,Vanet,Cache la Poudre
11966,2738,91,19,150,86,180,245,207,84,1177,Aspen,Legault,Rawah
11967,3317,330,10,30,6,3031,195,228,172,2148,Krummholz,Leighcan,Rawah
11968,3144,14,10,30,0,2525,210,218,144,2415,Spruce_Fir,Cryaquolis,Rawah
11969,2630,100,35,180,61,1065,252,171,17,649,Ponderosa Pine,Catacount,Comanche Peak
11970,2569,102,28,120,34,1020,253,190,45,576,Ponderosa Pine,Catacount,Comanche Peak
11971,2573,317,30,150,74,849,129,199,203,371,Douglas-fir,Catacount,Comanche Peak
11972,2449,350,7,30,-5,1130,208,229,159,1575,Douglas-fir,Cryaquolis,Comanche Peak
11973,2088,64,23,124,23,162,234,186,72,569,Ponderosa Pine,Catacount,Cache la Poudre
11974,2706,93,29,95,54,120,250,181,38,1142,Aspen,Legault,Rawah
11975,3023,41,4,553,180,2080,220,230,146,2864,Lodgepole Pine,Catacount,Comanche Peak
11976,2542,88,25,60,20,1020,247,190,57,552,Ponderosa Pine,Catacount,Comanche Peak
11977,2550,306,25,90,32,1034,142,215,210,1616,Douglas-fir,Catacount,Comanche Peak
11978,2071,237,31,85,63,192,151,248,221,234,Ponderosa Pine,Vanet,Cache la Poudre
11979,2042,55,34,285,81,350,218,148,37,240,Ponderosa Pine,Vanet,Cache la Poudre
11980,3329,303,13,42,6,2954,183,233,190,2187,Krummholz,Leighcan,Rawah
11981,2723,82,24,150,71,150,245,190,62,1075,Aspen,Legault,Rawah
11982,2579,309,25,120,61,1101,144,214,207,1581,Douglas-fir,Catacount,Comanche Peak
11983,2027,64,32,228,68,268,229,156,34,306,Ponderosa Pine,Vanet,Cache la Poudre
11984,3361,298,11,459,21,3274,188,236,188,1716,Spruce_Fir,Leighcan,Rawah
11985,2710,76,27,120,60,120,241,177,49,1060,Aspen,Legault,Rawah
11986,2555,307,20,67,27,1061,160,224,202,551,Douglas-fir,Catacount,Comanche Peak
11987,2160,64,37,190,96,240,225,140,15,484,Ponderosa Pine,Cathedral,Cache la Poudre
11988,2203,27,24,474,184,626,201,179,104,306,Ponderosa Pine,Vanet,Cache la Poudre
11989,2930,225,5,283,67,1727,213,244,168,2748,Lodgepole Pine,Catacount,Comanche Peak
11990,2521,351,24,67,-5,1205,169,191,154,1756,Douglas-fir,Catacount,Comanche Peak
11991,3273,101,20,212,54,2604,248,210,81,2699,Spruce_Fir,Legault,Rawah
11992,2788,54,8,0,0,488,225,222,130,875,Lodgepole Pine,Cryaquolis,Rawah
11993,2601,310,22,90,49,1194,154,219,202,1465,Douglas-fir,Catacount,Comanche Peak
11994,2946,113,12,319,73,1694,240,228,117,2860,Lodgepole Pine,Catacount,Comanche Peak
11995,2506,307,27,60,26,1338,137,213,211,1851,Douglas-fir,Catacount,Comanche Peak
11996,2061,67,20,228,104,277,236,195,82,450,Ponderosa Pine,Cathedral,Cache la Poudre
11997,3334,79,10,212,11,2646,233,223,121,2536,Krummholz,Legault,Rawah
11998,2771,59,15,256,137,258,230,207,105,886,Aspen,Legault,Rawah
11999,3015,162,5,690,129,1571,224,241,151,2069,Lodgepole Pine,Catacount,Comanche Peak
12000,2494,86,10,30,5,1445,234,224,120,1767,Douglas-fir,Cryaquolis,Comanche Peak
12001,2040,94,20,162,83,212,247,205,78,402,Ponderosa Pine,Cathedral,Cache la Poudre
12002,2743,282,40,552,260,900,83,207,246,1772,Lodgepole Pine,Leighcan,Comanche Peak
12003,2218,309,13,300,146,30,184,231,187,404,Ponderosa Pine,Vanet,Cache la Poudre
12004,2725,74,20,170,76,170,240,197,79,907,Aspen,Legault,Rawah
12005,2603,292,27,95,44,1209,136,224,223,741,Douglas-fir,Catacount,Comanche Peak
12006,2626,316,19,67,29,1292,167,221,192,1350,Douglas-fir,Catacount,Comanche Peak
12007,2217,87,32,212,155,182,247,169,25,319,Ponderosa Pine,Cathedral,Cache la Poudre
12008,2775,57,20,277,129,283,230,195,90,819,Aspen,Legault,Rawah
12009,2824,120,11,0,0,1440,240,230,119,2334,Spruce_Fir,Catacount,Comanche Peak
12010,2567,33,14,30,10,912,216,208,124,1040,Douglas-fir,Cryaquolis,Comanche Peak
12011,2250,81,14,277,188,120,238,214,104,350,Ponderosa Pine,Vanet,Cache la Poudre
12012,3293,109,26,192,50,2497,253,202,60,2672,Krummholz,Legault,Rawah
12013,2788,32,7,256,6,350,219,224,142,765,Aspen,Legault,Rawah
12014,2630,12,13,0,0,1573,206,212,142,1149,Spruce_Fir,Cryaquolis,Comanche Peak
12015,2744,321,23,400,185,1075,155,211,193,751,Douglas-fir,Catacount,Comanche Peak
12016,3387,250,7,342,11,2991,205,245,179,1974,Spruce_Fir,Leighcan,Rawah
12017,2776,89,20,285,127,300,246,203,78,757,Aspen,Legault,Rawah
12018,2770,245,28,511,246,1075,150,247,225,1630,Lodgepole Pine,Leighcan,Comanche Peak
12019,2612,301,24,90,32,1318,147,222,212,864,Douglas-fir,Catacount,Comanche Peak
12020,2075,203,26,170,58,564,197,252,176,382,Ponderosa Pine,Cathedral,Cache la Poudre
12021,3370,22,5,0,0,2727,217,229,149,2268,Krummholz,Leighcan,Rawah
12022,3275,109,23,150,21,2419,252,207,70,2717,Krummholz,Leighcan,Rawah
12023,2723,84,25,180,83,180,246,189,58,807,Aspen,Legault,Rawah
12024,2710,285,25,285,133,1041,142,230,224,1986,Lodgepole Pine,Catacount,Comanche Peak
12025,3375,34,5,42,0,2743,219,228,146,2240,Krummholz,Leighcan,Rawah
12026,3371,336,3,108,7,2629,213,235,160,2382,Krummholz,Leighcan,Rawah
12027,2599,28,21,30,10,1071,207,190,111,912,Douglas-fir,Cryaquolis,Comanche Peak
12028,2636,336,26,124,49,1224,152,194,175,1959,Douglas-fir,Catacount,Comanche Peak
12029,2009,330,13,30,6,67,189,224,174,738,Ponderosa Pine,Cryaquolis,Cache la Poudre
12030,2016,47,27,30,10,277,217,169,70,391,Cottonwood/Willow,Catacount,Cache la Poudre
12031,2078,144,34,85,59,450,244,211,65,331,Ponderosa Pine,Cathedral,Cache la Poudre
12032,2077,246,22,134,50,484,170,251,214,467,Ponderosa Pine,Cathedral,Cache la Poudre
12033,3379,55,10,60,3,2741,226,220,127,2236,Krummholz,Leighcan,Rawah
12034,3376,34,5,0,0,2701,219,228,146,2282,Krummholz,Leighcan,Rawah
12035,3349,113,15,277,56,2497,245,223,103,2546,Krummholz,Leighcan,Rawah
12036,2676,103,29,90,43,90,253,189,43,830,Aspen,Legault,Rawah
12037,3379,42,6,30,3,2698,221,227,141,2278,Krummholz,Leighcan,Rawah
12038,3345,117,16,255,45,2473,245,224,103,2563,Krummholz,Leighcan,Rawah
12039,3299,91,25,134,16,2372,248,192,58,2713,Krummholz,Leighcan,Rawah
12040,2647,332,24,90,34,1456,156,202,180,1719,Douglas-fir,Catacount,Comanche Peak
12041,2651,3,21,60,32,1431,187,195,141,1745,Douglas-fir,Catacount,Comanche Peak
12042,3381,48,7,42,3,2676,223,224,136,2297,Krummholz,Leighcan,Rawah
12043,3319,103,14,150,36,2380,243,221,103,2679,Krummholz,Leighcan,Rawah
12044,2801,91,13,324,5,390,240,219,108,582,Aspen,Legault,Rawah
12045,2594,309,32,108,66,1600,116,200,215,1574,Douglas-fir,Catacount,Comanche Peak
12046,2024,353,19,0,0,600,183,202,154,446,Cottonwood/Willow,Cryaquolis,Cache la Poudre
12047,2659,15,21,0,0,1416,196,191,126,1771,Douglas-fir,Catacount,Comanche Peak
12048,2087,300,24,182,82,242,146,222,213,680,Ponderosa Pine,Cathedral,Cache la Poudre
12049,2025,316,20,0,0,573,163,219,194,459,Cottonwood/Willow,Cryaquolis,Cache la Poudre
12050,2041,356,25,30,17,612,170,185,146,474,Cottonwood/Willow,Catacount,Cache la Poudre
12051,2027,42,13,0,0,553,222,212,123,497,Cottonwood/Willow,Cryaquolis,Cache la Poudre
12052,2110,342,5,134,82,323,210,233,161,626,Ponderosa Pine,Cathedral,Cache la Poudre
12053,2697,93,29,124,65,153,250,181,39,708,Aspen,Legault,Rawah
12054,2680,93,29,95,48,124,250,183,40,732,Aspen,Legault,Rawah
12055,2697,353,23,175,100,1203,175,194,152,797,Lodgepole Pine,Catacount,Comanche Peak
12056,2670,5,21,0,0,1434,187,193,138,1758,Douglas-fir,Catacount,Comanche Peak
12057,2024,321,22,0,0,573,157,212,192,484,Cottonwood/Willow,Cryaquolis,Cache la Poudre
12058,2711,135,12,0,0,1261,238,235,125,1831,Spruce_Fir,Cryaquolis,Comanche Peak
12059,2023,345,27,0,0,552,158,187,161,510,Cottonwood/Willow,Cryaquolis,Cache la Poudre
12060,2029,336,30,0,0,573,140,185,175,511,Cottonwood/Willow,Catacount,Cache la Poudre
12061,2033,39,20,42,10,514,217,192,103,564,Cottonwood/Willow,Catacount,Cache la Poudre
12062,2105,216,13,120,77,306,206,252,180,618,Ponderosa Pine,Cathedral,Cache la Poudre
12063,3416,67,5,234,40,2695,226,229,138,2270,Krummholz,Cryorthents,Rawah
12064,3388,66,6,150,10,2568,227,227,135,2399,Krummholz,Leighcan,Rawah
12065,2791,134,13,384,-6,420,240,233,120,469,Aspen,Legault,Rawah
12066,2779,121,18,330,147,360,248,222,94,509,Aspen,Legault,Rawah
12067,2679,95,28,90,47,120,251,186,44,700,Aspen,Legault,Rawah
12068,2968,346,2,242,25,1752,215,235,158,2323,Lodgepole Pine,Catacount,Comanche Peak
12069,2194,126,8,30,-1,134,235,234,131,295,Ponderosa Pine,Vanet,Cache la Poudre
12070,2039,358,30,42,19,531,159,169,137,543,Cottonwood/Willow,Catacount,Cache la Poudre
12071,1889,28,22,150,23,120,205,185,108,759,Douglas-fir,Cathedral,Cache la Poudre
12072,3286,26,11,42,0,2172,215,215,136,2839,Krummholz,Leighcan,Rawah
12073,3085,40,7,437,-97,1558,221,224,138,1187,Spruce_Fir,Legault,Rawah
12074,2692,99,27,124,60,153,252,192,50,659,Aspen,Legault,Rawah
12075,2596,316,24,95,41,1756,150,212,199,1422,Douglas-fir,Catacount,Comanche Peak
12076,1927,4,36,120,78,95,149,147,116,666,Douglas-fir,Vanet,Cache la Poudre
12077,3372,112,10,242,38,2382,238,229,121,2597,Krummholz,Leighcan,Rawah
12078,2900,233,7,180,14,1847,208,247,176,1626,Aspen,Catacount,Comanche Peak
12079,2760,330,24,124,7,1379,155,202,183,1879,Douglas-fir,Catacount,Comanche Peak
12080,2786,348,19,192,-15,1279,180,205,161,2021,Douglas-fir,Catacount,Comanche Peak
12081,3287,41,9,339,96,1922,221,221,134,2415,Spruce_Fir,Leighcan,Rawah
12082,2777,106,16,295,73,400,246,219,97,426,Aspen,Legault,Rawah
12083,2941,339,14,67,16,1318,188,218,169,2391,Lodgepole Pine,Catacount,Comanche Peak
12084,2191,100,13,30,8,162,241,222,110,342,Ponderosa Pine,Vanet,Cache la Poudre
12085,1899,355,22,153,43,124,178,195,151,819,Douglas-fir,Vanet,Cache la Poudre
12086,2766,103,16,255,62,379,245,217,96,433,Aspen,Legault,Rawah
12087,2585,266,38,67,40,1124,99,224,247,1236,Lodgepole Pine,Leighcan,Comanche Peak
12088,2893,240,10,124,7,1867,201,249,186,1560,Aspen,Cryaquolis,Comanche Peak
12089,2898,207,7,120,12,1910,216,246,167,1598,Aspen,Cryaquolis,Comanche Peak
12090,2906,235,13,124,20,1976,196,251,191,1657,Aspen,Cryaquolis,Comanche Peak
12091,2771,30,29,256,141,1266,197,163,85,618,Douglas-fir,Catacount,Comanche Peak
12092,2039,267,15,30,0,450,180,245,204,633,Ponderosa Pine,Cryaquolis,Cache la Poudre
12093,2081,84,35,175,53,270,244,158,13,488,Ponderosa Pine,Cathedral,Cache la Poudre
12094,1925,352,22,210,74,182,176,197,155,779,Douglas-fir,Vanet,Cache la Poudre
12095,2778,111,15,256,44,446,244,223,104,366,Aspen,Legault,Rawah
12096,2748,98,17,192,44,335,245,214,92,470,Aspen,Legault,Rawah
12097,2728,97,20,162,49,283,248,206,77,524,Aspen,Legault,Rawah
12098,2875,90,8,108,-2,930,232,228,129,2132,Spruce_Fir,Catacount,Comanche Peak
12099,2848,107,21,95,35,930,250,210,77,2130,Lodgepole Pine,Catacount,Comanche Peak
12100,2817,39,21,212,61,1423,216,190,101,1507,Lodgepole Pine,Leighcan,Comanche Peak
12101,2739,335,17,67,13,1614,179,215,173,1622,Douglas-fir,Catacount,Comanche Peak
12102,2181,116,7,30,2,216,233,233,133,404,Ponderosa Pine,Vanet,Cache la Poudre
12103,2097,74,18,170,64,301,238,204,91,492,Ponderosa Pine,Cathedral,Cache la Poudre
12104,1922,50,29,108,43,218,219,165,62,659,Douglas-fir,Cathedral,Cache la Poudre
12105,1953,41,34,182,98,180,201,145,54,916,Douglas-fir,Vanet,Cache la Poudre
12106,2919,77,21,382,92,1124,241,197,77,430,Aspen,Legault,Rawah
12107,2879,247,14,85,-6,1889,189,250,197,1495,Aspen,Cryaquolis,Comanche Peak
12108,2757,59,25,175,84,1200,230,181,70,524,Douglas-fir,Leighcan,Comanche Peak
12109,2030,70,7,0,0,484,228,226,132,631,Cottonwood/Willow,Cryaquolis,Cache la Poudre
12110,1954,47,32,218,99,210,213,155,55,927,Douglas-fir,Cathedral,Cache la Poudre
12111,1959,10,34,270,108,240,164,153,110,842,Douglas-fir,Vanet,Cache la Poudre
12112,2814,120,10,212,27,636,238,232,124,192,Aspen,Legault,Rawah
12113,2795,321,21,0,0,1510,162,215,190,1805,Douglas-fir,Catacount,Comanche Peak
12114,2104,59,23,180,67,313,230,184,75,458,Ponderosa Pine,Cathedral,Cache la Poudre
12115,1932,251,26,30,10,240,154,247,224,743,Douglas-fir,Cathedral,Cache la Poudre
12116,2826,199,19,90,37,1800,210,253,170,1323,Aspen,Cryaquolis,Comanche Peak
12117,2732,328,21,216,20,1764,165,211,184,1480,Douglas-fir,Catacount,Comanche Peak
12118,2750,314,24,170,16,1719,147,213,202,1537,Douglas-fir,Catacount,Comanche Peak
12119,2077,344,27,330,228,301,156,188,164,875,Douglas-fir,Vanet,Cache la Poudre
12120,2874,87,19,216,47,997,244,205,82,256,Aspen,Legault,Rawah
12121,2753,93,15,108,19,390,243,215,98,400,Aspen,Legault,Rawah
12122,2714,86,20,42,10,270,244,203,79,518,Aspen,Legault,Rawah
12123,2697,259,10,60,2,1448,196,246,189,1095,Aspen,Cryaquolis,Comanche Peak
12124,2879,255,16,60,-6,1956,182,249,204,1425,Aspen,Cryaquolis,Comanche Peak
12125,2834,1,12,162,27,1431,203,218,152,1995,Douglas-fir,Catacount,Comanche Peak
12126,2046,91,26,30,13,532,249,189,52,626,Cottonwood/Willow,Cathedral,Cache la Poudre
12127,1972,50,21,162,12,210,224,190,90,558,Douglas-fir,Cathedral,Cache la Poudre
12128,2000,61,13,240,78,300,230,211,111,875,Douglas-fir,Cathedral,Cache la Poudre
12129,2079,324,32,360,230,330,126,189,193,908,Douglas-fir,Vanet,Cache la Poudre
12130,2941,101,23,335,114,1173,251,203,68,424,Aspen,Legault,Rawah
12131,2811,96,12,124,24,660,239,223,113,134,Aspen,Legault,Rawah
12132,2759,104,14,95,20,420,243,221,104,365,Aspen,Legault,Rawah
12133,2736,88,19,60,2,330,244,206,84,454,Aspen,Legault,Rawah
12134,2704,87,20,0,0,240,245,202,78,543,Aspen,Legault,Rawah
12135,2692,86,22,0,0,210,245,198,71,573,Aspen,Legault,Rawah
12136,2734,255,15,30,7,1632,184,248,202,1120,Aspen,Cryaquolis,Comanche Peak
12137,2877,233,9,42,-4,1998,205,249,181,1423,Aspen,Cryaquolis,Comanche Peak
12138,2835,344,16,108,33,1507,185,213,165,1900,Douglas-fir,Catacount,Comanche Peak
12139,2079,22,33,108,62,175,181,153,90,573,Ponderosa Pine,Catacount,Cache la Poudre
12140,2159,271,31,283,144,350,125,232,237,430,Ponderosa Pine,Catacount,Cache la Poudre
12141,1995,238,22,210,73,330,175,252,209,834,Douglas-fir,Cathedral,Cache la Poudre
12142,2033,344,36,390,182,361,125,159,157,953,Douglas-fir,Vanet,Cache la Poudre
12143,1905,77,21,90,38,120,241,196,75,1025,Ponderosa Pine,Haploborolis,Cache la Poudre
12144,2925,110,21,295,98,1142,250,212,79,391,Aspen,Legault,Rawah
12145,2777,118,13,90,-3,510,242,228,114,272,Aspen,Legault,Rawah
12146,2704,95,20,0,0,240,247,207,80,541,Aspen,Legault,Rawah
12147,2642,267,22,42,-10,1358,158,243,220,1020,Aspen,Cryaquolis,Comanche Peak
12148,2112,271,30,180,82,366,127,232,237,408,Ponderosa Pine,Catacount,Cache la Poudre
12149,1977,87,41,30,23,60,241,140,0,134,Ponderosa Pine,Cathedral,Cache la Poudre
12150,2093,325,34,362,29,390,117,182,193,977,Douglas-fir,Vanet,Cache la Poudre
12151,1973,80,29,240,106,270,243,176,42,1012,Ponderosa Pine,Haploborolis,Cache la Poudre
12152,3059,77,15,696,232,1173,238,211,100,810,Spruce_Fir,Legault,Rawah
12153,2852,126,19,127,25,990,248,223,95,210,Aspen,Legault,Rawah
12154,2712,112,21,0,0,270,250,213,81,510,Aspen,Legault,Rawah
12155,2593,290,20,0,0,1298,161,233,211,997,Aspen,Leighcan,Comanche Peak
12156,2853,274,15,0,0,1968,180,243,202,1298,Aspen,Cryaquolis,Comanche Peak
12157,2887,231,9,30,3,2083,205,249,180,1421,Aspen,Cryaquolis,Comanche Peak
12158,2010,280,19,301,88,390,165,238,212,886,Douglas-fir,Cathedral,Cache la Poudre
12159,2096,312,27,350,32,420,137,209,207,1012,Douglas-fir,Vanet,Cache la Poudre
12160,2856,114,24,134,29,1015,253,208,69,242,Aspen,Legault,Rawah
12161,2695,119,24,42,-16,242,253,211,71,541,Aspen,Legault,Rawah
12162,2695,269,13,30,6,1528,186,244,197,977,Aspen,Cryaquolis,Comanche Peak
12163,2827,283,13,60,29,1922,184,240,196,1200,Aspen,Cryaquolis,Comanche Peak
12164,2840,344,19,201,45,1706,179,207,165,1677,Douglas-fir,Catacount,Comanche Peak
12165,2106,341,35,382,42,450,127,166,164,1001,Douglas-fir,Vanet,Cache la Poudre
12166,2851,110,21,124,24,1006,251,211,78,247,Aspen,Legault,Rawah
12167,2805,249,18,90,33,1914,180,250,206,1140,Aspen,Catacount,Comanche Peak
12168,2864,248,13,60,11,2052,193,249,194,1294,Aspen,Cryaquolis,Comanche Peak
12169,2882,276,9,85,-1,2148,197,242,184,1403,Aspen,Cryaquolis,Comanche Peak
12170,2118,1,20,42,15,408,187,198,144,361,Douglas-fir,Catacount,Cache la Poudre
12171,2043,123,23,30,7,671,251,216,80,691,Cottonwood/Willow,Cathedral,Cache la Poudre
12172,2047,260,24,382,-10,459,155,245,224,949,Douglas-fir,Cathedral,Cache la Poudre
12173,2158,320,11,247,94,481,191,229,178,1054,Douglas-fir,Vanet,Cache la Poudre
12174,2827,93,9,0,0,882,234,227,125,150,Aspen,Legault,Rawah
12175,2801,110,9,42,4,713,236,230,126,108,Aspen,Legault,Rawah
12176,2736,106,15,0,0,430,244,221,102,371,Aspen,Legault,Rawah
12177,2717,115,17,60,-21,342,247,222,98,459,Aspen,Legault,Rawah
12178,2038,110,11,0,0,685,239,228,118,690,Cottonwood/Willow,Cathedral,Cache la Poudre
12179,2043,311,20,30,7,633,161,221,198,630,Ponderosa Pine,Cryaquolis,Cache la Poudre
12180,2001,54,17,67,16,228,228,202,102,426,Douglas-fir,Cathedral,Cache la Poudre
12181,1986,10,19,42,14,371,196,199,136,551,Douglas-fir,Catacount,Cache la Poudre
12182,2145,247,24,228,81,510,164,250,218,1061,Douglas-fir,Cathedral,Cache la Poudre
12183,2160,148,8,212,96,514,231,240,141,1033,Douglas-fir,Vanet,Cache la Poudre
12184,2068,122,38,382,169,384,252,182,20,930,Ponderosa Pine,Haploborolis,Cache la Poudre
12185,2803,105,7,30,-2,731,233,231,130,124,Aspen,Legault,Rawah
12186,2794,69,8,0,0,646,229,224,128,170,Aspen,Legault,Rawah
12187,2769,86,15,60,-11,537,241,214,99,268,Aspen,Legault,Rawah
12188,2688,120,28,108,-43,295,254,203,56,524,Aspen,Legault,Rawah
12189,2894,300,23,268,107,1150,149,224,212,1189,Lodgepole Pine,Catacount,Comanche Peak
12190,2857,311,14,306,62,1806,181,229,188,1604,Douglas-fir,Catacount,Comanche Peak
12191,2160,121,25,30,11,175,252,211,71,600,Ponderosa Pine,Cathedral,Cache la Poudre
12192,2044,107,19,0,0,726,248,215,88,664,Cottonwood/Willow,Cathedral,Cache la Poudre
12193,2038,15,3,0,0,700,217,233,154,691,Cottonwood/Willow,Cryaquolis,Cache la Poudre
12194,2139,11,35,295,174,351,160,147,104,212,Ponderosa Pine,Catacount,Cache la Poudre
12195,2028,57,30,108,71,150,225,162,50,42,Ponderosa Pine,Cathedral,Cache la Poudre
12196,3154,130,7,295,-12,1090,232,236,136,1299,Lodgepole Pine,Legault,Rawah
12197,2795,87,9,30,-1,636,233,226,125,192,Aspen,Legault,Rawah
12198,2784,107,14,67,-7,579,243,223,106,234,Aspen,Legault,Rawah
12199,2897,243,6,180,19,2202,207,245,176,1392,Aspen,Catacount,Comanche Peak
12200,2842,3,23,450,-28,871,182,188,138,234,Lodgepole Pine,Catacount,Comanche Peak
12201,2725,353,23,42,9,1116,174,193,152,713,Lodgepole Pine,Catacount,Comanche Peak
12202,2029,8,31,95,64,127,168,162,118,108,Ponderosa Pine,Catacount,Cache la Poudre
12203,2892,259,8,201,27,2215,202,245,182,1350,Aspen,Catacount,Comanche Peak
12204,2068,170,25,30,13,853,228,241,129,309,Cottonwood/Willow,Cathedral,Cache la Poudre
12205,2046,360,29,124,97,150,165,174,136,127,Ponderosa Pine,Catacount,Cache la Poudre
12206,2858,54,17,85,29,900,228,202,102,277,Aspen,Legault,Rawah
12207,2898,303,11,240,33,2173,190,235,185,1357,Aspen,Catacount,Comanche Peak
12208,2175,332,23,180,46,573,159,204,180,218,Douglas-fir,Catacount,Cache la Poudre
12209,2062,141,20,30,7,849,245,230,105,268,Cottonwood/Willow,Cathedral,Cache la Poudre
12210,2055,162,10,0,0,872,231,243,143,295,Cottonwood/Willow,Cathedral,Cache la Poudre
12211,2057,202,19,0,0,942,208,253,173,379,Cottonwood/Willow,Cryaquolis,Cache la Poudre
12212,2016,40,28,150,40,470,210,168,78,560,Douglas-fir,Catacount,Cache la Poudre
12213,2017,281,13,351,-40,601,183,241,197,853,Douglas-fir,Cathedral,Cache la Poudre
12214,2832,73,15,60,9,819,237,209,100,256,Aspen,Legault,Rawah
12215,2809,110,15,90,-1,671,244,222,103,247,Aspen,Legault,Rawah
12216,2639,331,13,0,0,1416,188,223,174,1203,Douglas-fir,Cryaquolis,Comanche Peak
12217,2070,192,28,30,9,916,206,248,159,488,Cottonwood/Willow,Cathedral,Cache la Poudre
12218,2075,4,29,150,53,234,170,171,128,242,Ponderosa Pine,Catacount,Cache la Poudre
12219,2190,39,26,240,60,603,212,175,85,212,Douglas-fir,Catacount,Cache la Poudre
12220,2067,103,28,30,8,834,253,192,48,190,Cottonwood/Willow,Cathedral,Cache la Poudre
12221,2054,189,18,0,0,932,218,251,160,484,Cottonwood/Willow,Cryaquolis,Cache la Poudre
12222,2048,142,16,42,2,882,241,235,118,543,Cottonwood/Willow,Cathedral,Cache la Poudre
12223,1978,346,37,134,91,150,124,154,151,108,Ponderosa Pine,Catacount,Cache la Poudre
12224,2061,344,29,67,43,426,151,183,163,459,Douglas-fir,Catacount,Cache la Poudre
12225,2754,134,29,175,-48,543,250,212,68,350,Aspen,Legault,Rawah
12226,2731,145,30,201,83,484,245,219,80,384,Aspen,Legault,Rawah
12227,2700,288,10,0,0,1734,192,239,188,721,Aspen,Catacount,Comanche Peak
12228,2046,104,4,0,0,924,226,234,143,511,Cottonwood/Willow,Cryaquolis,Cache la Poudre
12229,2845,144,20,175,22,780,244,232,108,376,Aspen,Legault,Rawah
12230,2792,139,24,162,-30,691,248,224,90,331,Aspen,Legault,Rawah
12231,2271,61,17,242,148,553,232,203,99,390,Ponderosa Pine,Vanet,Cache la Poudre
12232,2061,103,18,0,0,872,247,214,89,180,Cottonwood/Willow,Cathedral,Cache la Poudre
12233,2085,300,29,42,6,785,128,214,220,674,Ponderosa Pine,Catacount,Cache la Poudre
12234,2071,323,33,30,26,424,121,187,196,391,Douglas-fir,Catacount,Cache la Poudre
12235,2098,8,28,108,-3,488,177,174,124,481,Douglas-fir,Catacount,Cache la Poudre
12236,2850,175,11,319,23,751,226,246,151,509,Aspen,Legault,Rawah
12237,2842,152,17,216,19,750,239,238,122,417,Aspen,Legault,Rawah
12238,2800,139,21,180,-22,750,246,229,101,361,Aspen,Legault,Rawah
12239,2732,292,8,0,0,1910,197,239,182,741,Aspen,Catacount,Comanche Peak
12240,2985,133,12,67,14,1597,239,234,122,1794,Lodgepole Pine,Catacount,Comanche Peak
12241,2236,359,25,120,56,210,174,185,142,573,Lodgepole Pine,Catacount,Cache la Poudre
12242,2266,347,24,134,69,570,166,193,160,541,Ponderosa Pine,Vanet,Cache la Poudre
12243,2025,92,46,120,90,150,239,126,0,361,Ponderosa Pine,Cathedral,Cache la Poudre
12244,2086,323,33,30,26,446,118,185,196,390,Douglas-fir,Catacount,Cache la Poudre
12245,2734,307,9,30,6,1931,195,235,180,716,Aspen,Catacount,Comanche Peak
12246,2157,47,29,300,105,360,216,165,65,301,Douglas-fir,Catacount,Cache la Poudre
12247,2021,14,34,108,100,134,168,151,102,391,Ponderosa Pine,Catacount,Cache la Poudre
12248,2796,145,18,240,-26,693,242,234,115,430,Aspen,Legault,Rawah
12249,2963,66,11,108,22,402,231,218,118,1530,Lodgepole Pine,Catacount,Comanche Peak
12250,2245,52,20,390,115,661,226,193,92,0,Douglas-fir,Vanet,Cache la Poudre
12251,2224,43,15,400,103,571,221,205,114,90,Douglas-fir,Vanet,Cache la Poudre
12252,2060,97,11,30,3,933,238,224,116,201,Cottonwood/Willow,Cathedral,Cache la Poudre
12253,3344,207,20,730,117,4068,203,254,179,2044,Krummholz,Leighcan,Rawah
12254,2708,99,12,60,12,1273,240,222,110,722,Aspen,Catacount,Comanche Peak
12255,2784,3,25,319,161,1074,178,183,136,938,Lodgepole Pine,Catacount,Comanche Peak
12256,2233,276,30,153,139,309,125,230,236,582,Ponderosa Pine,Catacount,Cache la Poudre
12257,2126,5,39,85,41,933,142,136,109,641,Ponderosa Pine,Catacount,Cache la Poudre
12258,2144,30,37,124,-36,616,184,137,63,547,Douglas-fir,Catacount,Cache la Poudre
12259,2763,326,7,42,5,2100,203,232,168,743,Aspen,Catacount,Comanche Peak
12260,2941,57,16,0,0,404,229,203,102,1492,Lodgepole Pine,Catacount,Comanche Peak
12261,2064,130,8,0,0,934,234,236,133,192,Cottonwood/Willow,Cathedral,Cache la Poudre
12262,2137,357,32,247,-43,745,153,165,136,700,Douglas-fir,Catacount,Cache la Poudre
12263,3303,208,12,671,76,4315,211,251,173,1931,Krummholz,Leighcan,Rawah
12264,2781,153,20,277,75,600,240,236,117,532,Aspen,Legault,Rawah
12265,2763,313,8,67,5,2122,198,234,176,722,Aspen,Catacount,Comanche Peak
12266,2782,252,8,0,0,2228,202,246,182,841,Aspen,Catacount,Comanche Peak
12267,2226,47,19,371,176,437,223,195,99,256,Douglas-fir,Vanet,Cache la Poudre
12268,2283,43,9,283,60,722,222,220,133,485,Ponderosa Pine,Vanet,Cache la Poudre
12269,2069,323,17,0,0,957,175,221,184,216,Cottonwood/Willow,Cryaquolis,Cache la Poudre
12270,2153,322,25,0,0,858,148,205,193,708,Ponderosa Pine,Catacount,Cache la Poudre
12271,2719,285,16,228,-8,1866,173,238,205,497,Lodgepole Pine,Catacount,Comanche Peak
12272,2781,339,7,0,0,2249,204,230,164,824,Aspen,Catacount,Comanche Peak
12273,2787,281,14,0,0,2271,181,241,200,849,Aspen,Catacount,Comanche Peak
12274,2110,32,30,127,60,192,198,159,79,553,Douglas-fir,Catacount,Cache la Poudre
12275,2070,319,10,0,0,960,195,231,176,228,Cottonwood/Willow,Cryaquolis,Cache la Poudre
12276,2080,305,23,30,16,979,150,221,208,242,Cottonwood/Willow,Cryaquolis,Cache la Poudre
12277,2051,102,31,210,132,228,253,182,32,513,Ponderosa Pine,Cathedral,Cache la Poudre
12278,1993,291,41,127,96,150,78,197,240,300,Ponderosa Pine,Catacount,Cache la Poudre
12279,2195,314,36,30,14,636,105,187,210,513,Douglas-fir,Catacount,Cache la Poudre
12280,2174,344,31,240,-6,785,144,176,161,713,Douglas-fir,Catacount,Cache la Poudre
12281,2760,161,22,218,54,540,236,239,121,589,Aspen,Legault,Rawah
12282,2743,154,21,268,37,553,239,237,117,571,Aspen,Legault,Rawah
12283,2807,268,17,30,9,2281,173,244,209,886,Aspen,Catacount,Comanche Peak
12284,2819,254,22,42,11,2254,165,248,217,912,Aspen,Catacount,Comanche Peak
12285,2858,75,13,0,0,787,236,215,108,1667,Lodgepole Pine,Leighcan,Comanche Peak
12286,2307,25,16,150,19,780,210,203,125,680,Ponderosa Pine,Vanet,Cache la Poudre
12287,2074,80,12,30,4,966,236,218,111,247,Cottonwood/Willow,Cryaquolis,Cache la Poudre
12288,2183,352,30,30,17,895,153,173,147,745,Ponderosa Pine,Catacount,Cache la Poudre
12289,2005,284,29,30,20,150,130,227,230,551,Ponderosa Pine,Vanet,Cache la Poudre
12290,3246,209,7,30,3,2423,215,247,168,2885,Lodgepole Pine,Legault,Rawah
12291,2759,183,20,182,41,510,221,249,152,671,Aspen,Legault,Rawah
12292,2756,172,22,180,50,510,228,244,135,646,Aspen,Legault,Rawah
12293,2840,276,22,60,17,2187,156,238,220,953,Aspen,Cryaquolis,Comanche Peak
12294,2870,264,16,67,-10,2106,178,246,206,1036,Lodgepole Pine,Cryaquolis,Comanche Peak
12295,2983,351,18,376,102,595,184,206,158,1598,Lodgepole Pine,Leighcan,Comanche Peak
12296,2327,310,27,201,-2,566,137,210,209,551,Ponderosa Pine,Catacount,Cache la Poudre
12297,2136,232,26,95,52,1124,169,252,211,382,Ponderosa Pine,Cathedral,Cache la Poudre
12298,2059,20,38,162,133,234,165,133,79,454,Ponderosa Pine,Catacount,Cache la Poudre
12299,2247,20,25,95,66,721,193,177,110,591,Douglas-fir,Catacount,Cache la Poudre
12300,2743,169,20,150,37,480,231,244,135,664,Aspen,Legault,Rawah
12301,2738,165,19,162,32,480,233,242,132,648,Aspen,Legault,Rawah
12302,2938,291,7,30,3,1772,199,239,179,1368,Aspen,Cryaquolis,Comanche Peak
12303,3020,55,13,124,29,134,228,211,113,1296,Lodgepole Pine,Catacount,Comanche Peak
12304,2892,357,21,201,30,534,183,198,149,469,Lodgepole Pine,Catacount,Comanche Peak
12305,2207,331,22,277,167,319,164,207,180,811,Ponderosa Pine,Catacount,Cache la Poudre
12306,2080,47,22,42,11,1015,221,187,90,306,Cottonwood/Willow,Catacount,Cache la Poudre
12307,2099,3,33,268,48,339,159,160,124,424,Ponderosa Pine,Catacount,Cache la Poudre
12308,2003,5,22,0,0,210,185,191,137,484,Cottonwood/Willow,Catacount,Cache la Poudre
12309,2117,300,34,277,222,297,106,203,226,295,Ponderosa Pine,Catacount,Cache la Poudre
12310,2254,323,26,85,58,722,145,203,193,577,Douglas-fir,Catacount,Cache la Poudre
12311,3277,194,8,524,50,4283,219,247,162,2058,Krummholz,Cryaquolis,Rawah
12312,3193,135,28,660,39,1087,250,214,71,2431,Spruce_Fir,Legault,Rawah
12313,2841,307,21,0,0,2187,157,222,203,902,Aspen,Catacount,Comanche Peak
12314,2210,272,15,297,162,339,179,243,203,830,Ponderosa Pine,Catacount,Cache la Poudre
12315,2072,56,17,42,-1,1074,229,202,100,351,Cottonwood/Willow,Cryaquolis,Cache la Poudre
12316,2320,74,35,256,30,658,236,152,16,573,Ponderosa Pine,Vanet,Cache la Poudre
12317,2078,49,29,95,49,256,218,166,64,408,Cottonwood/Willow,Catacount,Cache la Poudre
12318,2870,280,13,0,0,2093,183,241,198,977,Aspen,Cryaquolis,Comanche Peak
12319,2093,274,18,210,48,216,168,241,212,834,Ponderosa Pine,Cathedral,Cache la Poudre
12320,2283,311,22,382,-29,488,154,218,201,726,Ponderosa Pine,Catacount,Cache la Poudre
12321,2417,9,23,95,38,931,187,187,130,631,Ponderosa Pine,Catacount,Cache la Poudre
12322,2100,71,28,108,56,295,238,173,47,371,Cottonwood/Willow,Catacount,Cache la Poudre
12323,2083,90,30,85,39,285,249,177,33,379,Cottonwood/Willow,Catacount,Cache la Poudre
12324,2039,329,31,30,23,270,131,186,186,450,Ponderosa Pine,Catacount,Cache la Poudre
12325,2855,320,19,60,23,2160,168,219,189,882,Aspen,Catacount,Comanche Peak
12326,2095,148,29,0,0,228,243,222,86,636,Cottonwood/Willow,Vanet,Cache la Poudre
12327,2073,336,11,0,0,1158,195,225,169,430,Cottonwood/Willow,Cryaquolis,Cache la Poudre
12328,2286,14,31,234,105,870,175,161,108,726,Douglas-fir,Vanet,Cache la Poudre
12329,2277,354,25,335,96,900,169,187,149,832,Douglas-fir,Catacount,Cache la Poudre
12330,3031,274,18,85,11,513,169,242,211,966,Lodgepole Pine,Catacount,Comanche Peak
12331,2836,342,25,124,38,1259,162,195,167,1674,Spruce_Fir,Leighcan,Comanche Peak
12332,2087,61,28,30,14,1165,229,169,54,446,Cottonwood/Willow,Cryaquolis,Cache la Poudre
12333,2290,315,18,0,0,914,170,223,192,725,Ponderosa Pine,Catacount,Cache la Poudre
12334,2290,2,20,330,92,900,187,197,143,845,Douglas-fir,Catacount,Cache la Poudre
12335,2018,38,19,170,49,330,217,195,107,404,Ponderosa Pine,Vanet,Cache la Poudre
12336,2087,138,11,0,0,309,237,236,129,571,Cottonwood/Willow,Pachic Argiborolis,Cache la Poudre
12337,2157,295,41,108,73,270,80,193,236,618,Ponderosa Pine,Catacount,Cache la Poudre
12338,2090,92,28,30,12,1190,250,184,0,474,Cottonwood/Willow,Cryaquolis,Cache la Poudre
12339,2165,93,36,153,114,417,248,162,10,270,Cottonwood/Willow,Haploborolis,Cache la Poudre
12340,2052,316,14,0,0,361,182,227,185,324,Cottonwood/Willow,Haploborolis,Cache la Poudre
12341,2136,345,15,297,-3,484,189,215,164,685,Ponderosa Pine,Catacount,Cache la Poudre
12342,3299,210,10,552,77,3695,212,250,172,2512,Spruce_Fir,Cryaquolis,Rawah
12343,3018,61,16,150,51,212,231,206,103,503,Lodgepole Pine,Catacount,Comanche Peak
12344,2092,147,17,0,0,366,240,236,119,541,Cottonwood/Willow,Vanet,Cache la Poudre
12345,2154,242,27,390,109,430,157,249,221,900,Ponderosa Pine,Cathedral,Cache la Poudre
12346,2337,59,24,212,47,757,230,183,73,510,Ponderosa Pine,Vanet,Cache la Poudre
12347,2165,90,36,150,114,443,247,159,8,240,Cottonwood/Willow,Haploborolis,Cache la Poudre
12348,2137,24,17,379,92,408,208,200,124,811,Ponderosa Pine,Catacount,Cache la Poudre
12349,2345,307,17,134,55,849,171,227,196,579,Ponderosa Pine,Vanet,Cache la Poudre
12350,2236,71,30,270,185,534,237,168,41,242,Cottonwood/Willow,Haploborolis,Cache la Poudre
12351,2217,84,30,240,166,516,246,173,34,228,Cottonwood/Willow,Haploborolis,Cache la Poudre
12352,2123,94,37,90,72,446,248,158,3,218,Cottonwood/Willow,Haploborolis,Cache la Poudre
12353,2053,66,15,0,0,424,233,210,105,258,Cottonwood/Willow,Haploborolis,Cache la Poudre
12354,2160,90,37,330,-11,618,246,156,0,626,Ponderosa Pine,Vanet,Cache la Poudre
12355,2121,315,18,85,33,379,169,222,192,484,Ponderosa Pine,Catacount,Cache la Poudre
12356,2206,267,36,192,120,360,106,227,245,551,Ponderosa Pine,Catacount,Cache la Poudre
12357,2144,29,19,408,86,433,210,196,116,792,Ponderosa Pine,Catacount,Cache la Poudre
12358,2216,98,34,242,144,541,251,172,20,201,Cottonwood/Willow,Haploborolis,Cache la Poudre
12359,2177,106,34,182,126,510,253,177,20,182,Cottonwood/Willow,Haploborolis,Cache la Poudre
12360,2156,108,35,153,105,497,253,176,18,180,Cottonwood/Willow,Haploborolis,Cache la Poudre
12361,2136,108,35,124,85,485,254,177,20,182,Cottonwood/Willow,Haploborolis,Cache la Poudre
12362,2115,104,36,95,64,474,252,170,13,190,Cottonwood/Willow,Haploborolis,Cache la Poudre
12363,2171,39,26,150,49,509,210,173,84,771,Ponderosa Pine,Catacount,Cache la Poudre
12364,2198,102,34,283,26,664,252,174,20,677,Ponderosa Pine,Vanet,Cache la Poudre
12365,2278,244,34,510,-51,700,134,243,231,859,Ponderosa Pine,Cathedral,Cache la Poudre
12366,2198,297,30,201,125,1410,123,214,224,674,Ponderosa Pine,Catacount,Cache la Poudre
12367,2273,103,31,309,195,618,253,184,35,234,Cottonwood/Willow,Haploborolis,Cache la Poudre
12368,2212,98,36,228,140,566,250,165,10,175,Cottonwood/Willow,Haploborolis,Cache la Poudre
12369,2064,76,16,42,10,484,238,208,96,212,Cottonwood/Willow,Haploborolis,Cache la Poudre
12370,2146,303,19,150,82,484,165,228,202,390,Ponderosa Pine,Catacount,Cache la Poudre
12371,3286,207,6,467,65,3674,216,246,166,2605,Spruce_Fir,Cryaquolis,Rawah
12372,2732,39,6,30,3,1050,220,227,142,1423,Douglas-fir,Cryaquolis,Comanche Peak
12373,2111,34,2,0,0,661,219,235,153,534,Cottonwood/Willow,Vanet,Cache la Poudre
12374,2109,188,2,0,0,638,219,240,157,516,Cottonwood/Willow,Vanet,Cache la Poudre
12375,2111,211,14,0,0,616,208,252,178,499,Cottonwood/Willow,Vanet,Cache la Poudre
12376,2111,105,9,0,0,534,236,229,123,446,Cottonwood/Willow,Pachic Argiborolis,Cache la Poudre
12377,2075,298,16,0,0,1317,174,233,198,618,Cottonwood/Willow,Cryaquolis,Cache la Poudre
12378,2318,120,36,376,231,700,253,184,24,295,Cottonwood/Willow,Haploborolis,Cache la Poudre
12379,2300,124,37,351,213,680,252,186,26,268,Cottonwood/Willow,Haploborolis,Cache la Poudre
12380,2266,124,31,295,188,642,253,200,49,216,Cottonwood/Willow,Haploborolis,Cache la Poudre
12381,2120,108,33,108,52,541,254,181,26,124,Cottonwood/Willow,Haploborolis,Cache la Poudre
12382,2170,14,22,242,89,532,193,189,126,547,Ponderosa Pine,Vanet,Cache la Poudre
12383,2351,135,5,216,57,918,227,238,144,547,Cottonwood/Willow,Vanet,Cache la Poudre
12384,2352,235,17,255,58,872,189,253,198,488,Cottonwood/Willow,Vanet,Cache la Poudre
12385,2137,100,36,124,65,579,251,168,0,90,Cottonwood/Willow,Haploborolis,Cache la Poudre
12386,3269,205,15,277,43,3874,210,252,174,2529,Krummholz,Cryaquolis,Rawah
12387,2970,146,23,242,57,361,244,230,101,782,Aspen,Catacount,Comanche Peak
12388,2741,284,15,0,0,1047,176,239,202,1476,Douglas-fir,Cryaquolis,Comanche Peak
12389,2120,79,2,0,0,792,222,234,148,576,Cottonwood/Willow,Pachic Argiborolis,Cache la Poudre
12390,2170,337,33,108,65,524,131,176,173,361,Ponderosa Pine,Catacount,Cache la Poudre
12391,2078,114,8,0,0,1328,235,232,129,663,Cottonwood/Willow,Cathedral,Cache la Poudre
12392,2353,117,9,228,59,960,236,232,128,573,Cottonwood/Willow,Vanet,Cache la Poudre
12393,2180,107,38,162,108,631,252,168,7,85,Cottonwood/Willow,Haploborolis,Cache la Poudre
12394,2133,102,35,108,61,607,252,172,0,60,Cottonwood/Willow,Haploborolis,Cache la Poudre
12395,2820,111,29,175,74,849,254,195,47,1307,Aspen,Catacount,Comanche Peak
12396,2248,59,29,446,164,518,227,167,53,582,Ponderosa Pine,Catacount,Cache la Poudre
12397,2259,131,35,283,159,750,251,198,43,242,Cottonwood/Willow,Haploborolis,Cache la Poudre
12398,2199,135,31,212,121,685,250,210,64,124,Cottonwood/Willow,Haploborolis,Cache la Poudre
12399,2174,259,32,95,71,577,128,238,238,684,Ponderosa Pine,Catacount,Cache la Poudre
12400,2139,119,10,0,0,933,237,232,125,648,Cottonwood/Willow,Pachic Argiborolis,Cache la Poudre
12401,2136,41,5,0,0,955,220,229,145,641,Cottonwood/Willow,Pachic Argiborolis,Cache la Poudre
12402,2207,351,30,170,99,569,153,175,150,300,Ponderosa Pine,Catacount,Cache la Poudre
12403,2255,329,36,309,163,540,113,172,185,366,Ponderosa Pine,Catacount,Cache la Poudre
12404,2379,126,21,270,85,1068,250,220,88,660,Cottonwood/Willow,Vanet,Cache la Poudre
12405,2359,120,34,272,65,1045,254,189,33,630,Cottonwood/Willow,Vanet,Cache la Poudre
12406,2342,134,29,277,48,1022,250,213,69,600,Cottonwood/Willow,Vanet,Cache la Poudre
12407,2332,225,26,324,38,933,175,253,204,480,Cottonwood/Willow,Vanet,Cache la Poudre
12408,2258,124,34,277,158,792,253,194,39,270,Cottonwood/Willow,Haploborolis,Cache la Poudre
12409,2176,129,29,175,98,698,252,208,61,90,Cottonwood/Willow,Haploborolis,Cache la Poudre
12410,2141,108,35,120,63,674,253,175,18,30,Cottonwood/Willow,Haploborolis,Cache la Poudre
12411,2120,107,34,90,48,664,254,178,21,0,Cottonwood/Willow,Haploborolis,Cache la Poudre
12412,2085,103,27,30,13,648,253,194,50,60,Cottonwood/Willow,Haploborolis,Cache la Poudre
12413,2178,309,21,216,114,636,157,221,202,390,Ponderosa Pine,Catacount,Cache la Poudre
12414,2278,222,6,350,68,811,212,246,171,713,Ponderosa Pine,Vanet,Cache la Poudre
12415,2058,137,35,85,49,331,248,202,50,361,Ponderosa Pine,Vanet,Cache la Poudre
12416,2771,146,7,216,47,1782,230,239,142,371,Spruce_Fir,Catacount,Comanche Peak
12417,2922,169,22,212,67,430,230,243,132,942,Aspen,Catacount,Comanche Peak
12418,2151,4,23,60,17,966,182,187,136,658,Ponderosa Pine,Catacount,Cache la Poudre
12419,2328,160,7,404,34,1307,228,242,147,930,Cottonwood/Willow,Vanet,Cache la Poudre
12420,2376,213,11,301,82,1110,210,251,175,691,Cottonwood/Willow,Vanet,Cache la Poudre
12421,2347,122,36,301,53,1064,253,186,27,631,Cottonwood/Willow,Vanet,Cache la Poudre
12422,2343,184,14,361,232,912,223,249,156,421,Cottonwood/Willow,Vanet,Cache la Poudre
12423,2333,106,26,339,222,892,253,197,54,391,Cottonwood/Willow,Vanet,Cache la Poudre
12424,2292,101,38,297,188,853,251,162,4,331,Cottonwood/Willow,Haploborolis,Cache la Poudre
12425,2190,131,29,190,99,752,252,210,64,153,Cottonwood/Willow,Haploborolis,Cache la Poudre
12426,2153,116,27,134,75,713,254,203,59,67,Cottonwood/Willow,Haploborolis,Cache la Poudre
12427,2081,100,21,30,9,677,249,207,76,67,Cottonwood/Willow,Haploborolis,Cache la Poudre
12428,2076,324,4,0,0,671,209,235,165,95,Cottonwood/Willow,Haploborolis,Cache la Poudre
12429,2012,155,27,30,3,240,239,230,101,277,Cottonwood/Willow,Vanet,Cache la Poudre
12430,2005,159,28,30,1,210,236,232,107,247,Cottonwood/Willow,Vanet,Cache la Poudre
12431,3260,58,12,218,33,4308,228,214,117,2419,Krummholz,Leighcan,Rawah
12432,2970,247,10,484,106,1560,200,248,186,1325,Lodgepole Pine,Catacount,Comanche Peak
12433,2770,110,24,90,24,859,253,205,66,1406,Aspen,Catacount,Comanche Peak
12434,2147,150,15,0,0,918,238,238,125,731,Cottonwood/Willow,Pachic Argiborolis,Cache la Poudre
12435,2081,7,9,0,0,1438,209,222,150,782,Cottonwood/Willow,Cryaquolis,Cache la Poudre
12436,2328,113,8,446,34,1348,234,232,129,962,Cottonwood/Willow,Vanet,Cache la Poudre
12437,2319,171,17,408,25,1298,229,246,142,902,Cottonwood/Willow,Vanet,Cache la Poudre
12438,2322,208,17,362,28,1224,206,253,178,812,Cottonwood/Willow,Vanet,Cache la Poudre
12439,2369,168,15,331,75,1129,230,245,142,693,Cottonwood/Willow,Vanet,Cache la Poudre
12440,2336,123,36,331,42,1084,253,187,28,633,Cottonwood/Willow,Haploborolis,Cache la Poudre
12441,2319,132,31,335,25,1062,251,208,60,603,Cottonwood/Willow,Haploborolis,Cache la Poudre
12442,2302,169,21,351,8,1018,231,243,133,543,Cottonwood/Willow,Haploborolis,Cache la Poudre
12443,2334,111,24,319,223,914,253,206,67,395,Cottonwood/Willow,Vanet,Cache la Poudre
12444,2192,122,29,175,92,793,254,204,57,190,Cottonwood/Willow,Haploborolis,Cache la Poudre
12445,2116,101,34,67,38,721,252,174,20,60,Cottonwood/Willow,Haploborolis,Cache la Poudre
12446,2291,353,22,323,81,858,178,197,154,771,Ponderosa Pine,Vanet,Cache la Poudre
12447,2244,108,28,30,15,990,254,196,50,960,Ponderosa Pine,Vanet,Cache la Poudre
12448,2214,84,23,0,0,930,245,195,67,964,Cottonwood/Willow,Vanet,Cache la Poudre
12449,2182,61,31,0,0,840,228,161,44,875,Cottonwood/Willow,Vanet,Cache la Poudre
12450,2009,128,14,0,0,270,243,230,113,313,Cottonwood/Willow,Vanet,Cache la Poudre
12451,1996,96,13,0,0,210,240,221,109,256,Cottonwood/Willow,Vanet,Cache la Poudre
12452,2884,311,17,636,0,1214,172,226,193,1269,Lodgepole Pine,Catacount,Comanche Peak
12453,2903,158,18,175,48,351,237,240,126,957,Aspen,Catacount,Comanche Peak
12454,2791,110,27,134,36,792,254,198,52,1374,Aspen,Catacount,Comanche Peak
12455,2143,67,2,30,-14,924,221,235,151,769,Cottonwood/Willow,Pachic Argiborolis,Cache la Poudre
12456,2105,136,17,0,0,1397,244,231,109,824,Cottonwood/Willow,Cathedral,Cache la Poudre
12457,2088,21,10,0,0,1436,214,219,141,812,Cottonwood/Willow,Cryaquolis,Cache la Poudre
12458,2286,278,35,366,205,1492,105,220,243,927,Ponderosa Pine,Catacount,Cache la Poudre
12459,2328,92,13,469,34,1365,240,220,109,964,Cottonwood/Willow,Vanet,Cache la Poudre
12460,2308,178,17,417,14,1290,225,248,149,875,Cottonwood/Willow,Vanet,Cache la Poudre
12461,2340,272,27,371,46,1195,140,236,230,755,Cottonwood/Willow,Vanet,Cache la Poudre
12462,2344,121,35,360,50,1126,253,189,31,666,Cottonwood/Willow,Vanet,Cache la Poudre
12463,2308,250,25,366,195,997,159,248,221,488,Cottonwood/Willow,Haploborolis,Cache la Poudre
12464,2233,121,36,212,129,865,253,185,25,285,Cottonwood/Willow,Haploborolis,Cache la Poudre
12465,2171,121,26,134,71,805,253,208,64,175,Cottonwood/Willow,Haploborolis,Cache la Poudre
12466,2148,129,26,120,57,780,252,215,74,127,Cottonwood/Willow,Haploborolis,Cache la Poudre
12467,2238,97,23,0,0,990,250,201,68,984,Cottonwood/Willow,Vanet,Cache la Poudre
12468,2226,84,21,0,0,960,244,200,76,997,Cottonwood/Willow,Vanet,Cache la Poudre
12469,2778,104,18,95,23,808,247,215,89,1416,Aspen,Catacount,Comanche Peak
12470,2304,349,29,319,193,666,155,180,155,201,Ponderosa Pine,Catacount,Cache la Poudre
12471,2319,353,20,331,162,767,181,200,154,800,Ponderosa Pine,Catacount,Cache la Poudre
12472,2316,99,21,474,22,1357,249,206,76,938,Cottonwood/Willow,Vanet,Cache la Poudre
12473,2299,171,13,443,5,1308,229,245,146,878,Cottonwood/Willow,Vanet,Cache la Poudre
12474,2302,230,16,430,8,1284,195,253,192,849,Cottonwood/Willow,Vanet,Cache la Poudre
12475,2356,210,10,395,62,1191,212,250,173,730,Cottonwood/Willow,Vanet,Cache la Poudre
12476,2334,121,35,390,40,1146,253,189,32,671,Cottonwood/Willow,Haploborolis,Cache la Poudre
12477,2314,119,34,391,20,1124,254,189,33,641,Cottonwood/Willow,Haploborolis,Cache la Poudre
12478,2304,247,27,342,184,1019,153,248,224,495,Cottonwood/Willow,Haploborolis,Cache la Poudre
12479,2113,85,20,0,0,690,244,201,78,735,Cottonwood/Willow,Vanet,Cache la Poudre
12480,2008,81,6,0,0,300,228,230,136,362,Cottonwood/Willow,Pachic Argiborolis,Cache la Poudre
12481,3260,207,11,309,59,3612,213,250,172,2839,Spruce_Fir,Cryaquolis,Rawah
12482,2967,144,16,350,86,780,241,235,118,2640,Lodgepole Pine,Legault,Rawah
12483,2878,200,6,420,117,2103,218,246,163,750,Aspen,Catacount,Comanche Peak
12484,2884,150,17,120,29,295,240,237,121,1008,Aspen,Catacount,Comanche Peak
12485,2324,254,14,446,-115,120,186,248,200,457,Ponderosa Pine,Vanet,Cache la Poudre
12486,2156,130,7,0,0,927,233,236,136,845,Cottonwood/Willow,Pachic Argiborolis,Cache la Poudre
12487,2102,288,3,0,0,1350,211,239,166,888,Cottonwood/Willow,Cryaquolis,Cache la Poudre
12488,2312,251,25,446,18,1279,158,248,222,824,Cottonwood/Willow,Vanet,Cache la Poudre
12489,2304,122,33,421,179,1146,254,195,40,648,Cottonwood/Willow,Haploborolis,Cache la Poudre
12490,2152,136,31,85,52,859,250,209,62,212,Cottonwood/Willow,Haploborolis,Cache la Poudre
12491,2139,136,32,67,39,847,249,208,59,192,Cottonwood/Willow,Haploborolis,Cache la Poudre
12492,2112,136,31,60,12,825,250,210,63,162,Cottonwood/Willow,Haploborolis,Cache la Poudre
12493,2331,2,16,240,68,984,196,208,147,859,Ponderosa Pine,Vanet,Cache la Poudre
12494,2101,39,19,0,0,630,217,195,106,684,Cottonwood/Willow,Vanet,Cache la Poudre
12495,2094,44,20,0,0,600,220,191,97,655,Cottonwood/Willow,Vanet,Cache la Poudre
12496,2027,119,21,30,8,360,251,216,83,430,Ponderosa Pine,Vanet,Cache la Poudre
12497,3266,172,13,272,90,3401,228,246,147,2989,Spruce_Fir,Leighcan,Rawah
12498,2873,283,20,511,225,1199,160,236,214,1430,Lodgepole Pine,Catacount,Comanche Peak
12499,2844,171,32,90,21,591,223,235,118,1294,Aspen,Catacount,Comanche Peak
12500,2838,149,30,90,30,646,242,222,85,1338,Aspen,Catacount,Comanche Peak
12501,2106,150,17,30,5,1320,239,237,122,931,Cottonwood/Willow,Cathedral,Cache la Poudre
12502,2101,148,3,0,0,1320,224,239,151,924,Cottonwood/Willow,Cryaquolis,Cache la Poudre
12503,2294,124,31,408,168,1167,253,201,51,655,Cottonwood/Willow,Haploborolis,Cache la Poudre
12504,2196,123,34,150,85,942,253,191,35,324,Cottonwood/Willow,Haploborolis,Cache la Poudre
12505,2151,134,31,85,47,899,250,208,60,255,Cottonwood/Willow,Haploborolis,Cache la Poudre
12506,2293,75,16,95,30,1104,238,207,95,875,Cottonwood/Willow,Vanet,Cache la Poudre
12507,2036,114,18,30,-12,450,248,218,91,524,Cottonwood/Willow,Vanet,Cache la Poudre
12508,2021,115,10,30,6,360,237,231,124,443,Cottonwood/Willow,Vanet,Cache la Poudre
12509,2823,105,16,391,74,1698,245,219,99,713,Aspen,Catacount,Comanche Peak
12510,2873,138,13,60,2,242,239,235,123,1061,Aspen,Catacount,Comanche Peak
12511,2864,144,12,42,9,277,237,238,129,1091,Aspen,Catacount,Comanche Peak
12512,2161,317,17,30,11,979,173,223,189,793,Ponderosa Pine,Catacount,Cache la Poudre
12513,2102,347,6,0,0,1290,208,230,160,960,Cottonwood/Willow,Cryaquolis,Cache la Poudre
12514,2105,329,17,0,0,1290,178,218,179,953,Cottonwood/Willow,Cryaquolis,Cache la Poudre
12515,2133,51,20,30,20,1296,225,192,93,934,Ponderosa Pine,Catacount,Cache la Poudre
12516,2108,303,25,30,6,1318,142,218,212,932,Ponderosa Pine,Cryaquolis,Cache la Poudre
12517,2282,304,17,335,207,1423,172,229,197,1008,Ponderosa Pine,Vanet,Cache la Poudre
12518,2284,112,11,524,-9,1364,239,228,119,895,Cottonwood/Willow,Vanet,Cache la Poudre
12519,2315,211,21,488,21,1273,198,254,184,779,Cottonwood/Willow,Vanet,Cache la Poudre
12520,2204,114,34,162,91,983,254,185,29,366,Cottonwood/Willow,Haploborolis,Cache la Poudre
12521,2124,130,31,42,20,914,252,206,57,258,Cottonwood/Willow,Haploborolis,Cache la Poudre
12522,2110,129,24,30,10,902,251,218,81,242,Cottonwood/Willow,Haploborolis,Cache la Poudre
12523,2311,290,20,256,124,882,161,233,211,607,Ponderosa Pine,Vanet,Cache la Poudre
12524,2338,336,15,300,128,979,187,219,171,785,Ponderosa Pine,Vanet,Cache la Poudre
12525,2222,65,34,127,-18,900,229,152,28,960,Douglas-fir,Vanet,Cache la Poudre
12526,2149,51,25,90,21,720,223,178,76,787,Douglas-fir,Vanet,Cache la Poudre
12527,3217,180,4,30,-1,3906,221,242,156,2754,Krummholz,Cryaquolis,Rawah
12528,2839,341,26,90,31,120,156,192,168,902,Spruce_Fir,Legault,Rawah
12529,2815,98,14,350,66,1740,242,220,105,698,Aspen,Catacount,Comanche Peak
12530,2319,265,14,360,57,201,184,246,200,430,Ponderosa Pine,Vanet,Cache la Poudre
12531,2113,184,7,30,3,1269,222,245,157,1060,Cottonwood/Willow,Cathedral,Cache la Poudre
12532,2115,51,7,30,5,1263,224,225,137,1036,Cottonwood/Willow,Cryaquolis,Cache la Poudre
12533,2327,109,27,547,246,1452,254,198,53,990,Cottonwood/Willow,Vanet,Cache la Poudre
12534,2295,147,32,430,165,1252,243,218,78,731,Cottonwood/Willow,Haploborolis,Cache la Poudre
12535,2214,127,31,162,101,1024,253,202,51,408,Cottonwood/Willow,Haploborolis,Cache la Poudre
12536,2110,354,19,0,0,875,186,204,154,268,Cottonwood/Willow,Vanet,Cache la Poudre
12537,2270,41,33,295,109,794,203,148,56,351,Ponderosa Pine,Catacount,Cache la Poudre
12538,2286,319,29,124,76,900,134,200,200,659,Douglas-fir,Catacount,Cache la Poudre
12539,2029,347,21,0,0,390,175,200,161,499,Cottonwood/Willow,Pachic Argiborolis,Cache la Poudre
12540,2828,95,14,382,78,1722,241,219,104,765,Aspen,Catacount,Comanche Peak
12541,2838,195,9,216,81,2254,219,248,163,633,Aspen,Catacount,Comanche Peak
12542,2120,22,14,0,0,1233,211,210,133,1064,Cottonwood/Willow,Cryaquolis,Cache la Poudre
12543,2326,145,26,524,250,1456,246,224,90,1026,Cottonwood/Willow,Vanet,Cache la Poudre
12544,2316,132,28,541,153,1471,251,213,70,997,Cottonwood/Willow,Vanet,Cache la Poudre
12545,2303,122,26,525,145,1448,253,208,65,968,Cottonwood/Willow,Vanet,Cache la Poudre
12546,2280,128,16,497,122,1403,244,229,109,911,Cottonwood/Willow,Vanet,Cache la Poudre
12547,2282,212,20,470,136,1358,199,254,184,854,Cottonwood/Willow,Vanet,Cache la Poudre
12548,2292,177,29,443,152,1315,219,242,134,797,Cottonwood/Willow,Haploborolis,Cache la Poudre
12549,2229,159,22,283,103,1172,237,238,119,604,Cottonwood/Willow,Haploborolis,Cache la Poudre
12550,2235,174,31,212,110,1116,221,238,126,525,Cottonwood/Willow,Haploborolis,Cache la Poudre
12551,2221,150,33,170,101,1082,241,219,80,474,Cottonwood/Willow,Haploborolis,Cache la Poudre
12552,2352,328,3,323,89,1045,212,236,162,730,Douglas-fir,Vanet,Cache la Poudre
12553,3210,162,9,42,0,3843,229,243,145,2835,Krummholz,Cryaquolis,Rawah
12554,2868,94,22,450,114,1668,248,200,69,886,Aspen,Catacount,Comanche Peak
12555,2821,85,13,339,71,1764,238,217,108,752,Aspen,Catacount,Comanche Peak
12556,2835,218,9,192,83,2249,211,249,174,649,Aspen,Catacount,Comanche Peak
12557,2114,114,11,30,3,1230,240,229,118,1168,Cottonwood/Willow,Cryaquolis,Cache la Poudre
12558,2111,10,7,0,0,1224,213,226,151,1154,Cottonwood/Willow,Cryaquolis,Cache la Poudre
12559,2121,331,27,0,0,1213,148,196,182,1127,Cottonwood/Willow,Cryaquolis,Cache la Poudre
12560,2140,320,32,60,33,1200,124,192,199,1048,Ponderosa Pine,Catacount,Cache la Poudre
12561,2155,312,28,108,46,1237,135,207,206,1024,Ponderosa Pine,Catacount,Cache la Poudre
12562,2273,185,16,443,115,1379,221,249,156,864,Cottonwood/Willow,Vanet,Cache la Poudre
12563,2270,158,27,402,130,1315,237,232,106,780,Cottonwood/Willow,Haploborolis,Cache la Poudre
12564,2238,139,25,323,108,1233,248,222,87,671,Cottonwood/Willow,Haploborolis,Cache la Poudre
12565,2219,141,20,268,93,1195,245,230,105,618,Cottonwood/Willow,Haploborolis,Cache la Poudre
12566,2214,159,28,170,89,1123,236,231,105,516,Cottonwood/Willow,Haploborolis,Cache la Poudre
12567,2134,117,32,42,21,1020,254,192,39,366,Cottonwood/Willow,Haploborolis,Cache la Poudre
12568,2110,99,3,0,0,997,224,235,146,335,Cottonwood/Willow,Vanet,Cache la Poudre
12569,2296,208,19,162,91,960,204,254,179,604,Ponderosa Pine,Vanet,Cache la Poudre
12570,2339,26,23,192,76,1176,202,183,108,752,Douglas-fir,Vanet,Cache la Poudre
12571,2033,20,5,0,0,484,217,229,150,607,Cottonwood/Willow,Pachic Argiborolis,Cache la Poudre
12572,2362,268,22,350,109,384,159,243,220,690,Ponderosa Pine,Catacount,Cache la Poudre
12573,2118,185,6,0,0,1208,221,244,158,1209,Cottonwood/Willow,Cryaquolis,Cache la Poudre
12574,2118,342,8,0,0,1201,203,228,164,1195,Cottonwood/Willow,Cryaquolis,Cache la Poudre
12575,2129,336,29,85,12,1170,144,187,174,1092,Ponderosa Pine,Catacount,Cache la Poudre
12576,2183,315,34,108,75,1170,113,191,208,1065,Ponderosa Pine,Catacount,Cache la Poudre
12577,2148,150,33,60,28,1073,241,217,77,426,Cottonwood/Willow,Haploborolis,Cache la Poudre
12578,2113,122,12,0,0,1036,240,230,118,376,Cottonwood/Willow,Haploborolis,Cache la Poudre
12579,2111,308,5,0,0,1025,205,237,171,362,Cottonwood/Willow,Vanet,Cache la Poudre
12580,2266,358,12,0,0,902,202,218,154,433,Cottonwood/Willow,Vanet,Cache la Poudre
12581,2327,320,20,162,102,979,166,218,190,618,Douglas-fir,Vanet,Cache la Poudre
12582,2063,319,31,67,26,430,125,194,200,576,Douglas-fir,Catacount,Cache la Poudre
12583,2089,325,33,95,55,371,121,184,192,531,Douglas-fir,Catacount,Cache la Poudre
12584,2114,135,18,0,0,1205,245,230,107,1282,Cottonwood/Willow,Cathedral,Cache la Poudre
12585,2115,289,11,30,0,1179,190,239,189,1235,Cottonwood/Willow,Cryaquolis,Cache la Poudre
12586,2124,309,20,30,6,1172,162,223,199,1221,Cottonwood/Willow,Cryaquolis,Cache la Poudre
12587,2215,60,26,216,89,1224,230,177,65,624,Cottonwood/Willow,Catacount,Cache la Poudre
12588,2191,126,14,162,65,1190,243,229,112,576,Cottonwood/Willow,Catacount,Cache la Poudre
12589,2152,357,20,0,0,990,185,201,150,417,Cottonwood/Willow,Catacount,Cache la Poudre
12590,2284,267,4,210,22,192,209,241,170,306,Cottonwood/Willow,Catacount,Cache la Poudre
12591,2177,284,23,30,12,1036,149,233,221,592,Cottonwood/Willow,Pachic Argiborolis,Cache la Poudre
12592,2129,342,1,30,1,1340,217,237,157,1325,Cottonwood/Willow,Cryaquolis,Cache la Poudre
12593,2129,309,3,30,-2,1291,211,237,165,1337,Cottonwood/Willow,Cryaquolis,Cache la Poudre
12594,2128,231,7,42,-8,1276,210,246,174,1342,Cottonwood/Willow,Cryaquolis,Cache la Poudre
12595,2119,122,17,0,0,1187,247,224,100,1323,Cottonwood/Willow,Cryaquolis,Cache la Poudre
12596,2132,304,28,60,16,1142,131,212,215,1248,Cottonwood/Willow,Cryaquolis,Cache la Poudre
12597,2194,21,28,150,69,1120,190,170,104,1112,Ponderosa Pine,Catacount,Cache la Poudre
12598,2237,72,23,228,107,1266,239,189,69,666,Cottonwood/Willow,Catacount,Cache la Poudre
12599,2223,75,27,201,93,1249,241,178,50,642,Cottonwood/Willow,Catacount,Cache la Poudre
12600,2205,75,26,175,79,1231,241,183,57,618,Cottonwood/Willow,Catacount,Cache la Poudre
12601,2173,101,22,95,48,1183,250,204,70,552,Cottonwood/Willow,Catacount,Cache la Poudre
12602,2278,223,25,108,48,1047,180,254,200,485,Ponderosa Pine,Cathedral,Cache la Poudre
12603,2323,264,12,162,67,1020,189,245,195,569,Douglas-fir,Vanet,Cache la Poudre
12604,2050,334,15,0,0,560,184,219,173,708,Cottonwood/Willow,Pachic Argiborolis,Cache la Poudre
12605,2090,35,26,216,70,258,208,175,90,484,Douglas-fir,Vanet,Cache la Poudre
12606,2825,112,14,283,71,1837,243,225,108,841,Aspen,Catacount,Comanche Peak
12607,2259,298,31,162,91,1187,118,211,225,658,Ponderosa Pine,Catacount,Cache la Poudre
12608,2128,73,6,30,0,1350,227,229,136,1351,Cottonwood/Willow,Cryaquolis,Cache la Poudre
12609,2133,3,15,0,0,1298,199,211,148,1358,Cottonwood/Willow,Cryaquolis,Cache la Poudre
12610,2130,131,19,42,15,1182,247,226,100,1381,Cottonwood/Willow,Cathedral,Cache la Poudre
12611,2122,127,17,30,3,1170,246,226,102,1365,Cottonwood/Willow,Cryaquolis,Cache la Poudre
12612,2142,288,27,90,21,1113,134,225,226,1275,Cottonwood/Willow,Cryaquolis,Cache la Poudre
12613,2258,98,20,247,118,1326,248,208,80,732,Cottonwood/Willow,Haploborolis,Cache la Poudre
12614,2122,0,3,0,0,1155,215,234,156,499,Cottonwood/Willow,Vanet,Cache la Poudre
12615,2349,314,17,283,124,1101,172,224,191,570,Douglas-fir,Vanet,Cache la Poudre
12616,2070,316,23,60,29,513,153,214,198,680,Douglas-fir,Catacount,Cache la Poudre
12617,2302,193,13,150,40,297,218,250,163,408,Ponderosa Pine,Vanet,Cache la Poudre
12618,2310,356,7,242,86,1075,209,228,157,283,Ponderosa Pine,Vanet,Cache la Poudre
12619,2140,22,11,42,0,1315,213,217,139,1299,Cottonwood/Willow,Cryaquolis,Cache la Poudre
12620,2143,24,21,0,0,1240,204,190,115,1396,Cottonwood/Willow,Catacount,Cache la Poudre
12621,2130,144,12,30,2,1167,237,238,129,1423,Cottonwood/Willow,Cryaquolis,Cache la Poudre
12622,2320,350,17,404,137,1326,187,209,159,1060,Ponderosa Pine,Vanet,Cache la Poudre
12623,2286,113,14,256,128,1406,244,224,107,824,Cottonwood/Willow,Haploborolis,Cache la Poudre
12624,2277,115,19,242,119,1387,249,218,90,799,Cottonwood/Willow,Haploborolis,Cache la Poudre
12625,2266,114,23,228,120,1368,252,210,73,774,Cottonwood/Willow,Haploborolis,Cache la Poudre
12626,2252,115,26,218,112,1350,254,205,61,750,Cottonwood/Willow,Haploborolis,Cache la Poudre
12627,2190,120,28,124,60,1266,254,204,59,636,Cottonwood/Willow,Haploborolis,Cache la Poudre
12628,2197,352,26,0,0,1080,166,187,152,558,Ponderosa Pine,Catacount,Cache la Poudre
12629,2281,80,9,0,0,1019,233,223,122,379,Cottonwood/Willow,Cryaquolis,Cache la Poudre
12630,2112,20,31,212,120,242,181,157,96,503,Douglas-fir,Catacount,Cache la Poudre
12631,2028,334,24,60,30,297,157,200,178,513,Douglas-fir,Catacount,Cache la Poudre
12632,2807,98,14,201,53,1921,242,219,103,830,Aspen,Catacount,Comanche Peak
12633,2198,143,22,0,0,792,245,230,102,421,Cottonwood/Willow,Vanet,Cache la Poudre
12634,2180,51,7,0,0,1020,224,225,137,484,Cottonwood/Willow,Pachic Argiborolis,Cache la Poudre
12635,2182,326,17,0,0,1047,176,219,182,499,Cottonwood/Willow,Catacount,Cache la Poudre
12636,2144,30,23,42,13,1357,206,183,103,1332,Cottonwood/Willow,Cryaquolis,Cache la Poudre
12637,2138,27,18,30,7,1374,210,199,120,1362,Cottonwood/Willow,Cryaquolis,Cache la Poudre
12638,2140,342,15,0,0,1321,188,217,167,1410,Cottonwood/Willow,Cryaquolis,Cache la Poudre
12639,2107,86,9,0,0,1115,234,225,122,1415,Cottonwood/Willow,Cryaquolis,Cache la Poudre
12640,2108,315,8,30,-6,1103,200,234,174,1399,Cottonwood/Willow,Cryaquolis,Cache la Poudre
12641,2212,355,29,212,98,1020,160,175,143,1245,Ponderosa Pine,Catacount,Cache la Poudre
12642,2331,11,9,361,148,1321,211,222,148,1047,Cottonwood/Willow,Vanet,Cache la Poudre
12643,2278,138,22,228,120,1429,247,226,97,841,Cottonwood/Willow,Haploborolis,Cache la Poudre
12644,2230,116,28,182,90,1357,254,201,55,745,Cottonwood/Willow,Haploborolis,Cache la Poudre
12645,2216,121,26,170,76,1340,253,209,66,722,Cottonwood/Willow,Haploborolis,Cache la Poudre
12646,2153,121,29,60,27,1262,254,203,56,618,Cottonwood/Willow,Haploborolis,Cache la Poudre
12647,2137,117,25,30,11,1248,253,207,66,600,Cottonwood/Willow,Haploborolis,Cache la Poudre
12648,2264,223,11,30,4,1092,206,251,180,371,Ponderosa Pine,Cathedral,Cache la Poudre
12649,2289,111,15,0,0,1041,245,222,101,342,Cottonwood/Willow,Cryaquolis,Cache la Poudre
12650,2116,26,27,150,70,247,195,170,97,518,Douglas-fir,Catacount,Cache la Poudre
12651,2109,39,30,124,63,242,205,159,70,514,Douglas-fir,Catacount,Cache la Poudre
12652,2027,61,23,0,0,268,232,186,75,518,Cottonwood/Willow,Cathedral,Cache la Poudre
12653,2820,110,13,234,64,1908,243,225,108,895,Aspen,Catacount,Comanche Peak
12654,2799,111,14,162,45,1963,243,224,107,828,Aspen,Catacount,Comanche Peak
12655,2289,168,15,124,27,170,231,245,141,234,Ponderosa Pine,Catacount,Cache la Poudre
12656,2190,23,9,0,0,858,215,221,142,391,Cottonwood/Willow,Pachic Argiborolis,Cache la Poudre
12657,2192,207,19,0,0,907,205,254,178,400,Cottonwood/Willow,Vanet,Cache la Poudre
12658,2190,141,19,0,0,983,244,232,109,430,Cottonwood/Willow,Pachic Argiborolis,Cache la Poudre
12659,2369,294,27,301,205,1329,136,222,221,691,Ponderosa Pine,Catacount,Cache la Poudre
12660,2171,19,28,42,14,1142,187,168,105,866,Cottonwood/Willow,Cryaquolis,Cache la Poudre
12661,2159,36,25,30,3,1155,210,178,92,895,Cottonwood/Willow,Cryaquolis,Cache la Poudre
12662,2169,146,27,30,12,1273,245,225,91,1130,Cottonwood/Willow,Cathedral,Cache la Poudre
12663,2148,52,6,0,0,1302,223,227,140,1189,Cottonwood/Willow,Cryaquolis,Cache la Poudre
12664,2145,342,20,0,0,1318,175,206,167,1426,Cottonwood/Willow,Cryaquolis,Cache la Poudre
12665,2132,38,21,0,0,1114,215,190,102,1473,Cottonwood/Willow,Cryaquolis,Cache la Poudre
12666,2123,320,20,30,7,1064,164,217,191,1410,Cottonwood/Willow,Cryaquolis,Cache la Poudre
12667,2302,342,28,324,177,1064,150,184,165,1243,Ponderosa Pine,Catacount,Cache la Poudre
12668,2309,336,29,342,184,1075,143,187,176,1248,Ponderosa Pine,Catacount,Cache la Poudre
12669,2330,260,5,382,147,1260,207,243,174,1114,Cottonwood/Willow,Vanet,Cache la Poudre
12670,2305,126,19,277,122,1350,248,223,95,983,Cottonwood/Willow,Haploborolis,Cache la Poudre
12671,2238,126,26,162,80,1398,252,212,70,787,Cottonwood/Willow,Haploborolis,Cache la Poudre
12672,2211,106,23,150,71,1365,252,205,69,743,Cottonwood/Willow,Haploborolis,Cache la Poudre
12673,2244,2,25,30,13,1165,177,185,138,543,Ponderosa Pine,Catacount,Cache la Poudre
12674,2244,330,13,0,0,1167,188,224,175,484,Cottonwood/Willow,Catacount,Cache la Poudre
12675,2063,21,7,0,0,685,215,224,146,853,Cottonwood/Willow,Haploborolis,Cache la Poudre
12676,2159,13,24,242,86,342,190,184,124,591,Douglas-fir,Catacount,Cache la Poudre
12677,2150,34,26,192,84,309,207,175,91,569,Douglas-fir,Catacount,Cache la Poudre
12678,3193,88,7,60,-1,3721,231,229,131,3103,Krummholz,Cryaquolis,Rawah
12679,2184,5,8,30,-12,999,210,225,152,402,Cottonwood/Willow,Catacount,Cache la Poudre
12680,2229,164,28,30,5,1095,232,235,114,240,Cottonwood/Willow,Cathedral,Cache la Poudre
12681,2154,152,13,0,0,1298,235,240,133,1136,Cottonwood/Willow,Cryaquolis,Cache la Poudre
12682,2131,264,9,30,0,1006,199,244,185,1396,Cottonwood/Willow,Cryaquolis,Cache la Poudre
12683,2313,350,26,335,188,1025,164,186,154,1269,Ponderosa Pine,Catacount,Cache la Poudre
12684,2281,139,21,216,98,1364,246,228,99,949,Cottonwood/Willow,Haploborolis,Cache la Poudre
12685,2185,101,28,85,45,1358,253,190,46,722,Cottonwood/Willow,Haploborolis,Cache la Poudre
12686,2256,352,30,90,59,1173,155,174,147,666,Ponderosa Pine,Catacount,Cache la Poudre
12687,2324,132,14,85,17,1080,242,232,117,124,Ponderosa Pine,Vanet,Cache la Poudre
12688,2336,300,16,162,62,1148,175,232,197,474,Douglas-fir,Vanet,Cache la Poudre
12689,2261,166,14,30,3,324,231,244,141,384,Cottonwood/Willow,Catacount,Cache la Poudre
12690,2172,283,22,30,11,1167,153,234,219,797,Cottonwood/Willow,Cryaquolis,Cache la Poudre
12691,2187,21,32,42,31,1222,181,154,92,940,Ponderosa Pine,Catacount,Cache la Poudre
12692,2153,33,27,60,21,1061,202,169,88,1523,Ponderosa Pine,Catacount,Cache la Poudre
12693,2146,20,26,60,14,1047,191,174,109,1507,Ponderosa Pine,Catacount,Cache la Poudre
12694,2130,71,14,0,0,987,235,213,107,1436,Cottonwood/Willow,Cryaquolis,Cache la Poudre
12695,2345,359,20,488,236,1091,186,200,148,1328,Ponderosa Pine,Catacount,Cache la Poudre
12696,2337,66,19,424,156,1140,235,199,88,1248,Cottonwood/Willow,Vanet,Cache la Poudre
12697,2317,165,18,297,134,1249,233,243,133,1091,Cottonwood/Willow,Vanet,Cache la Poudre
12698,2311,134,20,277,123,1266,247,226,97,1065,Cottonwood/Willow,Vanet,Cache la Poudre
12699,2300,126,23,255,112,1284,251,217,81,1040,Cottonwood/Willow,Vanet,Cache la Poudre
12700,2273,132,21,192,90,1341,248,224,94,966,Cottonwood/Willow,Haploborolis,Cache la Poudre
12701,2247,140,23,150,84,1401,247,226,94,895,Cottonwood/Willow,Haploborolis,Cache la Poudre
12702,2159,114,31,42,19,1370,254,193,42,726,Cottonwood/Willow,Haploborolis,Cache la Poudre
12703,2133,339,7,0,0,1328,204,230,164,674,Cottonwood/Willow,Vanet,Cache la Poudre
12704,2274,6,34,124,77,1200,160,155,116,644,Ponderosa Pine,Catacount,Cache la Poudre
12705,3049,181,13,335,59,1836,224,248,154,3773,Spruce_Fir,Leighcan,Rawah
12706,2881,117,16,90,-4,1115,246,223,101,633,Spruce_Fir,Catacount,Comanche Peak
12707,2891,112,15,342,125,1818,245,223,103,1140,Lodgepole Pine,Catacount,Comanche Peak
12708,2254,145,8,0,0,342,231,239,140,404,Cottonwood/Willow,Catacount,Cache la Poudre
12709,2253,183,5,0,0,384,221,243,157,450,Cottonwood/Willow,Catacount,Cache la Poudre
12710,2210,122,22,0,0,765,251,216,81,350,Cottonwood/Willow,Vanet,Cache la Poudre
12711,2209,327,24,30,4,806,155,206,187,323,Ponderosa Pine,Pachic Argiborolis,Cache la Poudre
12712,2376,82,2,408,212,1416,221,236,151,725,Ponderosa Pine,Vanet,Cache la Poudre
12713,2339,342,21,371,214,949,172,204,168,1323,Ponderosa Pine,Catacount,Cache la Poudre
12714,2350,85,12,424,166,1099,237,220,112,1288,Cottonwood/Willow,Vanet,Cache la Poudre
12715,2297,183,20,319,116,1190,221,249,151,1158,Cottonwood/Willow,Haploborolis,Cache la Poudre
12716,2218,138,28,95,55,1421,249,216,75,870,Cottonwood/Willow,Haploborolis,Cache la Poudre
12717,2309,338,18,0,0,1172,177,211,171,242,Cottonwood/Willow,Catacount,Cache la Poudre
12718,2312,308,15,30,10,1165,177,229,192,212,Cottonwood/Willow,Cathedral,Cache la Poudre
12719,2305,34,10,0,0,1144,219,218,134,212,Cottonwood/Willow,Cryaquolis,Cache la Poudre
12720,2302,6,13,30,0,1146,204,215,147,242,Douglas-fir,Cryaquolis,Cache la Poudre
12721,2055,105,21,0,0,361,250,208,75,630,Cottonwood/Willow,Cathedral,Cache la Poudre
12722,2097,10,23,150,70,433,189,188,130,664,Douglas-fir,Catacount,Cache la Poudre
12723,2253,202,20,0,0,511,207,253,174,592,Cottonwood/Willow,Vanet,Cache la Poudre
12724,2231,5,19,30,11,1173,192,199,141,342,Ponderosa Pine,Catacount,Cache la Poudre
12725,2213,248,5,0,0,1170,209,244,173,511,Cottonwood/Willow,Cathedral,Cache la Poudre
12726,2170,8,23,0,0,1216,187,188,132,792,Cottonwood/Willow,Cryaquolis,Cache la Poudre
12727,2131,299,6,30,1,911,203,238,174,1465,Cottonwood/Willow,Cryaquolis,Cache la Poudre
12728,2139,259,21,42,4,902,164,246,218,1454,Cottonwood/Willow,Cryaquolis,Cache la Poudre
12729,2359,111,4,446,172,1040,227,235,143,1355,Cottonwood/Willow,Vanet,Cache la Poudre
12730,2264,115,20,150,81,1296,250,215,84,1003,Cottonwood/Willow,Haploborolis,Cache la Poudre
12731,2226,126,25,95,43,1358,252,214,74,934,Cottonwood/Willow,Haploborolis,Cache la Poudre
12732,2215,133,29,85,52,1379,251,212,67,912,Cottonwood/Willow,Haploborolis,Cache la Poudre
12733,2221,320,30,85,20,1283,129,195,199,631,Ponderosa Pine,Catacount,Cache la Poudre
12734,2325,342,13,67,23,1189,192,219,166,190,Cottonwood/Willow,Catacount,Cache la Poudre
12735,2331,265,11,124,29,1180,192,245,192,134,Cottonwood/Willow,Vanet,Cache la Poudre
12736,2312,6,13,30,5,1173,203,214,147,218,Douglas-fir,Cryaquolis,Cache la Poudre
12737,2079,80,7,30,5,819,230,228,131,859,Cottonwood/Willow,Haploborolis,Cache la Poudre
12738,2119,310,23,124,49,666,150,217,203,872,Douglas-fir,Catacount,Cache la Poudre
12739,2133,292,26,150,70,642,139,225,221,853,Douglas-fir,Catacount,Cache la Poudre
12740,2196,49,10,268,101,492,224,219,128,738,Ponderosa Pine,Catacount,Cache la Poudre
12741,2820,334,7,0,0,1374,204,231,166,1087,Aspen,Cryaquolis,Comanche Peak
12742,2813,355,21,60,30,2130,181,198,151,957,Lodgepole Pine,Cryaquolis,Comanche Peak
12743,2264,64,6,0,0,258,226,228,136,362,Cottonwood/Willow,Catacount,Cache la Poudre
12744,2207,45,3,0,0,792,220,232,148,319,Cottonwood/Willow,Pachic Argiborolis,Cache la Poudre
12745,2208,12,35,120,52,1370,164,148,102,1110,Ponderosa Pine,Catacount,Cache la Poudre
12746,2346,107,13,404,159,1032,241,224,110,1343,Cottonwood/Willow,Vanet,Cache la Poudre
12747,2308,94,24,319,127,1106,249,196,61,1240,Cottonwood/Willow,Haploborolis,Cache la Poudre
12748,2257,128,25,127,69,1273,251,216,77,1022,Cottonwood/Willow,Haploborolis,Cache la Poudre
12749,2234,121,25,85,51,1315,253,210,68,977,Cottonwood/Willow,Haploborolis,Cache la Poudre
12750,2153,133,10,0,0,1468,237,235,128,834,Cottonwood/Willow,Haploborolis,Cache la Poudre
12751,2323,7,26,182,79,1299,180,180,129,636,Ponderosa Pine,Catacount,Cache la Poudre
12752,2333,333,17,108,36,1218,180,216,175,342,Douglas-fir,Catacount,Cache la Poudre
12753,2085,99,12,30,5,860,240,223,112,819,Cottonwood/Willow,Haploborolis,Cache la Poudre
12754,2136,307,24,162,66,661,147,218,208,876,Douglas-fir,Catacount,Cache la Poudre
12755,2997,300,19,481,165,484,164,229,204,1167,Lodgepole Pine,Legault,Rawah
12756,2865,118,22,268,99,1908,251,214,79,1172,Aspen,Catacount,Comanche Peak
12757,2804,115,18,127,40,2021,248,219,93,1040,Aspen,Catacount,Comanche Peak
12758,2245,165,19,0,0,658,233,243,133,524,Cottonwood/Willow,Vanet,Cache la Poudre
12759,2214,146,14,0,0,782,239,237,125,342,Cottonwood/Willow,Pachic Argiborolis,Cache la Poudre
12760,2332,329,17,297,150,1333,177,217,179,524,Ponderosa Pine,Catacount,Cache la Poudre
12761,2366,263,10,417,194,1463,195,245,189,664,Ponderosa Pine,Vanet,Cache la Poudre
12762,2285,15,25,90,71,1230,189,180,119,458,Ponderosa Pine,Catacount,Cache la Poudre
12763,2209,32,6,0,0,1230,219,226,144,552,Cottonwood/Willow,Cryaquolis,Cache la Poudre
12764,2343,92,16,361,156,1026,243,214,96,1333,Cottonwood/Willow,Vanet,Cache la Poudre
12765,2280,196,19,192,99,1172,213,252,167,1134,Cottonwood/Willow,Haploborolis,Cache la Poudre
12766,2270,137,25,150,87,1211,249,221,84,1087,Cottonwood/Willow,Haploborolis,Cache la Poudre
12767,2247,133,27,108,59,1252,251,215,74,1041,Cottonwood/Willow,Haploborolis,Cache la Poudre
12768,2225,130,28,67,42,1294,252,211,67,997,Cottonwood/Willow,Haploborolis,Cache la Poudre
12769,2157,103,6,0,0,1403,231,232,134,895,Cottonwood/Willow,Haploborolis,Cache la Poudre
12770,2195,22,21,30,13,1385,202,190,118,721,Ponderosa Pine,Catacount,Cache la Poudre
12771,2334,343,21,85,22,1236,171,202,166,268,Douglas-fir,Catacount,Cache la Poudre
12772,2088,95,6,0,0,900,229,231,136,780,Cottonwood/Willow,Haploborolis,Cache la Poudre
12773,2142,344,28,150,70,703,153,184,162,918,Douglas-fir,Catacount,Cache la Poudre
12774,2807,123,20,127,41,2024,249,220,89,1082,Aspen,Catacount,Comanche Peak
12775,2243,110,5,0,0,616,228,234,140,598,Cottonwood/Willow,Catacount,Cache la Poudre
12776,2240,186,2,0,0,658,219,240,157,541,Cottonwood/Willow,Catacount,Cache la Poudre
12777,2264,351,28,210,74,1153,160,181,151,300,Ponderosa Pine,Catacount,Cache la Poudre
12778,2342,329,21,319,162,1348,166,210,181,513,Ponderosa Pine,Catacount,Cache la Poudre
12779,2355,328,22,361,180,1399,160,208,184,569,Ponderosa Pine,Catacount,Cache la Poudre
12780,2267,3,37,150,85,1400,146,144,115,1103,Ponderosa Pine,Catacount,Cache la Poudre
12781,2372,346,13,511,175,872,195,219,162,1451,Ponderosa Pine,Vanet,Cache la Poudre
12782,2315,109,26,297,128,1040,253,200,57,1298,Cottonwood/Willow,Haploborolis,Cache la Poudre
12783,2269,194,22,170,89,1149,211,251,164,1153,Cottonwood/Willow,Haploborolis,Cache la Poudre
12784,2267,155,25,150,86,1168,240,233,108,1129,Cottonwood/Willow,Haploborolis,Cache la Poudre
12785,2248,140,30,108,65,1209,248,215,71,1084,Cottonwood/Willow,Haploborolis,Cache la Poudre
12786,2183,121,31,0,0,1316,254,198,47,977,Cottonwood/Willow,Haploborolis,Cache la Poudre
12787,2162,27,6,0,0,1360,217,226,145,937,Cottonwood/Willow,Vanet,Cache la Poudre
12788,2348,49,10,124,39,1283,224,218,127,258,Ponderosa Pine,Vanet,Cache la Poudre
12789,2095,104,15,0,0,967,244,220,102,713,Cottonwood/Willow,Haploborolis,Cache la Poudre
12790,2160,348,30,162,79,722,148,175,155,942,Douglas-fir,Catacount,Cache la Poudre
12791,2079,28,18,0,0,481,210,198,118,752,Cottonwood/Willow,Catacount,Cache la Poudre
12792,2827,351,3,0,0,1482,214,234,158,1159,Aspen,Cryaquolis,Comanche Peak
12793,2874,131,17,295,99,1922,245,228,105,1256,Aspen,Catacount,Comanche Peak
12794,2314,145,16,120,18,85,241,236,119,446,Ponderosa Pine,Catacount,Cache la Poudre
12795,2279,10,4,0,0,255,215,231,153,424,Cottonwood/Willow,Catacount,Cache la Poudre
12796,2204,58,14,0,0,1293,229,211,112,658,Cottonwood/Willow,Cryaquolis,Cache la Poudre
12797,2145,337,17,0,0,787,181,215,171,1566,Cottonwood/Willow,Cryaquolis,Cache la Poudre
12798,2151,344,19,30,12,779,178,206,165,1556,Cottonwood/Willow,Cryaquolis,Cache la Poudre
12799,2352,100,16,361,158,942,244,217,98,1415,Cottonwood/Willow,Vanet,Cache la Poudre
12800,2324,116,26,297,131,999,253,206,63,1340,Cottonwood/Willow,Haploborolis,Cache la Poudre
12801,2249,194,22,170,68,1106,211,251,164,1195,Cottonwood/Willow,Haploborolis,Cache la Poudre
12802,2220,144,32,67,37,1209,245,214,70,1082,Cottonwood/Willow,Haploborolis,Cache la Poudre
12803,2174,123,22,0,0,1296,251,217,83,999,Cottonwood/Willow,Vanet,Cache la Poudre
12804,2323,315,1,0,0,1290,216,237,159,180,Cottonwood/Willow,Vanet,Cache la Poudre
12805,2349,340,22,85,33,1291,168,202,169,255,Douglas-fir,Catacount,Cache la Poudre
12806,2206,319,27,283,136,661,139,203,198,900,Douglas-fir,Catacount,Cache la Poudre
12807,2113,322,33,85,46,514,120,188,197,781,Douglas-fir,Catacount,Cache la Poudre
12808,2282,50,8,0,0,242,224,222,132,451,Cottonwood/Willow,Catacount,Cache la Poudre
12809,2200,245,4,0,0,1328,212,243,169,722,Cottonwood/Willow,Cryaquolis,Cache la Poudre
12810,2281,310,46,108,91,1401,58,162,218,1073,Ponderosa Pine,Catacount,Cache la Poudre
12811,2329,344,33,242,176,1233,135,169,159,1289,Ponderosa Pine,Catacount,Cache la Poudre
12812,2327,124,25,300,134,957,252,213,74,1381,Cottonwood/Willow,Haploborolis,Cache la Poudre
12813,2239,186,26,127,58,1104,214,247,151,1191,Cottonwood/Willow,Haploborolis,Cache la Poudre
12814,2174,141,20,0,0,1253,245,230,105,1041,Cottonwood/Willow,Vanet,Cache la Poudre
12815,2232,332,31,124,-3,1405,135,186,181,836,Ponderosa Pine,Catacount,Cache la Poudre
12816,2199,343,30,216,125,743,145,179,163,973,Douglas-fir,Catacount,Cache la Poudre
12817,2234,18,27,258,31,633,187,172,109,886,Douglas-fir,Catacount,Cache la Poudre
12818,2912,320,15,42,12,805,179,224,184,2714,Spruce_Fir,Leighcan,Rawah
12819,2935,105,3,242,15,1170,224,236,147,285,Spruce_Fir,Catacount,Comanche Peak
12820,2836,355,13,0,0,1533,198,217,156,1172,Aspen,Cryaquolis,Comanche Peak
12821,2227,58,8,0,0,828,226,224,132,371,Cottonwood/Willow,Pachic Argiborolis,Cache la Poudre
12822,2232,333,19,30,12,870,173,212,176,313,Ponderosa Pine,Catacount,Cache la Poudre
12823,2202,321,3,30,2,1358,211,236,164,743,Cottonwood/Willow,Cryaquolis,Cache la Poudre
12824,2393,335,14,484,196,778,187,220,172,1537,Ponderosa Pine,Vanet,Cache la Poudre
12825,2367,107,21,361,170,858,250,211,79,1498,Cottonwood/Willow,Vanet,Cache la Poudre
12826,2295,119,24,234,102,966,252,211,73,1350,Cottonwood/Willow,Haploborolis,Cache la Poudre
12827,2241,99,28,150,57,1041,252,190,47,1256,Cottonwood/Willow,Haploborolis,Cache la Poudre
12828,2227,128,19,127,43,1062,248,225,97,1233,Cottonwood/Willow,Haploborolis,Cache la Poudre
12829,2172,128,13,0,0,1211,241,232,118,1084,Cottonwood/Willow,Vanet,Cache la Poudre
12830,2365,30,22,301,121,1448,207,186,106,591,Ponderosa Pine,Catacount,Cache la Poudre
12831,2333,116,7,30,2,1355,233,233,133,256,Ponderosa Pine,Vanet,Cache la Poudre
12832,2363,74,20,283,58,1383,239,199,82,300,Ponderosa Pine,Vanet,Cache la Poudre
12833,2162,323,37,134,89,577,103,174,197,842,Douglas-fir,Catacount,Cache la Poudre
12834,2187,325,36,190,125,589,110,177,193,849,Douglas-fir,Catacount,Cache la Poudre
12835,2897,109,16,270,87,277,245,221,99,725,Lodgepole Pine,Legault,Rawah
12836,2845,21,15,42,9,1544,208,206,131,1150,Aspen,Catacount,Comanche Peak
12837,2887,87,10,256,-3,1920,235,224,119,1429,Aspen,Catacount,Comanche Peak
12838,2803,118,21,124,34,2082,250,217,84,1211,Aspen,Catacount,Comanche Peak
12839,2247,283,43,85,31,1401,73,201,247,1050,Ponderosa Pine,Catacount,Cache la Poudre
12840,2386,113,20,391,189,799,249,216,86,1565,Cottonwood/Willow,Vanet,Cache la Poudre
12841,2300,116,24,234,106,924,253,209,70,1392,Cottonwood/Willow,Haploborolis,Cache la Poudre
12842,2199,147,28,42,18,1103,244,224,89,1188,Cottonwood/Willow,Haploborolis,Cache la Poudre
12843,2260,47,28,30,24,1376,217,168,69,866,Ponderosa Pine,Catacount,Cache la Poudre
12844,2149,59,28,85,8,379,228,168,55,973,Douglas-fir,Catacount,Cache la Poudre
12845,2104,37,21,0,0,268,214,190,103,872,Cottonwood/Willow,Cathedral,Cache la Poudre
12846,2995,80,4,0,0,2259,225,232,142,4117,Spruce_Fir,Cryaquolis,Rawah
12847,3025,342,25,537,186,551,162,195,167,1489,Lodgepole Pine,Legault,Rawah
12848,2896,54,13,242,5,1932,227,212,116,1471,Aspen,Catacount,Comanche Peak
12849,2788,121,20,85,19,2124,249,220,90,1214,Aspen,Catacount,Comanche Peak
12850,2329,349,8,182,50,443,205,226,160,579,Ponderosa Pine,Catacount,Cache la Poudre
12851,2246,324,21,42,16,891,161,212,188,331,Ponderosa Pine,Catacount,Cache la Poudre
12852,2329,0,29,360,124,1188,165,173,135,153,Ponderosa Pine,Catacount,Cache la Poudre
12853,2230,318,6,0,0,1413,204,235,169,577,Cottonwood/Willow,Cryaquolis,Cache la Poudre
12854,2284,90,21,124,70,1410,246,203,76,674,Ponderosa Pine,Vanet,Cache la Poudre
12855,2200,76,6,0,0,1415,228,229,136,765,Cottonwood/Willow,Cryaquolis,Cache la Poudre
12856,2357,46,15,295,179,953,223,205,111,1329,Ponderosa Pine,Cathedral,Cache la Poudre
12857,2380,123,20,376,183,774,249,220,89,1581,Cottonwood/Willow,Vanet,Cache la Poudre
12858,2362,107,22,324,165,811,251,208,73,1531,Cottonwood/Willow,Haploborolis,Cache la Poudre
12859,2322,105,24,255,125,865,252,202,64,1458,Cottonwood/Willow,Haploborolis,Cache la Poudre
12860,2310,104,25,234,116,882,252,199,59,1434,Cottonwood/Willow,Haploborolis,Cache la Poudre
12861,2282,114,24,192,88,918,253,208,68,1387,Cottonwood/Willow,Haploborolis,Cache la Poudre
12862,2272,61,24,242,92,1499,231,183,72,124,Ponderosa Pine,Catacount,Cache la Poudre
12863,2247,38,22,212,67,1532,215,187,98,134,Ponderosa Pine,Catacount,Cache la Poudre
12864,2261,43,29,150,58,685,211,163,68,949,Douglas-fir,Catacount,Cache la Poudre
12865,2228,87,29,30,14,1441,248,178,39,750,Ponderosa Pine,Vanet,Cache la Poudre
12866,2203,85,3,0,0,1445,223,234,147,787,Cottonwood/Willow,Cryaquolis,Cache la Poudre
12867,2206,166,10,30,-25,1476,229,244,145,960,Cottonwood/Willow,Catacount,Cache la Poudre
12868,2183,299,31,42,25,685,121,212,223,1530,Ponderosa Pine,Catacount,Cache la Poudre
12869,2392,167,11,446,195,700,229,244,146,1627,Cottonwood/Willow,Vanet,Cache la Poudre
12870,2319,111,25,234,122,841,253,203,62,1476,Cottonwood/Willow,Haploborolis,Cache la Poudre
12871,2306,111,26,212,109,858,253,203,61,1452,Cottonwood/Willow,Haploborolis,Cache la Poudre
12872,2249,113,25,134,56,934,253,204,62,1360,Cottonwood/Willow,Haploborolis,Cache la Poudre
12873,2181,36,2,0,0,1084,219,234,152,1211,Cottonwood/Willow,Vanet,Cache la Poudre
12874,2184,338,13,67,4,1153,192,222,168,1153,Cottonwood/Willow,Vanet,Cache la Poudre
12875,2339,135,4,0,0,1451,227,238,145,362,Cottonwood/Willow,Vanet,Cache la Poudre
12876,2112,23,9,0,0,1165,215,221,142,547,Cottonwood/Willow,Haploborolis,Cache la Poudre
12877,2240,297,30,277,153,853,123,215,225,964,Douglas-fir,Catacount,Cache la Poudre
12878,2284,352,19,190,53,767,182,203,156,1020,Douglas-fir,Catacount,Cache la Poudre
12879,2121,296,18,124,32,212,168,232,204,745,Douglas-fir,Catacount,Cache la Poudre
12880,3078,52,23,42,2,2742,225,185,83,4006,Spruce_Fir,Leighcan,Rawah
12881,2881,14,16,192,10,1543,203,206,137,1008,Lodgepole Pine,Catacount,Comanche Peak
12882,2241,313,20,30,4,891,161,220,197,391,Ponderosa Pine,Catacount,Cache la Poudre
12883,2233,153,11,30,2,1495,233,241,137,636,Cottonwood/Willow,Cathedral,Cache la Poudre
12884,2299,264,14,162,66,1470,184,246,201,685,Douglas-fir,Vanet,Cache la Poudre
12885,2200,152,8,0,0,1475,230,240,142,811,Cottonwood/Willow,Cryaquolis,Cache la Poudre
12886,2207,219,16,30,4,1478,199,254,187,830,Cottonwood/Willow,Cryaquolis,Cache la Poudre
12887,2212,188,22,0,0,1481,216,250,156,850,Cottonwood/Willow,Cathedral,Cache la Poudre
12888,2406,20,19,395,224,1103,203,195,124,1150,Ponderosa Pine,Vanet,Cache la Poudre
12889,2387,6,13,421,234,1022,203,214,147,1187,Ponderosa Pine,Vanet,Cache la Poudre
12890,2349,131,24,295,152,765,251,218,80,1566,Cottonwood/Willow,Haploborolis,Cache la Poudre
12891,2325,124,27,242,128,799,253,209,65,1518,Cottonwood/Willow,Haploborolis,Cache la Poudre
12892,2299,121,27,192,102,834,253,206,62,1471,Cottonwood/Willow,Haploborolis,Cache la Poudre
12893,2249,112,26,108,55,912,254,202,59,1380,Cottonwood/Willow,Haploborolis,Cache la Poudre
12894,2187,103,13,0,0,1019,242,222,108,1273,Cottonwood/Willow,Haploborolis,Cache la Poudre
12895,2182,62,4,0,0,1041,223,232,145,1253,Cottonwood/Willow,Vanet,Cache la Poudre
12896,2362,286,23,60,24,1290,151,232,218,914,Ponderosa Pine,Catacount,Cache la Poudre
12897,2356,328,21,85,24,1471,166,212,183,361,Douglas-fir,Catacount,Cache la Poudre
12898,2117,45,4,0,0,1231,221,231,146,484,Cottonwood/Willow,Haploborolis,Cache la Poudre
12899,2211,283,26,150,106,696,139,230,226,962,Douglas-fir,Catacount,Cache la Poudre
12900,2277,0,28,218,61,636,168,177,137,990,Douglas-fir,Catacount,Cache la Poudre
12901,2164,55,32,0,0,391,221,156,46,900,Cottonwood/Willow,Cathedral,Cache la Poudre
12902,2127,16,25,85,15,277,189,179,118,774,Douglas-fir,Catacount,Cache la Poudre
12903,2882,80,7,108,11,1610,229,228,133,1103,Lodgepole Pine,Catacount,Comanche Peak
12904,2910,41,5,190,31,1922,220,229,145,1361,Aspen,Catacount,Comanche Peak
12905,2165,78,11,0,0,684,234,220,116,1425,Cottonwood/Willow,Cathedral,Cache la Poudre
12906,2384,131,9,430,187,649,235,235,132,1687,Cottonwood/Willow,Vanet,Cache la Poudre
12907,2348,136,24,313,151,722,249,222,87,1608,Cottonwood/Willow,Haploborolis,Cache la Poudre
12908,2264,130,29,127,67,850,252,208,62,1445,Cottonwood/Willow,Haploborolis,Cache la Poudre
12909,2193,120,14,0,0,977,244,227,109,1316,Cottonwood/Willow,Haploborolis,Cache la Poudre
12910,2358,308,29,153,16,1266,129,208,213,960,Ponderosa Pine,Catacount,Cache la Poudre
12911,2394,291,23,212,64,1500,149,229,217,408,Douglas-fir,Catacount,Cache la Poudre
12912,2186,144,31,67,35,1451,246,217,75,242,Ponderosa Pine,Haploborolis,Cache la Poudre
12913,2830,116,26,190,50,2125,253,206,64,1423,Aspen,Catacount,Comanche Peak
12914,2335,205,10,234,60,582,215,249,169,725,Ponderosa Pine,Vanet,Cache la Poudre
12915,2389,101,19,295,201,882,248,212,85,1195,Ponderosa Pine,Cathedral,Cache la Poudre
12916,2168,352,7,0,0,661,208,228,158,1403,Cottonwood/Willow,Cryaquolis,Cache la Poudre
12917,2381,137,11,424,184,624,238,236,127,1717,Cottonwood/Willow,Vanet,Cache la Poudre
12918,2329,131,25,277,132,716,250,218,80,1602,Cottonwood/Willow,Haploborolis,Cache la Poudre
12919,2211,131,29,42,17,891,252,210,64,1400,Cottonwood/Willow,Haploborolis,Cache la Poudre
12920,2200,132,21,30,6,912,249,223,92,1379,Cottonwood/Willow,Haploborolis,Cache la Poudre
12921,2191,342,8,42,5,1003,203,228,164,1298,Cottonwood/Willow,Vanet,Cache la Poudre
12922,2331,289,24,60,22,1248,147,230,219,994,Ponderosa Pine,Catacount,Cache la Poudre
12923,2371,332,19,30,10,1230,172,212,178,966,Ponderosa Pine,Catacount,Cache la Poudre
12924,2379,321,23,60,30,1230,156,212,192,939,Ponderosa Pine,Catacount,Cache la Poudre
12925,2386,117,11,216,27,1282,238,230,121,661,Ponderosa Pine,Vanet,Cache la Poudre
12926,2386,336,11,192,57,1530,195,225,169,424,Douglas-fir,Catacount,Cache la Poudre
12927,2151,139,25,30,9,1415,248,222,86,300,Cottonwood/Willow,Haploborolis,Cache la Poudre
12928,2134,114,11,0,0,1365,239,229,119,360,Cottonwood/Willow,Haploborolis,Cache la Poudre
12929,2130,358,14,30,-3,1315,198,214,153,420,Cottonwood/Willow,Pachic Argiborolis,Cache la Poudre
12930,2184,316,24,153,47,1082,148,211,199,720,Douglas-fir,Catacount,Cache la Poudre
12931,2300,299,25,175,52,890,144,222,215,1020,Douglas-fir,Catacount,Cache la Poudre
12932,2252,112,26,67,30,797,254,202,58,1063,Douglas-fir,Vanet,Cache la Poudre
12933,2286,307,30,270,197,713,124,206,214,1036,Douglas-fir,Catacount,Cache la Poudre
12934,2216,70,32,0,0,474,235,161,33,926,Cottonwood/Willow,Cathedral,Cache la Poudre
12935,2305,124,5,0,0,108,229,236,140,127,Cottonwood/Willow,Catacount,Cache la Poudre
12936,2253,312,27,60,13,1583,139,209,205,726,Douglas-fir,Vanet,Cache la Poudre
12937,2367,111,18,391,170,618,247,218,93,1716,Cottonwood/Willow,Vanet,Cache la Poudre
12938,2239,128,32,95,42,806,252,202,52,1486,Cottonwood/Willow,Haploborolis,Cache la Poudre
12939,2190,90,3,0,0,914,225,234,145,1380,Cottonwood/Willow,Vanet,Cache la Poudre
12940,2143,27,20,0,0,1237,207,193,115,541,Cottonwood/Willow,Pachic Argiborolis,Cache la Poudre
12941,2183,303,28,120,46,1124,133,214,216,691,Douglas-fir,Catacount,Cache la Poudre
12942,2263,290,34,218,145,780,107,213,235,1057,Douglas-fir,Catacount,Cache la Poudre
12943,2194,12,28,85,19,404,179,171,117,805,Douglas-fir,Catacount,Cache la Poudre
12944,3017,20,20,162,26,2271,202,194,123,4201,Spruce_Fir,Legault,Rawah
12945,2902,325,15,446,143,2629,182,223,180,1130,Lodgepole Pine,Leighcan,Comanche Peak
12946,2889,19,11,362,47,2554,212,217,141,1130,Spruce_Fir,Catacount,Comanche Peak
12947,2362,343,25,150,61,277,161,193,165,306,Ponderosa Pine,Catacount,Cache la Poudre
12948,2236,94,10,0,0,1626,236,226,120,779,Cottonwood/Willow,Cryaquolis,Cache la Poudre
12949,2261,295,23,85,29,1613,150,227,214,755,Douglas-fir,Vanet,Cache la Poudre
12950,2290,354,13,95,58,1600,198,217,157,750,Douglas-fir,Vanet,Cache la Poudre
12951,2425,57,21,365,237,892,229,191,86,1100,Ponderosa Pine,Vanet,Cache la Poudre
12952,2336,80,22,300,139,649,243,194,69,1663,Cottonwood/Willow,Haploborolis,Cache la Poudre
12953,2262,126,32,150,65,743,253,199,46,1550,Cottonwood/Willow,Haploborolis,Cache la Poudre
12954,2202,122,19,30,5,828,249,222,93,1464,Cottonwood/Willow,Haploborolis,Cache la Poudre
12955,2376,284,21,124,34,1176,158,235,215,1050,Ponderosa Pine,Catacount,Cache la Poudre
12956,2348,330,9,0,0,1329,199,229,170,537,Douglas-fir,Cryaquolis,Cache la Poudre
12957,2395,343,9,228,59,1495,202,226,163,484,Douglas-fir,Catacount,Cache la Poudre
12958,2223,349,26,240,86,1064,164,188,156,812,Douglas-fir,Catacount,Cache la Poudre
12959,2308,280,13,153,60,942,183,241,198,1022,Douglas-fir,Catacount,Cache la Poudre
12960,2891,86,7,85,6,1691,231,228,130,1003,Lodgepole Pine,Catacount,Comanche Peak
12961,2819,126,22,170,33,2188,250,219,84,1384,Aspen,Catacount,Comanche Peak
12962,2780,94,6,42,0,2264,230,231,134,1416,Aspen,Catacount,Comanche Peak
12963,2317,150,8,150,42,644,231,240,141,781,Ponderosa Pine,Vanet,Cache la Poudre
12964,2197,316,28,42,20,594,135,204,203,1337,Ponderosa Pine,Catacount,Cache la Poudre
12965,2337,93,25,300,140,624,249,193,58,1682,Cottonwood/Willow,Haploborolis,Cache la Poudre
12966,2322,100,30,270,125,642,252,184,36,1660,Cottonwood/Willow,Haploborolis,Cache la Poudre
12967,2264,109,30,180,67,700,254,190,39,1592,Cottonwood/Willow,Haploborolis,Cache la Poudre
12968,2208,106,20,60,11,785,250,211,80,1506,Cottonwood/Willow,Haploborolis,Cache la Poudre
12969,2200,98,12,30,3,807,239,223,113,1486,Cottonwood/Willow,Haploborolis,Cache la Poudre
12970,2184,98,18,30,4,1667,246,213,89,108,Cottonwood/Willow,Haploborolis,Cache la Poudre
12971,2180,45,10,0,0,1641,223,219,130,127,Cottonwood/Willow,Haploborolis,Cache la Poudre
12972,2161,62,23,30,16,1276,232,186,74,547,Cottonwood/Willow,Vanet,Cache la Poudre
12973,2305,104,16,120,57,953,245,218,98,1054,Douglas-fir,Catacount,Cache la Poudre
12974,2250,36,33,90,34,531,197,148,63,892,Douglas-fir,Catacount,Cache la Poudre
12975,3265,122,9,0,0,3660,236,233,128,3663,Krummholz,Leighcan,Rawah
12976,3050,13,33,228,64,2316,169,153,104,4243,Spruce_Fir,Legault,Rawah
12977,2285,326,21,124,34,760,164,212,185,443,Ponderosa Pine,Catacount,Cache la Poudre
12978,2383,301,39,256,151,1256,88,192,229,932,Ponderosa Pine,Catacount,Cache la Poudre
12979,2188,72,12,0,0,638,233,217,115,1253,Cottonwood/Willow,Cathedral,Cache la Poudre
12980,2188,325,12,0,0,616,190,227,176,1273,Cottonwood/Willow,Cryaquolis,Cache la Poudre
12981,2379,58,11,85,11,1198,228,218,122,684,Ponderosa Pine,Vanet,Cache la Poudre
12982,3190,342,16,108,14,3195,186,214,166,3928,Spruce_Fir,Cryaquolis,Rawah
12983,3175,52,30,570,179,671,219,162,57,1935,Krummholz,Legault,Rawah
12984,2833,130,21,170,37,2200,249,223,91,1288,Aspen,Catacount,Comanche Peak
12985,2796,112,10,85,10,2270,238,229,121,1365,Aspen,Catacount,Comanche Peak
12986,2928,32,7,618,86,2800,219,224,142,1200,Spruce_Fir,Catacount,Comanche Peak
12987,2262,26,6,0,0,721,217,227,146,646,Cottonwood/Willow,Vanet,Cache la Poudre
12988,2321,254,19,283,81,1680,174,249,211,874,Douglas-fir,Vanet,Cache la Poudre
12989,2325,83,11,277,115,1680,236,220,114,892,Douglas-fir,Vanet,Cache la Poudre
12990,2189,80,10,0,0,618,234,223,120,1231,Cottonwood/Willow,Cryaquolis,Cache la Poudre
12991,2374,88,23,319,149,525,247,196,67,1790,Cottonwood/Willow,Haploborolis,Cache la Poudre
12992,2264,99,29,180,67,658,252,186,40,1634,Cottonwood/Willow,Haploborolis,Cache la Poudre
12993,2199,333,4,0,0,792,210,234,163,1510,Cottonwood/Willow,Vanet,Cache la Poudre
12994,2196,76,15,30,8,1702,237,211,101,153,Cottonwood/Willow,Haploborolis,Cache la Poudre
12995,2207,0,28,134,56,1429,166,175,136,418,Douglas-fir,Catacount,Cache la Poudre
12996,2166,81,26,0,0,1316,244,183,51,560,Cottonwood/Willow,Vanet,Cache la Poudre
12997,2300,59,33,90,52,993,224,153,37,1090,Douglas-fir,Vanet,Cache la Poudre
12998,2264,59,27,30,13,969,228,174,62,1150,Cottonwood/Willow,Vanet,Cache la Poudre
12999,2282,348,31,67,42,924,148,174,154,1194,Douglas-fir,Catacount,Cache la Poudre
13000,2280,28,26,150,58,904,200,172,96,1176,Douglas-fir,Catacount,Cache la Poudre
13001,2959,23,12,285,23,1549,212,214,136,664,Spruce_Fir,Catacount,Comanche Peak
13002,2827,125,18,150,31,2227,247,225,100,1262,Aspen,Catacount,Comanche Peak
13003,2319,317,23,201,68,713,154,214,197,426,Ponderosa Pine,Catacount,Cache la Poudre
13004,2338,324,21,228,141,1409,163,213,187,911,Ponderosa Pine,Catacount,Cache la Poudre
13005,2394,64,10,324,166,467,230,219,122,1855,Ponderosa Pine,Vanet,Cache la Poudre
13006,2337,109,33,258,112,534,254,183,28,1764,Cottonwood/Willow,Haploborolis,Cache la Poudre
13007,2205,41,10,30,6,750,221,218,131,1552,Cottonwood/Willow,Haploborolis,Cache la Poudre
13008,2200,37,9,0,0,1672,220,220,135,182,Cottonwood/Willow,Haploborolis,Cache la Poudre
13009,2261,35,16,0,0,987,216,202,117,1184,Cottonwood/Willow,Catacount,Cache la Poudre
13010,2283,338,25,216,80,930,157,195,173,1200,Douglas-fir,Catacount,Cache la Poudre
13011,2332,114,16,108,45,510,246,222,99,726,Ponderosa Pine,Vanet,Cache la Poudre
13012,2485,343,14,503,95,1140,191,218,165,516,Ponderosa Pine,Vanet,Cache la Poudre
13013,2262,256,7,85,18,1677,204,245,179,900,Douglas-fir,Vanet,Cache la Poudre
13014,2341,334,24,247,144,1423,159,201,178,892,Ponderosa Pine,Catacount,Cache la Poudre
13015,2191,257,8,0,0,534,202,245,181,1231,Cottonwood/Willow,Cryaquolis,Cache la Poudre
13016,2313,68,27,277,106,313,235,176,55,1514,Ponderosa Pine,Catacount,Cache la Poudre
13017,2399,330,14,339,158,404,186,222,175,1905,Ponderosa Pine,Vanet,Cache la Poudre
13018,2220,63,17,85,13,684,233,204,98,1614,Cottonwood/Willow,Haploborolis,Cache la Poudre
13019,2370,128,9,0,0,1127,235,235,131,741,Cottonwood/Willow,Vanet,Cache la Poudre
13020,2207,89,12,0,0,1638,238,220,111,210,Cottonwood/Willow,Haploborolis,Cache la Poudre
13021,2271,258,13,60,16,997,187,247,198,1248,Douglas-fir,Catacount,Cache la Poudre
13022,2294,261,19,120,46,983,171,246,212,1253,Douglas-fir,Catacount,Cache la Poudre
13023,2307,344,20,268,114,942,175,204,164,1230,Douglas-fir,Catacount,Cache la Poudre
13024,2975,86,16,162,30,1611,241,212,97,3492,Spruce_Fir,Legault,Rawah
13025,2341,334,22,234,86,655,164,205,176,467,Ponderosa Pine,Catacount,Cache la Poudre
13026,2314,274,29,210,50,1770,129,232,235,960,Douglas-fir,Vanet,Cache la Poudre
13027,2381,110,28,258,140,433,254,197,52,1871,Cottonwood/Willow,Haploborolis,Cache la Poudre
13028,2252,93,22,134,31,595,248,202,72,1698,Cottonwood/Willow,Haploborolis,Cache la Poudre
13029,2241,80,18,124,30,618,241,205,87,1677,Cottonwood/Willow,Haploborolis,Cache la Poudre
13030,2233,73,17,95,26,642,237,206,94,1657,Cottonwood/Willow,Haploborolis,Cache la Poudre
13031,2409,53,10,85,22,981,226,218,126,1266,Ponderosa Pine,Vanet,Cache la Poudre
13032,2389,304,24,134,30,1190,148,220,209,693,Douglas-fir,Catacount,Cache la Poudre
13033,2167,84,7,0,0,1400,231,227,129,564,Cottonwood/Willow,Pachic Argiborolis,Cache la Poudre
13034,2326,315,11,228,43,1142,192,231,180,960,Douglas-fir,Catacount,Cache la Poudre
13035,2278,80,20,0,0,1044,242,201,80,1194,Cottonwood/Willow,Catacount,Cache la Poudre
13036,2268,283,12,60,7,1026,186,240,194,1253,Douglas-fir,Catacount,Cache la Poudre
13037,2319,337,22,342,137,882,168,205,173,1180,Douglas-fir,Catacount,Cache la Poudre
13038,2284,74,24,30,14,582,240,187,64,765,Douglas-fir,Cathedral,Cache la Poudre
13039,2270,81,26,0,0,566,244,184,53,735,Douglas-fir,Cathedral,Cache la Poudre
13040,2227,55,22,30,-12,524,228,189,84,648,Douglas-fir,Catacount,Cache la Poudre
13041,3258,83,4,67,-3,3661,225,233,143,3810,Krummholz,Leighcan,Rawah
13042,3255,164,3,150,0,3485,223,240,153,3893,Krummholz,Leighcan,Rawah
13043,2854,142,19,153,48,2212,244,232,109,1082,Aspen,Catacount,Comanche Peak
13044,2357,329,29,108,36,150,137,191,186,175,Ponderosa Pine,Catacount,Cache la Poudre
13045,2287,111,11,0,0,511,240,228,117,824,Cottonwood/Willow,Vanet,Cache la Poudre
13046,2290,28,29,85,49,1425,195,165,91,997,Ponderosa Pine,Catacount,Cache la Poudre
13047,2364,346,23,306,167,1398,170,198,162,836,Ponderosa Pine,Vanet,Cache la Poudre
13048,2490,119,12,457,243,900,241,229,116,825,Ponderosa Pine,Vanet,Cache la Poudre
13049,2200,333,14,0,0,450,187,221,173,1237,Cottonwood/Willow,Cryaquolis,Cache la Poudre
13050,2377,109,32,234,136,408,254,185,32,1891,Cottonwood/Willow,Haploborolis,Cache la Poudre
13051,2355,111,36,216,114,426,253,176,16,1869,Cottonwood/Willow,Haploborolis,Cache la Poudre
13052,2243,98,15,95,22,600,243,218,100,1699,Cottonwood/Willow,Haploborolis,Cache la Poudre
13053,2414,302,28,175,55,1182,131,214,218,713,Douglas-fir,Catacount,Cache la Poudre
13054,2409,141,32,255,153,1486,247,211,66,474,Ponderosa Pine,Haploborolis,Cache la Poudre
13055,2216,73,16,0,0,1574,237,207,96,272,Cottonwood/Willow,Haploborolis,Cache la Poudre
13056,2212,343,10,0,0,1578,200,225,163,270,Douglas-fir,Pachic Argiborolis,Cache la Poudre
13057,2174,92,14,0,0,1442,241,218,105,551,Cottonwood/Willow,Pachic Argiborolis,Cache la Poudre
13058,2276,91,16,0,0,1072,243,212,93,1201,Cottonwood/Willow,Catacount,Cache la Poudre
13059,2390,75,14,297,65,360,236,213,104,513,Ponderosa Pine,Vanet,Cache la Poudre
13060,2259,25,34,30,7,1485,182,148,81,1001,Ponderosa Pine,Catacount,Cache la Poudre
13061,2260,276,17,60,20,1640,174,242,207,992,Douglas-fir,Vanet,Cache la Poudre
13062,2282,302,19,124,18,1710,165,228,202,1001,Douglas-fir,Vanet,Cache la Poudre
13063,2392,305,28,362,151,277,134,213,214,1785,Ponderosa Pine,Vanet,Cache la Poudre
13064,2385,121,27,234,144,366,253,207,63,1921,Cottonwood/Willow,Haploborolis,Cache la Poudre
13065,2326,114,34,175,85,424,254,184,28,1867,Cottonwood/Willow,Haploborolis,Cache la Poudre
13066,2264,117,23,108,39,511,252,211,74,1782,Cottonwood/Willow,Haploborolis,Cache la Poudre
13067,2240,129,15,67,19,582,243,230,112,1722,Cottonwood/Willow,Haploborolis,Cache la Poudre
13068,2211,94,11,30,4,659,238,223,115,1663,Cottonwood/Willow,Vanet,Cache la Poudre
13069,2232,291,28,42,16,738,132,222,225,1608,Ponderosa Pine,Catacount,Cache la Poudre
13070,2344,339,31,242,147,841,139,179,169,1492,Ponderosa Pine,Catacount,Cache la Poudre
13071,2406,319,25,42,21,960,146,208,197,1299,Ponderosa Pine,Catacount,Cache la Poudre
13072,2382,319,14,108,12,1091,182,226,183,780,Douglas-fir,Catacount,Cache la Poudre
13073,2434,318,12,366,168,1337,189,229,180,644,Douglas-fir,Vanet,Cache la Poudre
13074,2195,109,26,30,6,1500,253,201,59,516,Douglas-fir,Vanet,Cache la Poudre
13075,2272,41,33,60,2,604,204,148,56,696,Douglas-fir,Catacount,Cache la Poudre
13076,3278,342,3,30,1,3879,213,235,159,3778,Krummholz,Leighcan,Rawah
13077,3089,17,22,306,119,1945,195,188,122,3833,Spruce_Fir,Legault,Rawah
13078,2880,150,17,201,60,2156,240,237,121,972,Aspen,Catacount,Comanche Peak
13079,2370,52,28,379,128,1199,222,169,64,860,Ponderosa Pine,Catacount,Cache la Poudre
13080,2215,9,11,0,0,430,208,219,147,1153,Cottonwood/Willow,Cryaquolis,Cache la Poudre
13081,2388,127,25,242,147,324,252,215,76,1883,Cottonwood/Willow,Haploborolis,Cache la Poudre
13082,2360,119,36,192,119,361,253,184,25,1900,Cottonwood/Willow,Haploborolis,Cache la Poudre
13083,2284,117,29,124,56,446,254,198,49,1846,Cottonwood/Willow,Haploborolis,Cache la Poudre
13084,2238,133,20,60,13,541,247,226,98,1764,Cottonwood/Willow,Haploborolis,Cache la Poudre
13085,2233,146,16,42,12,566,240,236,120,1744,Cottonwood/Willow,Haploborolis,Cache la Poudre
13086,2335,297,6,210,52,1221,202,238,175,987,Douglas-fir,Catacount,Cache la Poudre
13087,2283,109,11,0,0,1138,240,227,116,1187,Cottonwood/Willow,Catacount,Cache la Poudre
13088,2285,312,13,30,8,1121,185,230,185,1245,Douglas-fir,Catacount,Cache la Poudre
13089,2330,339,19,300,24,1080,174,208,171,1351,Douglas-fir,Catacount,Cache la Poudre
13090,3221,38,21,649,-2,902,215,188,99,1950,Krummholz,Leighcan,Rawah
13091,2234,126,18,0,0,450,248,224,97,1064,Cottonwood/Willow,Cathedral,Cache la Poudre
13092,2265,118,25,85,37,450,253,209,67,1847,Cottonwood/Willow,Haploborolis,Cache la Poudre
13093,2229,301,24,42,14,685,148,222,212,1674,Ponderosa Pine,Catacount,Cache la Poudre
13094,2388,327,16,85,20,1008,180,220,180,859,Douglas-fir,Catacount,Cache la Poudre
13095,2428,319,19,234,60,1110,168,219,190,800,Douglas-fir,Catacount,Cache la Poudre
13096,2241,90,6,0,0,1478,230,230,134,371,Cottonwood/Willow,Pachic Argiborolis,Cache la Poudre
13097,2193,48,7,0,0,1442,223,225,138,553,Cottonwood/Willow,Pachic Argiborolis,Cache la Poudre
13098,2278,90,7,0,0,1167,231,229,132,1195,Cottonwood/Willow,Catacount,Cache la Poudre
13099,3239,52,27,607,15,924,222,171,67,1992,Krummholz,Leighcan,Rawah
13100,2957,317,10,457,42,2877,194,231,178,1455,Lodgepole Pine,Catacount,Comanche Peak
13101,2947,30,18,420,58,2446,212,199,118,1471,Spruce_Fir,Catacount,Comanche Peak
13102,2424,326,27,212,102,268,144,200,189,277,Ponderosa Pine,Catacount,Cache la Poudre
13103,2502,2,6,592,123,745,211,228,154,484,Ponderosa Pine,Vanet,Cache la Poudre
13104,2270,193,27,42,14,1657,206,249,162,1022,Douglas-fir,Cathedral,Cache la Poudre
13105,2369,131,29,218,128,277,252,210,65,1826,Cottonwood/Willow,Haploborolis,Cache la Poudre
13106,2246,120,25,42,18,458,253,210,69,1849,Cottonwood/Willow,Haploborolis,Cache la Poudre
13107,2396,86,15,30,10,902,241,214,99,973,Ponderosa Pine,Vanet,Cache la Poudre
13108,2439,108,19,319,167,1273,249,215,87,691,Ponderosa Pine,Vanet,Cache la Poudre
13109,2265,348,13,150,49,1475,194,217,161,400,Douglas-fir,Catacount,Cache la Poudre
13110,2247,111,20,85,28,1489,250,214,84,443,Douglas-fir,Vanet,Cache la Poudre
13111,2200,81,10,0,0,1433,234,222,118,531,Cottonwood/Willow,Vanet,Cache la Poudre
13112,2365,324,22,323,59,1068,159,211,188,1290,Douglas-fir,Catacount,Cache la Poudre
13113,2395,2,17,309,125,850,194,206,146,990,Douglas-fir,Vanet,Cache la Poudre
13114,2829,328,17,108,7,2550,177,218,179,1209,Lodgepole Pine,Catacount,Comanche Peak
13115,2448,53,10,366,133,339,226,219,127,366,Ponderosa Pine,Vanet,Cache la Poudre
13116,2376,315,23,150,84,454,153,214,199,680,Ponderosa Pine,Catacount,Cache la Poudre
13117,2256,178,9,0,0,1590,224,246,154,1050,Cottonwood/Willow,Cryaquolis,Cache la Poudre
13118,2264,340,32,67,40,350,136,175,167,1099,Ponderosa Pine,Catacount,Cache la Poudre
13119,2367,58,12,268,160,150,228,214,117,1382,Ponderosa Pine,Vanet,Cache la Poudre
13120,2369,144,25,242,128,234,246,226,94,1790,Cottonwood/Willow,Haploborolis,Cache la Poudre
13121,2249,127,24,30,8,417,251,216,78,1861,Cottonwood/Willow,Haploborolis,Cache la Poudre
13122,2386,292,35,256,179,722,105,210,234,1611,Ponderosa Pine,Catacount,Cache la Poudre
13123,2397,114,10,30,11,875,238,230,122,999,Cottonwood/Willow,Vanet,Cache la Poudre
13124,2391,72,10,0,0,886,232,220,119,983,Cottonwood/Willow,Vanet,Cache la Poudre
13125,2435,102,24,300,163,1252,252,201,63,708,Ponderosa Pine,Vanet,Cache la Poudre
13126,2221,107,19,30,9,1438,249,213,85,499,Douglas-fir,Vanet,Cache la Poudre
13127,2428,85,11,255,74,242,236,221,114,467,Ponderosa Pine,Vanet,Cache la Poudre
13128,2473,325,28,420,215,534,140,197,191,569,Ponderosa Pine,Catacount,Cache la Poudre
13129,2251,359,12,0,0,1622,202,218,153,984,Cottonwood/Willow,Cryaquolis,Cache la Poudre
13130,2358,151,25,240,117,212,242,231,103,1761,Cottonwood/Willow,Haploborolis,Cache la Poudre
13131,2344,276,37,216,137,700,101,219,244,1667,Ponderosa Pine,Catacount,Cache la Poudre
13132,2261,339,18,85,22,1392,179,212,170,454,Douglas-fir,Catacount,Cache la Poudre
13133,2212,62,7,0,0,1398,226,226,134,541,Cottonwood/Willow,Vanet,Cache la Poudre
13134,2331,256,20,85,25,1218,169,248,215,1366,Douglas-fir,Catacount,Cache la Poudre
13135,2400,13,16,277,130,841,203,206,137,902,Douglas-fir,Vanet,Cache la Poudre
13136,3292,22,8,127,3,4002,215,224,145,3883,Krummholz,Leighcan,Rawah
13137,3283,301,11,335,91,990,190,236,186,2264,Krummholz,Cryorthents,Rawah
13138,2471,333,24,361,207,474,158,201,178,618,Ponderosa Pine,Catacount,Cache la Poudre
13139,2324,121,29,180,83,234,254,202,54,1747,Cottonwood/Willow,Haploborolis,Cache la Poudre
13140,2400,53,16,0,0,808,227,203,105,1065,Cottonwood/Willow,Vanet,Cache la Poudre
13141,2394,350,12,42,2,845,198,220,160,1020,Douglas-fir,Cryaquolis,Cache la Poudre
13142,2275,327,19,127,36,1366,170,215,183,481,Douglas-fir,Catacount,Cache la Poudre
13143,2237,116,17,60,18,1401,247,221,96,524,Douglas-fir,Vanet,Cache la Poudre
13144,2217,335,9,42,5,1359,200,228,167,582,Douglas-fir,Pachic Argiborolis,Cache la Poudre
13145,2334,297,18,330,51,1260,168,232,203,942,Douglas-fir,Catacount,Cache la Poudre
13146,2351,314,16,270,68,1260,176,226,189,994,Douglas-fir,Catacount,Cache la Poudre
13147,3104,76,28,331,129,1981,241,176,46,3834,Spruce_Fir,Legault,Rawah
13148,2321,18,10,0,0,283,213,220,143,819,Cottonwood/Willow,Catacount,Cache la Poudre
13149,2332,153,21,240,91,170,240,235,113,1703,Cottonwood/Willow,Haploborolis,Cache la Poudre
13150,2451,58,14,124,26,735,229,211,112,1176,Ponderosa Pine,Vanet,Cache la Poudre
13151,2415,67,19,30,15,769,235,200,89,1107,Cottonwood/Willow,Vanet,Cache la Poudre
13152,2265,349,20,192,72,1259,178,202,159,765,Douglas-fir,Catacount,Cache la Poudre
13153,2284,292,21,268,102,1243,156,231,213,834,Douglas-fir,Catacount,Cache la Poudre
13154,2303,355,6,0,0,1282,211,230,157,1304,Cottonwood/Willow,Catacount,Cache la Poudre
13155,2395,308,22,240,89,1191,153,220,204,1355,Douglas-fir,Catacount,Cache la Poudre
13156,2413,354,13,390,107,1082,198,217,157,1206,Douglas-fir,Catacount,Cache la Poudre
13157,3301,336,9,124,9,4134,199,227,167,3899,Krummholz,Leighcan,Rawah
13158,3005,327,15,285,70,1486,182,222,179,3235,Spruce_Fir,Leighcan,Rawah
13159,2454,291,16,297,128,342,174,236,202,430,Ponderosa Pine,Catacount,Cache la Poudre
13160,2447,96,12,277,85,242,239,223,113,484,Ponderosa Pine,Vanet,Cache la Poudre
13161,2434,185,19,390,164,1055,220,250,155,511,Douglas-fir,Vanet,Cache la Poudre
13162,2441,244,13,446,171,997,193,250,194,511,Douglas-fir,Vanet,Cache la Poudre
13163,2238,291,4,0,0,404,208,239,169,858,Cottonwood/Willow,Cryaquolis,Cache la Poudre
13164,2274,286,35,60,32,361,102,213,239,907,Ponderosa Pine,Catacount,Cache la Poudre
13165,2328,352,12,212,94,201,199,220,158,1114,Ponderosa Pine,Catacount,Cache la Poudre
13166,2418,74,14,0,0,741,236,212,104,1132,Cottonwood/Willow,Vanet,Cache la Poudre
13167,2287,339,20,150,32,1302,175,208,170,543,Douglas-fir,Catacount,Cache la Poudre
13168,2402,289,26,240,96,1211,140,227,222,1358,Douglas-fir,Catacount,Cache la Poudre
13169,2430,2,14,469,160,1022,199,212,149,1090,Douglas-fir,Vanet,Cache la Poudre
13170,2969,344,6,95,6,1657,208,230,161,3439,Spruce_Fir,Cryaquolis,Rawah
13171,3295,22,5,390,71,1082,217,229,149,2221,Krummholz,Cryorthents,Rawah
13172,2894,122,14,285,84,285,243,228,110,1273,Spruce_Fir,Legault,Rawah
13173,2883,132,14,228,73,228,242,232,117,1213,Spruce_Fir,Legault,Rawah
13174,2530,331,2,553,272,541,213,236,160,663,Ponderosa Pine,Catacount,Cache la Poudre
13175,2272,80,23,0,0,1549,243,192,0,722,Cottonwood/Willow,Cryaquolis,Cache la Poudre
13176,2423,185,17,351,153,1077,221,250,156,484,Douglas-fir,Vanet,Cache la Poudre
13177,2464,240,8,466,211,874,206,247,179,503,Douglas-fir,Vanet,Cache la Poudre
13178,2468,16,7,201,67,690,214,226,148,1533,Ponderosa Pine,Vanet,Cache la Poudre
13179,2284,109,24,42,12,1216,252,205,67,674,Ponderosa Pine,Haploborolis,Cache la Poudre
13180,2230,72,8,0,0,1315,230,224,127,618,Cottonwood/Willow,Vanet,Cache la Poudre
13181,2289,348,23,255,90,1194,169,194,159,828,Douglas-fir,Catacount,Cache la Poudre
13182,2384,35,22,150,85,1184,212,187,102,1168,Douglas-fir,Catacount,Cache la Poudre
13183,2437,356,15,488,167,1041,194,212,154,1095,Douglas-fir,Vanet,Cache la Poudre
13184,2440,18,20,342,170,850,199,193,124,830,Douglas-fir,Vanet,Cache la Poudre
13185,3315,359,13,175,21,4121,199,215,152,3966,Krummholz,Leighcan,Rawah
13186,2361,352,16,201,104,1390,190,211,158,1060,Ponderosa Pine,Catacount,Cache la Poudre
13187,2300,94,36,30,28,1574,249,163,10,726,Ponderosa Pine,Haploborolis,Cache la Poudre
13188,2252,66,16,0,0,421,234,207,101,1718,Cottonwood/Willow,Vanet,Cache la Poudre
13189,2283,272,26,85,28,541,143,237,228,1772,Ponderosa Pine,Vanet,Cache la Poudre
13190,2413,60,10,0,0,631,228,218,122,1630,Ponderosa Pine,Vanet,Cache la Poudre
13191,2254,80,14,67,7,1273,238,213,102,618,Douglas-fir,Vanet,Cache la Poudre
13192,2259,333,21,162,40,1215,166,207,177,732,Douglas-fir,Catacount,Cache la Poudre
13193,2311,315,11,30,5,1215,190,231,181,1396,Douglas-fir,Catacount,Cache la Poudre
13194,2371,272,25,180,65,1275,146,238,227,1426,Douglas-fir,Catacount,Cache la Poudre
13195,3178,79,18,666,73,924,240,205,89,1894,Lodgepole Pine,Legault,Rawah
13196,2266,64,24,30,14,390,233,184,70,1678,Cottonwood/Willow,Vanet,Cache la Poudre
13197,2255,66,20,0,0,420,235,196,85,1691,Cottonwood/Willow,Vanet,Cache la Poudre
13198,2291,76,17,60,19,1150,238,207,93,741,Ponderosa Pine,Haploborolis,Cache la Poudre
13199,2283,322,23,228,71,1167,154,209,192,792,Douglas-fir,Catacount,Cache la Poudre
13200,2439,72,5,272,96,659,226,230,138,618,Ponderosa Pine,Vanet,Cache la Poudre
13201,3310,355,8,30,4,4368,207,226,157,3952,Krummholz,Leighcan,Rawah
13202,3309,351,9,0,0,4339,204,225,159,3960,Krummholz,Leighcan,Rawah
13203,3233,86,10,0,0,3852,235,223,119,4128,Krummholz,Leighcan,Rawah
13204,2360,219,28,153,90,1239,176,252,199,458,Douglas-fir,Cathedral,Cache la Poudre
13205,2287,68,23,60,35,360,236,188,71,1639,Cottonwood/Willow,Vanet,Cache la Poudre
13206,2435,341,18,67,10,644,180,211,168,1221,Douglas-fir,Catacount,Cache la Poudre
13207,2448,299,15,42,-2,726,175,233,197,1159,Douglas-fir,Catacount,Cache la Poudre
13208,2295,309,23,60,23,1159,151,218,205,713,Douglas-fir,Catacount,Cache la Poudre
13209,2261,98,22,67,14,1209,250,202,69,671,Douglas-fir,Vanet,Cache la Poudre
13210,2345,336,27,382,146,1090,152,193,174,955,Douglas-fir,Catacount,Cache la Poudre
13211,3316,352,13,0,0,4348,197,218,158,3989,Krummholz,Leighcan,Rawah
13212,2872,120,15,150,19,2322,245,226,105,626,Lodgepole Pine,Catacount,Comanche Peak
13213,2435,284,30,300,-7,451,123,224,233,1840,Ponderosa Pine,Catacount,Cache la Poudre
13214,2441,85,13,0,0,569,238,218,109,1307,Cottonwood/Willow,Vanet,Cache la Poudre
13215,2409,95,29,212,75,1008,251,185,42,955,Ponderosa Pine,Haploborolis,Cache la Poudre
13216,2289,81,9,30,6,1101,233,224,123,778,Cottonwood/Willow,Vanet,Cache la Poudre
13217,2398,328,16,335,72,1050,178,219,180,1087,Douglas-fir,Catacount,Cache la Poudre
13218,2370,98,23,108,44,1077,250,201,66,1282,Douglas-fir,Vanet,Cache la Poudre
13219,2394,306,26,210,88,1209,141,216,211,1412,Douglas-fir,Catacount,Cache la Poudre
13220,2453,157,7,474,183,806,228,241,146,920,Ponderosa Pine,Vanet,Cache la Poudre
13221,2429,148,17,301,86,624,241,236,118,671,Ponderosa Pine,Haploborolis,Cache la Poudre
13222,2412,162,21,182,69,564,235,240,126,566,Ponderosa Pine,Haploborolis,Cache la Poudre
13223,3231,83,22,582,126,1116,244,197,71,2101,Lodgepole Pine,Legault,Rawah
13224,2413,121,13,360,23,1026,241,229,116,1040,Ponderosa Pine,Vanet,Cache la Poudre
13225,2343,250,18,180,73,1203,179,250,207,391,Douglas-fir,Cathedral,Cache la Poudre
13226,2475,271,11,420,222,815,191,244,192,376,Douglas-fir,Vanet,Cache la Poudre
13227,2253,69,7,0,0,400,227,227,134,685,Cottonwood/Willow,Cryaquolis,Cache la Poudre
13228,2304,116,20,85,29,300,250,217,85,1560,Cottonwood/Willow,Vanet,Cache la Poudre
13229,2289,340,10,0,0,1082,200,226,165,792,Douglas-fir,Pachic Argiborolis,Cache la Poudre
13230,2341,115,22,42,15,1063,252,212,76,1348,Douglas-fir,Vanet,Cache la Poudre
13231,2426,294,25,270,120,1154,141,224,219,1361,Douglas-fir,Catacount,Cache la Poudre
13232,2457,272,7,450,151,999,202,242,179,1187,Ponderosa Pine,Vanet,Cache la Poudre
13233,2392,126,17,108,49,488,246,227,104,511,Ponderosa Pine,Haploborolis,Cache la Poudre
13234,3336,320,21,30,3,4308,161,215,191,4063,Krummholz,Leighcan,Rawah
13235,2879,117,18,162,25,2352,248,221,94,591,Aspen,Catacount,Comanche Peak
13236,2286,161,16,30,6,1501,235,242,133,592,Cottonwood/Willow,Haploborolis,Cache la Poudre
13237,2275,32,9,0,0,1441,218,221,138,541,Cottonwood/Willow,Cryaquolis,Cache la Poudre
13238,2383,251,14,300,113,1082,187,249,199,313,Douglas-fir,Catacount,Cache la Poudre
13239,2255,12,10,0,0,395,210,220,146,671,Cottonwood/Willow,Cryaquolis,Cache la Poudre
13240,2280,277,20,30,12,335,163,240,215,725,Ponderosa Pine,Catacount,Cache la Poudre
13241,2300,114,21,67,25,300,250,214,82,1532,Cottonwood/Willow,Vanet,Cache la Poudre
13242,2506,19,9,162,23,480,214,220,143,1495,Ponderosa Pine,Vanet,Cache la Poudre
13243,2394,339,26,450,68,997,157,194,171,1040,Douglas-fir,Catacount,Cache la Poudre
13244,2431,281,23,272,125,1140,151,235,221,1368,Douglas-fir,Catacount,Cache la Poudre
13245,2453,140,17,577,183,858,243,233,113,1053,Ponderosa Pine,Vanet,Cache la Poudre
13246,2431,181,18,459,88,679,223,249,151,832,Ponderosa Pine,Haploborolis,Cache la Poudre
13247,3338,356,17,124,29,4488,192,208,153,4046,Krummholz,Leighcan,Rawah
13248,2892,106,16,192,31,2356,246,219,97,592,Aspen,Catacount,Comanche Peak
13249,2273,167,12,0,0,1560,230,244,145,631,Cottonwood/Willow,Haploborolis,Cache la Poudre
13250,2295,340,29,30,20,1380,147,185,169,474,Douglas-fir,Catacount,Cache la Poudre
13251,2268,325,17,0,0,361,177,220,182,685,Cottonwood/Willow,Cryaquolis,Cache la Poudre
13252,2396,154,20,295,53,534,239,237,118,691,Ponderosa Pine,Haploborolis,Cache la Poudre
13253,2942,252,2,124,5,1620,215,239,161,162,Lodgepole Pine,Catacount,Comanche Peak
13254,2899,93,16,190,38,2374,243,215,97,582,Aspen,Catacount,Comanche Peak
13255,2315,149,23,95,31,1482,243,232,105,787,Ponderosa Pine,Haploborolis,Cache la Poudre
13256,2274,126,10,0,0,1590,237,233,126,646,Ponderosa Pine,Haploborolis,Cache la Poudre
13257,2473,82,21,0,0,430,243,199,77,1456,Cottonwood/Willow,Vanet,Cache la Poudre
13258,2482,339,18,127,38,499,179,212,170,1369,Douglas-fir,Catacount,Cache la Poudre
13259,2289,325,28,90,39,1091,141,197,190,854,Douglas-fir,Catacount,Cache la Poudre
13260,2330,3,12,0,0,987,204,217,150,1423,Cottonwood/Willow,Catacount,Cache la Poudre
13261,3279,310,19,60,22,3912,166,224,197,4025,Krummholz,Leighcan,Rawah
13262,3284,333,15,90,31,3883,184,220,174,4012,Krummholz,Leighcan,Rawah
13263,2426,88,6,272,36,882,229,230,135,892,Ponderosa Pine,Vanet,Cache la Poudre
13264,2271,315,2,0,0,1590,214,237,161,636,Cottonwood/Willow,Cryaquolis,Cache la Poudre
13265,2360,292,15,85,16,993,176,236,199,1514,Douglas-fir,Catacount,Cache la Poudre
13266,2410,313,17,216,97,1065,173,225,192,1480,Douglas-fir,Catacount,Cache la Poudre
13267,3381,272,6,120,13,4204,204,242,176,4147,Krummholz,Leighcan,Rawah
13268,3330,76,32,90,73,4063,240,162,27,4071,Krummholz,Leighcan,Rawah
13269,2462,292,23,272,19,272,150,229,216,1742,Ponderosa Pine,Catacount,Cache la Poudre
13270,2483,109,11,0,0,365,240,227,116,1523,Cottonwood/Willow,Vanet,Cache la Poudre
13271,2300,331,26,30,18,1019,151,199,182,895,Douglas-fir,Catacount,Cache la Poudre
13272,2357,318,23,270,110,953,154,212,195,979,Douglas-fir,Catacount,Cache la Poudre
13273,3369,298,6,0,0,4327,204,238,173,4186,Krummholz,Cryorthents,Rawah
13274,3082,88,28,470,-22,720,248,183,45,1746,Spruce_Fir,Legault,Rawah
13275,2947,95,11,162,49,2278,238,224,116,541,Aspen,Catacount,Comanche Peak
13276,2278,341,9,0,0,1537,201,226,165,677,Cottonwood/Willow,Cryaquolis,Cache la Poudre
13277,2341,88,20,0,0,853,245,203,79,1050,Cottonwood/Willow,Vanet,Cache la Poudre
13278,2401,284,23,150,57,983,151,233,220,1556,Douglas-fir,Catacount,Cache la Poudre
13279,2433,45,5,268,43,808,221,229,144,811,Ponderosa Pine,Vanet,Cache la Poudre
13280,2511,24,8,108,13,404,216,222,143,1477,Douglas-fir,Vanet,Cache la Poudre
13281,2387,37,17,234,91,902,217,200,113,947,Douglas-fir,Catacount,Cache la Poudre
13282,2420,200,9,450,114,930,217,248,166,1289,Ponderosa Pine,Vanet,Cache la Poudre
13283,2367,147,16,201,80,1177,240,236,120,1024,Ponderosa Pine,Haploborolis,Cache la Poudre
13284,2298,333,18,42,16,1492,176,214,176,696,Douglas-fir,Catacount,Cache la Poudre
13285,2471,305,18,285,49,870,169,228,198,150,Douglas-fir,Vanet,Cache la Poudre
13286,2390,98,25,150,45,540,251,195,56,459,Ponderosa Pine,Cathedral,Cache la Poudre
13287,2492,71,12,42,9,270,233,216,113,1631,Cottonwood/Willow,Vanet,Cache la Poudre
13288,2352,41,9,0,0,789,221,220,133,1116,Cottonwood/Willow,Pachic Argiborolis,Cache la Poudre
13289,2309,100,5,0,0,924,229,233,138,977,Cottonwood/Willow,Catacount,Cache la Poudre
13290,2414,328,23,360,167,836,156,206,185,1101,Douglas-fir,Catacount,Cache la Poudre
13291,2466,311,20,395,32,789,164,222,197,1200,Douglas-fir,Vanet,Cache la Poudre
13292,3398,329,27,331,73,3637,147,198,184,3734,Krummholz,Leighcan,Rawah
13293,2449,301,21,300,0,960,158,226,206,67,Douglas-fir,Catacount,Cache la Poudre
13294,2499,66,10,85,16,240,230,219,121,1673,Ponderosa Pine,Vanet,Cache la Poudre
13295,2504,103,8,30,6,404,234,230,127,1510,Douglas-fir,Vanet,Cache la Poudre
13296,2372,42,19,124,18,872,219,195,104,990,Douglas-fir,Catacount,Cache la Poudre
13297,3372,0,1,90,0,4368,217,236,156,4085,Krummholz,Cryorthents,Rawah
13298,3205,289,31,534,50,1691,118,218,232,3163,Spruce_Fir,Legault,Rawah
13299,2515,326,14,108,32,242,184,224,179,1624,Douglas-fir,Catacount,Cache la Poudre
13300,2511,76,10,67,6,339,232,222,121,1560,Douglas-fir,Vanet,Cache la Poudre
13301,2332,48,19,30,14,859,223,195,98,1031,Cottonwood/Willow,Catacount,Cache la Poudre
13302,2414,85,19,150,56,735,244,203,81,1421,Douglas-fir,Vanet,Cache la Poudre
13303,2406,235,11,134,62,865,201,250,186,1627,Ponderosa Pine,Vanet,Cache la Poudre
13304,2386,60,22,391,119,458,231,188,78,934,Douglas-fir,Haploborolis,Cache la Poudre
13305,3276,41,10,255,49,1601,222,217,130,2896,Spruce_Fir,Leighcan,Rawah
13306,2928,83,11,30,-5,2249,235,221,116,537,Spruce_Fir,Catacount,Comanche Peak
13307,2324,321,15,150,42,1530,181,224,183,630,Douglas-fir,Catacount,Cache la Poudre
13308,2464,308,25,270,138,150,143,215,208,1549,Ponderosa Pine,Catacount,Cache la Poudre
13309,2413,50,4,537,98,607,221,231,146,1092,Ponderosa Pine,Vanet,Cache la Poudre
13310,3373,8,2,150,-4,4390,217,235,155,4036,Krummholz,Cryorthents,Rawah
13311,3347,12,22,60,24,4057,192,191,129,3844,Krummholz,Cryorthents,Rawah
13312,2957,267,5,85,8,1158,208,242,172,256,Lodgepole Pine,Catacount,Comanche Peak
13313,2381,274,21,85,22,1323,159,240,218,331,Douglas-fir,Catacount,Cache la Poudre
13314,2433,255,18,277,12,1024,175,248,209,42,Douglas-fir,Catacount,Cache la Poudre
13315,2339,61,11,0,0,430,229,218,121,571,Cottonwood/Willow,Vanet,Cache la Poudre
13316,2507,116,8,124,14,470,235,232,129,1506,Ponderosa Pine,Vanet,Cache la Poudre
13317,2381,315,25,182,75,816,146,211,201,1138,Douglas-fir,Catacount,Cache la Poudre
13318,2464,331,17,335,30,713,179,217,177,1221,Douglas-fir,Catacount,Cache la Poudre
13319,2413,140,4,576,93,655,225,238,148,1158,Ponderosa Pine,Vanet,Cache la Poudre
13320,3373,81,6,201,0,4318,228,230,136,3961,Krummholz,Cryorthents,Rawah
13321,2336,350,15,134,16,1549,191,213,159,603,Douglas-fir,Catacount,Cache la Poudre
13322,2359,96,17,0,0,524,245,213,90,484,Cottonwood/Willow,Cathedral,Cache la Poudre
13323,2348,38,14,0,0,466,219,209,122,543,Ponderosa Pine,Vanet,Cache la Poudre
13324,2489,358,13,270,46,150,200,216,154,1806,Ponderosa Pine,Vanet,Cache la Poudre
13325,2487,359,14,277,44,192,199,214,152,1856,Ponderosa Pine,Vanet,Cache la Poudre
13326,2519,313,10,361,76,175,194,233,179,2001,Ponderosa Pine,Vanet,Cache la Poudre
13327,2421,51,20,85,16,742,225,192,93,1112,Douglas-fir,Catacount,Cache la Poudre
13328,2374,84,17,0,0,755,242,208,90,1112,Cottonwood/Willow,Catacount,Cache la Poudre
13329,2385,347,22,134,67,819,174,200,161,1150,Douglas-fir,Catacount,Cache la Poudre
13330,2412,93,17,124,41,655,244,212,92,1507,Douglas-fir,Vanet,Cache la Poudre
13331,2347,353,19,108,22,1537,183,202,154,547,Douglas-fir,Catacount,Cache la Poudre
13332,2369,57,15,0,0,560,229,207,108,459,Cottonwood/Willow,Cathedral,Cache la Poudre
13333,2495,7,14,301,52,150,201,211,145,1814,Ponderosa Pine,Vanet,Cache la Poudre
13334,2513,56,5,42,1,234,223,229,141,1682,Douglas-fir,Vanet,Cache la Poudre
13335,2449,106,16,192,51,603,246,218,96,1452,Douglas-fir,Vanet,Cache la Poudre
13336,2389,326,21,120,28,750,164,211,185,1524,Douglas-fir,Catacount,Cache la Poudre
13337,2424,48,11,618,92,730,224,216,124,1266,Douglas-fir,Vanet,Cache la Poudre
13338,3076,302,21,95,9,2022,155,225,207,3319,Spruce_Fir,Legault,Rawah
13339,3166,119,19,192,61,1095,249,220,92,2200,Spruce_Fir,Legault,Rawah
13340,2929,55,19,95,-1,2281,228,196,93,408,Spruce_Fir,Catacount,Comanche Peak
13341,2352,69,12,85,4,420,233,216,113,612,Ponderosa Pine,Vanet,Cache la Poudre
13342,2405,71,24,0,0,691,238,187,67,1170,Cottonwood/Willow,Catacount,Cache la Poudre
13343,2373,9,6,0,0,644,214,228,152,1475,Cottonwood/Willow,Vanet,Cache la Poudre
13344,2432,333,18,361,88,895,177,215,175,1507,Douglas-fir,Catacount,Cache la Poudre
13345,2323,80,21,60,41,1269,243,197,74,883,Ponderosa Pine,Haploborolis,Cache la Poudre
13346,2290,84,22,0,0,1328,245,197,70,824,Cottonwood/Willow,Cryaquolis,Cache la Poudre
13347,2336,274,31,90,55,1448,124,230,237,706,Douglas-fir,Catacount,Cache la Poudre
13348,2379,343,25,85,22,1485,162,194,166,503,Douglas-fir,Catacount,Cache la Poudre
13349,2417,282,20,67,11,1218,162,237,213,258,Douglas-fir,Catacount,Cache la Poudre
13350,2430,321,25,234,102,722,150,208,194,1253,Douglas-fir,Catacount,Cache la Poudre
13351,2378,354,9,0,0,618,206,225,158,1445,Cottonwood/Willow,Vanet,Cache la Poudre
13352,2375,320,16,175,40,1565,177,223,186,598,Douglas-fir,Catacount,Cache la Poudre
13353,2432,330,15,285,83,787,183,220,176,1471,Douglas-fir,Catacount,Cache la Poudre
13354,2387,125,15,417,67,541,244,228,108,1188,Douglas-fir,Haploborolis,Cache la Poudre
13355,3106,294,30,120,39,2084,122,217,227,3238,Spruce_Fir,Legault,Rawah
13356,2368,140,24,162,70,934,247,225,92,888,Ponderosa Pine,Haploborolis,Cache la Poudre
13357,2292,75,26,30,10,1323,241,183,57,837,Cottonwood/Willow,Haploborolis,Cache la Poudre
13358,2375,282,13,150,62,1533,182,240,198,636,Douglas-fir,Catacount,Cache la Poudre
13359,2411,348,18,42,8,1347,183,208,161,391,Douglas-fir,Catacount,Cache la Poudre
13360,2413,346,19,30,10,1318,181,207,162,366,Douglas-fir,Catacount,Cache la Poudre
13361,2532,350,10,309,28,90,202,224,159,1853,Ponderosa Pine,Vanet,Cache la Poudre
13362,2465,113,12,134,21,513,240,228,117,1422,Douglas-fir,Vanet,Cache la Poudre
13363,2929,127,11,0,0,573,239,232,122,2367,Lodgepole Pine,Catacount,Comanche Peak
13364,2418,353,15,108,30,1410,193,213,157,458,Douglas-fir,Catacount,Cache la Poudre
13365,2340,66,15,210,-18,361,233,210,105,702,Ponderosa Pine,Vanet,Cache la Poudre
13366,2441,342,23,234,74,644,167,200,167,1318,Douglas-fir,Catacount,Cache la Poudre
13367,2428,167,12,60,-1,451,230,244,144,1358,Douglas-fir,Vanet,Cache la Poudre
13368,2391,6,14,0,0,510,202,213,146,1351,Cottonwood/Willow,Catacount,Cache la Poudre
13369,2392,340,14,30,8,525,189,218,168,1353,Douglas-fir,Catacount,Cache la Poudre
13370,2455,309,15,362,106,799,178,229,191,1433,Douglas-fir,Catacount,Cache la Poudre
13371,2329,48,20,212,14,331,223,192,95,1099,Douglas-fir,Catacount,Cache la Poudre
13372,2369,117,16,190,70,841,246,224,102,789,Ponderosa Pine,Haploborolis,Cache la Poudre
13373,2299,175,16,0,0,1140,227,247,147,1026,Cottonwood/Willow,Cryaquolis,Cache la Poudre
13374,2422,89,23,134,0,603,247,197,66,499,Ponderosa Pine,Cathedral,Cache la Poudre
13375,2404,37,14,0,0,457,219,209,123,1320,Cottonwood/Willow,Vanet,Cache la Poudre
13376,2296,18,3,0,0,1200,217,233,153,977,Cottonwood/Willow,Cryaquolis,Cache la Poudre
13377,2359,238,24,85,31,1456,168,252,214,671,Douglas-fir,Catacount,Cache la Poudre
13378,2481,6,13,170,31,934,203,214,147,313,Ponderosa Pine,Vanet,Cache la Poudre
13379,2434,64,7,0,0,395,227,226,133,1312,Cottonwood/Willow,Vanet,Cache la Poudre
13380,2421,256,9,242,50,642,199,246,185,1332,Douglas-fir,Catacount,Cache la Poudre
13381,2437,260,16,295,70,691,178,247,206,1348,Douglas-fir,Catacount,Cache la Poudre
13382,2445,277,15,323,81,716,177,242,204,1357,Douglas-fir,Catacount,Cache la Poudre
13383,2468,81,17,509,127,785,241,207,90,1445,Douglas-fir,Vanet,Cache la Poudre
13384,2998,77,13,404,29,2700,236,216,108,1533,Spruce_Fir,Catacount,Comanche Peak
13385,2436,23,14,30,2,361,211,209,131,1277,Douglas-fir,Vanet,Cache la Poudre
13386,2418,6,19,108,26,469,193,199,140,1266,Douglas-fir,Catacount,Cache la Poudre
13387,2457,285,20,362,93,726,160,235,213,1338,Douglas-fir,Catacount,Cache la Poudre
13388,2406,40,20,362,73,582,218,192,102,1318,Douglas-fir,Catacount,Cache la Poudre
13389,2398,44,22,350,68,553,219,186,91,1298,Douglas-fir,Catacount,Cache la Poudre
13390,2299,63,19,0,0,153,233,199,91,1075,Cottonwood/Willow,Pachic Argiborolis,Cache la Poudre
13391,2366,125,20,127,61,812,249,221,91,751,Ponderosa Pine,Haploborolis,Cache la Poudre
13392,2397,52,18,309,67,532,226,197,98,1302,Douglas-fir,Catacount,Cache la Poudre
13393,2485,113,10,67,8,492,238,229,120,1328,Douglas-fir,Vanet,Cache la Poudre
13394,2468,89,10,0,0,404,235,224,120,1282,Cottonwood/Willow,Vanet,Cache la Poudre
13395,2440,9,21,127,28,384,191,192,133,1201,Douglas-fir,Catacount,Cache la Poudre
13396,2455,239,20,391,82,698,178,252,207,1282,Douglas-fir,Catacount,Cache la Poudre
13397,2303,65,10,0,0,175,230,221,123,1131,Douglas-fir,Pachic Argiborolis,Cache la Poudre
13398,3076,75,11,95,8,845,233,220,117,2051,Spruce_Fir,Legault,Rawah
13399,2871,129,6,0,0,983,231,236,138,2353,Lodgepole Pine,Cryaquolis,Comanche Peak
13400,2303,353,6,0,0,957,210,230,158,900,Cottonwood/Willow,Cryaquolis,Cache la Poudre
13401,3039,76,13,90,-2,671,236,216,109,1895,Spruce_Fir,Legault,Rawah
13402,2894,96,9,124,0,849,234,228,125,2470,Lodgepole Pine,Catacount,Comanche Peak
13403,2368,12,22,42,18,1298,191,188,127,799,Douglas-fir,Catacount,Cache la Poudre
13404,2498,289,16,210,67,1283,172,236,204,510,Douglas-fir,Catacount,Cache la Poudre
13405,2453,325,15,150,19,256,182,223,180,1144,Douglas-fir,Catacount,Cache la Poudre
13406,2403,115,14,242,67,589,243,226,109,1392,Douglas-fir,Cathedral,Cache la Poudre
13407,2320,34,14,0,0,569,217,207,122,488,Cottonwood/Willow,Cryaquolis,Cache la Poudre
13408,2338,75,23,60,19,1155,241,189,66,895,Douglas-fir,Catacount,Cache la Poudre
13409,2350,91,10,85,6,474,235,225,120,768,Ponderosa Pine,Vanet,Cache la Poudre
13410,2477,2,13,67,0,342,202,215,150,1198,Douglas-fir,Catacount,Cache la Poudre
13411,2455,1,15,300,57,470,198,211,150,1136,Douglas-fir,Catacount,Cache la Poudre
13412,2399,116,13,216,58,598,242,227,111,1416,Douglas-fir,Cathedral,Cache la Poudre
13413,2366,137,20,150,36,457,247,228,100,1333,Douglas-fir,Cathedral,Cache la Poudre
13414,2314,46,15,95,0,216,224,207,114,1205,Douglas-fir,Catacount,Cache la Poudre
13415,2319,229,9,0,0,616,206,249,180,553,Cottonwood/Willow,Haploborolis,Cache la Poudre
13416,2304,135,5,0,0,808,227,238,144,789,Cottonwood/Willow,Cryaquolis,Cache la Poudre
13417,2363,45,12,120,44,1100,223,213,122,853,Douglas-fir,Catacount,Cache la Poudre
13418,2394,260,19,30,9,1341,170,247,213,721,Douglas-fir,Catacount,Cache la Poudre
13419,2317,124,5,0,0,595,229,236,140,560,Cottonwood/Willow,Cryaquolis,Cache la Poudre
13420,2393,2,21,30,11,1279,186,195,142,785,Douglas-fir,Catacount,Cache la Poudre
13421,3141,193,11,342,99,551,219,249,163,779,Lodgepole Pine,Catacount,Comanche Peak
13422,2306,117,8,0,0,726,234,233,131,742,Cottonwood/Willow,Cryaquolis,Cache la Poudre
13423,3143,339,24,313,26,2589,160,197,171,2792,Spruce_Fir,Legault,Rawah
13424,2856,75,7,150,-1,1103,228,228,133,2533,Lodgepole Pine,Catacount,Comanche Peak
13425,2437,126,12,323,81,864,241,231,118,1224,Douglas-fir,Vanet,Cache la Poudre
13426,2330,355,6,0,0,390,211,230,157,1383,Cottonwood/Willow,Pachic Argiborolis,Cache la Poudre
13427,3068,265,9,120,14,540,198,244,185,875,Lodgepole Pine,Cryaquolis,Comanche Peak
13428,2832,80,7,60,-4,960,229,228,133,2471,Lodgepole Pine,Cryaquolis,Comanche Peak
13429,2321,100,19,30,5,516,248,210,83,564,Douglas-fir,Catacount,Cache la Poudre
13430,2375,23,30,42,25,1065,188,162,95,780,Douglas-fir,Catacount,Cache la Poudre
13431,2429,269,18,42,2,1360,169,244,212,726,Lodgepole Pine,Catacount,Cache la Poudre
13432,2358,55,8,0,0,566,225,223,132,850,Cottonwood/Willow,Vanet,Cache la Poudre
13433,2336,72,1,0,0,457,219,237,154,1449,Cottonwood/Willow,Cathedral,Cache la Poudre
13434,3052,308,17,120,21,2844,173,228,194,2701,Spruce_Fir,Cryaquolis,Rawah
13435,2951,158,17,450,113,725,236,240,128,2123,Aspen,Catacount,Comanche Peak
13436,2340,349,2,67,7,335,215,235,158,1426,Douglas-fir,Catacount,Cache la Poudre
13437,2316,152,10,0,0,564,233,240,138,671,Cottonwood/Willow,Cryaquolis,Cache la Poudre
13438,2318,319,21,30,2,618,162,216,192,725,Douglas-fir,Catacount,Cache la Poudre
13439,2437,276,25,85,13,1209,145,236,226,858,Douglas-fir,Catacount,Cache la Poudre
13440,2498,104,24,175,29,914,252,202,65,721,Ponderosa Pine,Cathedral,Cache la Poudre
13441,3009,247,13,339,25,3000,194,249,193,722,Lodgepole Pine,Catacount,Comanche Peak
13442,2314,25,11,30,0,497,215,216,137,633,Cottonwood/Willow,Cryaquolis,Cache la Poudre
13443,2474,289,26,120,47,1374,137,226,224,769,Lodgepole Pine,Catacount,Cache la Poudre
13444,3315,105,21,162,33,1878,250,209,78,2908,Spruce_Fir,Leighcan,Rawah
13445,3162,117,15,0,0,1414,244,225,106,2647,Spruce_Fir,Legault,Rawah
13446,2928,219,14,360,90,832,204,252,183,2215,Aspen,Catacount,Comanche Peak
13447,2341,317,32,67,25,591,120,194,205,671,Douglas-fir,Catacount,Cache la Poudre
13448,2409,334,16,212,100,787,181,217,174,607,Douglas-fir,Catacount,Cache la Poudre
13449,2430,357,23,192,80,916,178,193,148,636,Douglas-fir,Catacount,Cache la Poudre
13450,2406,295,28,42,21,1124,130,219,223,807,Douglas-fir,Catacount,Cache la Poudre
13451,2511,48,6,541,84,421,222,227,140,882,Douglas-fir,Vanet,Cache la Poudre
13452,3022,7,6,342,0,1110,213,229,153,592,Lodgepole Pine,Catacount,Comanche Peak
13453,3020,283,5,331,-19,3081,206,240,173,830,Spruce_Fir,Catacount,Comanche Peak
13454,3075,85,14,85,18,495,240,215,102,577,Spruce_Fir,Catacount,Comanche Peak
13455,3093,198,13,335,39,700,216,251,167,1087,Lodgepole Pine,Catacount,Comanche Peak
13456,2917,165,18,330,79,825,233,243,133,2147,Aspen,Catacount,Comanche Peak
13457,2696,110,6,60,1,60,230,234,138,828,Aspen,Catacount,Comanche Peak
13458,2335,27,29,30,12,470,194,163,90,666,Douglas-fir,Catacount,Cache la Poudre
13459,2437,67,25,30,-5,824,235,182,64,859,Ponderosa Pine,Cathedral,Cache la Poudre
13460,2416,53,22,0,0,774,226,188,85,886,Cottonwood/Willow,Cathedral,Cache la Poudre
13461,2387,48,17,42,-3,703,224,202,106,847,Ponderosa Pine,Catacount,Cache la Poudre
13462,2916,192,18,300,78,899,216,251,162,2268,Aspen,Catacount,Comanche Peak
13463,2917,187,15,301,79,912,220,250,158,2295,Aspen,Catacount,Comanche Peak
13464,2379,36,34,85,56,402,196,147,63,638,Douglas-fir,Catacount,Cache la Poudre
13465,2401,325,8,0,0,1062,201,232,170,743,Douglas-fir,Catacount,Cache la Poudre
13466,2432,58,22,0,0,816,229,188,81,899,Cottonwood/Willow,Cathedral,Cache la Poudre
13467,2716,29,6,335,17,30,218,226,144,711,Aspen,Cryaquolis,Comanche Peak
13468,2712,25,7,247,13,67,217,225,145,757,Aspen,Cryaquolis,Comanche Peak
13469,2707,40,8,162,8,127,221,223,137,811,Aspen,Catacount,Comanche Peak
13470,2700,52,9,108,7,124,225,221,130,850,Aspen,Catacount,Comanche Peak
13471,2365,292,18,30,6,560,165,233,207,592,Douglas-fir,Catacount,Cache la Poudre
13472,3060,325,13,30,3,3102,187,225,178,2492,Spruce_Fir,Cryaquolis,Rawah
13473,2891,180,15,240,53,920,224,248,152,2215,Aspen,Catacount,Comanche Peak
13474,2720,13,8,342,21,42,213,225,149,738,Aspen,Cryaquolis,Comanche Peak
13475,2696,45,9,85,7,150,223,221,133,912,Aspen,Catacount,Comanche Peak
13476,3052,204,22,180,29,810,202,254,177,1033,Lodgepole Pine,Catacount,Comanche Peak
13477,2716,51,6,216,21,150,223,226,138,841,Aspen,Catacount,Comanche Peak
13478,2713,63,7,192,20,170,226,226,134,858,Aspen,Catacount,Comanche Peak
13479,2707,61,7,150,16,182,226,225,133,895,Aspen,Catacount,Comanche Peak
13480,2700,57,8,108,11,180,226,223,132,934,Aspen,Catacount,Comanche Peak
13481,2377,29,15,0,0,537,213,205,124,541,Douglas-fir,Catacount,Cache la Poudre
13482,2486,40,22,30,9,942,216,185,95,949,Ponderosa Pine,Catacount,Cache la Poudre
13483,2744,34,10,511,28,60,219,218,134,722,Aspen,Cryaquolis,Comanche Peak
13484,2708,73,6,170,19,212,228,228,134,918,Aspen,Catacount,Comanche Peak
13485,2495,16,19,301,67,732,201,198,130,446,Douglas-fir,Catacount,Cache la Poudre
13486,3254,304,32,150,30,2899,116,205,220,2436,Spruce_Fir,Leighcan,Rawah
13487,2714,62,6,234,23,216,225,228,138,907,Aspen,Catacount,Comanche Peak
13488,2484,346,14,67,22,1091,193,218,163,767,Lodgepole Pine,Catacount,Cache la Poudre
13489,2413,241,26,212,54,309,161,250,219,624,Ponderosa Pine,Catacount,Cache la Poudre
13490,2511,56,14,210,83,743,228,208,110,433,Douglas-fir,Catacount,Cache la Poudre
13491,2463,254,22,201,48,552,163,248,219,335,Douglas-fir,Catacount,Cache la Poudre
13492,2510,266,17,300,95,607,173,245,209,335,Douglas-fir,Catacount,Cache la Poudre
13493,3029,263,13,108,27,2911,186,246,199,942,Lodgepole Pine,Catacount,Comanche Peak
13494,2783,47,8,537,49,210,223,223,134,878,Aspen,Catacount,Comanche Peak
13495,2765,9,13,644,66,210,205,213,144,875,Aspen,Catacount,Comanche Peak
13496,2442,36,11,120,52,361,219,216,131,474,Douglas-fir,Catacount,Cache la Poudre
13497,2416,66,20,30,14,408,235,195,84,404,Douglas-fir,Catacount,Cache la Poudre
13498,2512,260,12,67,5,1020,190,247,195,1055,Lodgepole Pine,Vanet,Cache la Poudre
13499,2552,36,18,218,75,875,216,198,112,1050,Ponderosa Pine,Vanet,Cache la Poudre
13500,2789,58,7,551,55,240,226,225,133,912,Aspen,Catacount,Comanche Peak
13501,2427,61,27,234,64,631,230,174,59,660,Ponderosa Pine,Catacount,Cache la Poudre
13502,3073,106,9,30,1,3615,235,229,125,2292,Spruce_Fir,Cryaquolis,Rawah
13503,3049,64,24,531,39,571,233,184,70,1544,Spruce_Fir,Legault,Rawah
13504,2843,162,15,30,1,1146,233,243,136,2208,Spruce_Fir,Cryaquolis,Comanche Peak
13505,2431,276,25,212,47,258,147,236,225,524,Ponderosa Pine,Catacount,Cache la Poudre
13506,3054,58,24,552,44,573,229,182,73,1541,Spruce_Fir,Legault,Rawah
13507,2828,216,25,60,14,1315,187,254,192,2624,Aspen,Vanet,Comanche Peak
13508,2843,203,27,108,34,1342,195,252,177,2676,Aspen,Vanet,Comanche Peak
13509,2858,158,16,218,76,902,236,241,130,3010,Aspen,Catacount,Comanche Peak
13510,2401,273,25,210,72,201,146,237,227,569,Ponderosa Pine,Catacount,Cache la Poudre
13511,3083,0,3,330,26,3208,215,234,156,1379,Lodgepole Pine,Catacount,Comanche Peak
13512,2866,183,23,162,69,1200,218,248,150,2847,Aspen,Vanet,Comanche Peak
13513,2855,168,20,180,72,960,231,243,134,3059,Aspen,Vanet,Comanche Peak
13514,2773,146,19,60,21,361,242,234,114,2568,Lodgepole Pine,Catacount,Comanche Peak
13515,2719,74,10,376,37,446,232,222,122,1158,Lodgepole Pine,Catacount,Comanche Peak
13516,2454,50,17,124,46,277,226,201,103,390,Douglas-fir,Vanet,Cache la Poudre
13517,3415,282,32,30,22,2969,116,222,237,2161,Spruce_Fir,Leighcan,Rawah
13518,2360,96,25,85,20,90,250,194,56,875,Ponderosa Pine,Vanet,Cache la Poudre
13519,2914,21,21,124,44,1290,201,190,119,1951,Lodgepole Pine,Catacount,Comanche Peak
13520,2820,178,23,95,40,932,223,246,143,3127,Aspen,Vanet,Comanche Peak
13521,3296,75,11,531,109,666,234,218,115,1140,Krummholz,Leighcan,Comanche Peak
13522,2436,240,23,234,23,150,169,252,213,421,Ponderosa Pine,Catacount,Cache la Poudre
13523,2467,240,10,162,50,182,201,249,186,331,Ponderosa Pine,Vanet,Cache la Poudre
13524,3002,8,3,212,17,2040,216,232,154,1177,Lodgepole Pine,Catacount,Comanche Peak
13525,3254,84,15,391,87,730,240,213,100,960,Krummholz,Leighcan,Comanche Peak
13526,2959,187,10,708,252,524,222,248,159,1591,Aspen,Catacount,Comanche Peak
13527,2960,188,10,726,257,537,221,248,160,1570,Aspen,Catacount,Comanche Peak
13528,2952,187,16,703,248,564,220,250,158,1592,Aspen,Vanet,Comanche Peak
13529,3169,312,19,212,8,3530,166,223,196,1951,Spruce_Fir,Leighcan,Rawah
13530,3220,85,17,277,61,816,242,209,90,842,Krummholz,Leighcan,Comanche Peak
13531,2897,98,13,495,65,577,241,221,107,1370,Lodgepole Pine,Catacount,Comanche Peak
13532,2721,41,16,450,59,499,220,203,113,1100,Lodgepole Pine,Catacount,Comanche Peak
13533,2409,314,19,285,79,42,166,222,194,484,Ponderosa Pine,Catacount,Cache la Poudre
13534,3194,61,34,485,81,845,225,151,0,1742,Spruce_Fir,Legault,Rawah
13535,2973,29,7,30,0,2007,218,224,142,2710,Spruce_Fir,Cryaquolis,Comanche Peak
13536,2932,172,19,616,100,671,229,245,141,1560,Aspen,Vanet,Comanche Peak
13537,2930,169,18,595,98,685,231,244,138,1542,Aspen,Vanet,Comanche Peak
13538,2432,193,25,120,72,467,208,250,162,1142,Ponderosa Pine,Vanet,Cache la Poudre
13539,2913,199,22,541,206,577,206,253,171,1761,Aspen,Vanet,Comanche Peak
13540,2918,181,22,595,214,618,221,247,147,1699,Aspen,Vanet,Comanche Peak
13541,2922,181,20,616,90,685,223,248,149,1602,Aspen,Vanet,Comanche Peak
13542,2344,260,11,30,-1,124,195,246,190,760,Ponderosa Pine,Catacount,Cache la Poudre
13543,3168,1,10,90,15,1434,206,222,153,2345,Spruce_Fir,Legault,Rawah
13544,2911,153,8,443,79,684,231,241,142,1492,Aspen,Catacount,Comanche Peak
13545,2409,195,29,67,46,531,201,248,163,1187,Ponderosa Pine,Vanet,Cache la Poudre
13546,3239,101,20,212,52,918,248,210,81,918,Krummholz,Leighcan,Comanche Peak
13547,3098,358,14,201,3,1369,198,213,153,430,Spruce_Fir,Leighcan,Comanche Peak
13548,2907,180,7,417,75,713,223,244,156,1518,Aspen,Catacount,Comanche Peak
13549,2841,119,5,716,15,660,228,235,141,1323,Spruce_Fir,Catacount,Comanche Peak
13550,2390,173,32,90,31,537,220,235,121,1179,Ponderosa Pine,Vanet,Cache la Poudre
13551,3524,315,2,300,110,2912,214,237,161,1909,Spruce_Fir,Cryorthents,Rawah
13552,3042,310,21,285,62,2531,159,221,200,1323,Lodgepole Pine,Catacount,Comanche Peak
13553,2863,206,26,433,160,631,193,253,181,1867,Aspen,Vanet,Comanche Peak
13554,2873,192,26,469,169,658,208,250,161,1826,Aspen,Vanet,Comanche Peak
13555,2368,142,21,30,8,467,245,230,103,1298,Ponderosa Pine,Vanet,Cache la Poudre
13556,2371,287,17,95,35,201,171,237,205,731,Ponderosa Pine,Catacount,Cache la Poudre
13557,2842,201,23,404,141,698,204,253,173,1891,Aspen,Vanet,Comanche Peak
13558,2862,201,23,525,30,819,203,253,173,1723,Aspen,Vanet,Comanche Peak
13559,2884,240,11,426,52,836,198,250,188,1657,Aspen,Vanet,Comanche Peak
13560,3490,62,17,534,56,2739,232,204,99,1871,Spruce_Fir,Cryorthents,Rawah
13561,3323,93,10,319,62,992,236,225,120,1208,Krummholz,Leighcan,Comanche Peak
13562,2840,200,23,497,144,819,205,253,172,1782,Aspen,Vanet,Comanche Peak
13563,2888,23,7,319,56,800,216,225,145,1477,Aspen,Catacount,Comanche Peak
13564,2356,176,19,30,1,366,226,247,144,977,Ponderosa Pine,Vanet,Cache la Poudre
13565,3255,71,18,180,40,1831,237,203,90,2320,Spruce_Fir,Leighcan,Rawah
13566,2877,50,15,342,89,1509,226,207,111,2839,Spruce_Fir,Catacount,Comanche Peak
13567,2888,48,7,319,56,824,223,225,137,1500,Aspen,Catacount,Comanche Peak
13568,2364,0,4,0,0,541,213,232,156,1358,Ponderosa Pine,Cryaquolis,Cache la Poudre
13569,3315,116,14,277,54,1052,244,226,107,1224,Krummholz,Leighcan,Comanche Peak
13570,2730,88,7,0,0,488,231,228,129,2473,Aspen,Cryaquolis,Comanche Peak
13571,2823,225,16,443,128,872,196,253,190,1831,Aspen,Vanet,Comanche Peak
13572,2888,47,9,319,62,849,223,221,132,1524,Aspen,Catacount,Comanche Peak
13573,2356,359,16,30,10,390,195,210,151,942,Ponderosa Pine,Cryaquolis,Cache la Poudre
13574,2730,30,8,30,0,514,218,223,140,2431,Aspen,Cryaquolis,Comanche Peak
13575,2811,223,16,402,116,886,198,253,189,1873,Aspen,Vanet,Comanche Peak
13576,2389,141,27,30,5,510,247,221,83,1284,Ponderosa Pine,Vanet,Cache la Poudre
13577,2496,300,13,192,29,30,183,234,191,511,Ponderosa Pine,Vanet,Cache la Poudre
13578,3034,44,14,180,5,1687,222,209,118,1187,Spruce_Fir,Catacount,Comanche Peak
13579,2867,275,19,379,35,987,164,240,214,1801,Aspen,Vanet,Comanche Peak
13580,2788,229,13,323,93,912,199,252,188,1956,Aspen,Vanet,Comanche Peak
13581,2949,108,12,42,-3,379,240,226,114,1265,Spruce_Fir,Legault,Rawah
13582,2936,92,16,60,-9,323,244,213,93,1209,Spruce_Fir,Legault,Rawah
13583,2799,83,10,150,26,828,235,222,119,2694,Lodgepole Pine,Catacount,Comanche Peak
13584,2759,54,6,0,0,671,224,226,137,2509,Aspen,Cryaquolis,Comanche Peak
13585,3348,23,23,390,133,2059,199,183,112,2067,Spruce_Fir,Leighcan,Rawah
13586,2764,37,2,0,0,726,219,234,151,2527,Aspen,Cryaquolis,Comanche Peak
13587,2748,191,21,170,50,875,215,251,161,1984,Aspen,Vanet,Comanche Peak
13588,2681,133,9,309,73,499,235,236,131,153,Ponderosa Pine,Vanet,Comanche Peak
13589,2474,272,16,242,60,180,177,243,205,700,Ponderosa Pine,Catacount,Cache la Poudre
13590,2751,237,16,190,56,939,191,252,196,1926,Aspen,Vanet,Comanche Peak
13591,2805,31,10,313,17,1032,218,219,136,1230,Spruce_Fir,Catacount,Comanche Peak
13592,2731,102,15,371,-10,721,243,220,102,360,Douglas-fir,Vanet,Comanche Peak
13593,2699,143,11,430,-24,671,236,238,130,180,Ponderosa Pine,Vanet,Comanche Peak
13594,2537,340,12,324,68,60,195,223,166,540,Lodgepole Pine,Vanet,Cache la Poudre
13595,3475,36,25,750,260,2420,209,175,89,1806,Spruce_Fir,Cryorthents,Rawah
13596,3077,68,18,268,1,1831,236,201,90,1015,Spruce_Fir,Catacount,Comanche Peak
13597,2931,53,10,350,57,1900,226,218,126,2554,Lodgepole Pine,Catacount,Comanche Peak
13598,2778,77,11,30,5,841,234,219,115,2567,Aspen,Cryaquolis,Comanche Peak
13599,2835,216,20,309,151,1100,195,254,189,1825,Aspen,Vanet,Comanche Peak
13600,2738,91,14,335,-3,752,241,218,104,391,Douglas-fir,Vanet,Comanche Peak
13601,2707,82,11,379,-17,725,235,220,115,242,Douglas-fir,Vanet,Comanche Peak
13602,2695,111,11,402,-27,698,238,229,119,182,Douglas-fir,Vanet,Comanche Peak
13603,2685,130,11,430,-35,674,238,234,125,124,Douglas-fir,Vanet,Comanche Peak
13604,2436,295,20,108,22,306,161,231,208,828,Ponderosa Pine,Catacount,Cache la Poudre
13605,3339,142,8,134,13,1293,232,238,138,1560,Spruce_Fir,Leighcan,Comanche Peak
13606,3148,27,12,162,13,1746,215,215,135,700,Spruce_Fir,Catacount,Comanche Peak
13607,2814,205,20,256,126,1100,203,254,178,1806,Aspen,Vanet,Comanche Peak
13608,2826,52,13,339,38,1090,226,211,116,1381,Lodgepole Pine,Catacount,Comanche Peak
13609,3259,285,17,150,38,3878,171,238,206,1392,Krummholz,Legault,Rawah
13610,3082,288,12,319,77,2576,186,239,192,1741,Lodgepole Pine,Catacount,Comanche Peak
13611,2787,63,8,0,0,907,228,223,128,2547,Aspen,Cryaquolis,Comanche Peak
13612,2732,52,8,0,0,760,225,223,132,2114,Aspen,Cryaquolis,Comanche Peak
13613,2729,39,10,0,0,765,221,219,132,2097,Aspen,Cryaquolis,Comanche Peak
13614,2720,216,18,90,25,997,198,254,187,1861,Aspen,Vanet,Comanche Peak
13615,2806,200,25,242,123,1140,202,252,172,1771,Aspen,Vanet,Comanche Peak
13616,2806,90,4,247,23,940,226,233,143,845,Ponderosa Pine,Vanet,Comanche Peak
13617,2706,59,17,335,-15,765,230,203,101,228,Lodgepole Pine,Catacount,Comanche Peak
13618,2688,52,11,376,-28,731,226,215,122,150,Lodgepole Pine,Catacount,Comanche Peak
13619,2649,141,10,376,45,573,235,238,133,175,Douglas-fir,Vanet,Comanche Peak
13620,3218,353,27,339,93,4412,165,183,149,1544,Spruce_Fir,Leighcan,Rawah
13621,2918,39,9,30,9,2010,221,219,133,2116,Spruce_Fir,Cryaquolis,Comanche Peak
13622,2702,212,15,42,7,984,206,253,179,1855,Spruce_Fir,Vanet,Comanche Peak
13623,3219,30,20,108,41,4176,209,191,110,1405,Krummholz,Leighcan,Rawah
13624,3094,2,7,212,33,2408,210,226,154,2084,Lodgepole Pine,Catacount,Comanche Peak
13625,3015,4,7,30,0,1980,211,226,153,3097,Lodgepole Pine,Catacount,Comanche Peak
13626,2954,47,8,335,73,2029,223,222,133,2497,Lodgepole Pine,Catacount,Comanche Peak
13627,2797,85,8,30,4,990,232,227,128,2551,Aspen,Catacount,Comanche Peak
13628,2520,36,14,420,154,876,218,207,122,1368,Ponderosa Pine,Catacount,Cache la Poudre
13629,2468,23,27,134,77,569,193,171,102,1087,Ponderosa Pine,Catacount,Cache la Poudre
13630,2452,305,29,90,38,350,129,210,215,914,Ponderosa Pine,Catacount,Cache la Poudre
13631,2925,349,8,0,0,2070,205,226,160,2135,Spruce_Fir,Cryaquolis,Comanche Peak
13632,2919,111,6,454,138,1200,230,234,137,1766,Lodgepole Pine,Catacount,Comanche Peak
13633,2733,63,11,228,12,872,230,218,120,324,Lodgepole Pine,Catacount,Comanche Peak
13634,3247,288,21,30,11,3985,156,233,215,1283,Krummholz,Leighcan,Rawah
13635,3069,95,29,212,-43,570,251,183,39,1544,Spruce_Fir,Legault,Rawah
13636,3101,108,5,376,24,2620,229,234,138,1889,Spruce_Fir,Catacount,Comanche Peak
13637,2765,203,25,170,82,1275,198,252,176,1642,Aspen,Vanet,Comanche Peak
13638,2739,203,26,127,58,1328,197,252,176,1583,Aspen,Vanet,Comanche Peak
13639,2539,19,9,488,169,987,214,220,143,1262,Ponderosa Pine,Catacount,Cache la Poudre
13640,2779,39,7,0,0,972,221,225,140,2143,Aspen,Cryaquolis,Comanche Peak
13641,2770,171,13,30,5,1158,229,245,146,949,Ponderosa Pine,Vanet,Comanche Peak
13642,3313,164,7,182,17,3900,227,242,149,2442,Krummholz,Leighcan,Rawah
13643,3085,122,12,306,47,693,240,230,118,1643,Spruce_Fir,Legault,Rawah
13644,2734,135,10,30,-1,1092,236,236,130,711,Ponderosa Pine,Catacount,Comanche Peak
13645,3067,153,1,150,-1,2343,220,238,155,2028,Lodgepole Pine,Catacount,Comanche Peak
13646,2759,135,7,0,0,1207,231,237,138,942,Aspen,Catacount,Comanche Peak
13647,2657,135,17,458,69,661,244,231,110,469,Ponderosa Pine,Vanet,Comanche Peak
13648,2950,25,15,30,9,2280,212,207,129,2133,Spruce_Fir,Cryaquolis,Comanche Peak
13649,2901,166,9,518,113,1410,228,244,148,1624,Lodgepole Pine,Catacount,Comanche Peak
13650,2783,42,11,60,2,1292,222,216,128,1120,Lodgepole Pine,Catacount,Comanche Peak
13651,3306,87,5,85,4,3833,227,232,140,2348,Krummholz,Leighcan,Rawah
13652,3183,96,31,426,131,1031,251,179,32,1846,Spruce_Fir,Legault,Rawah
13653,2881,352,12,216,-2,1549,199,220,158,2835,Lodgepole Pine,Catacount,Comanche Peak
13654,3285,57,10,0,0,3877,227,219,125,2148,Krummholz,Leighcan,Rawah
13655,2552,23,8,30,1,331,216,223,144,1226,Douglas-fir,Cryaquolis,Comanche Peak
13656,2541,103,8,0,0,212,233,230,130,1338,Douglas-fir,Cryaquolis,Comanche Peak
13657,3400,69,19,67,8,3654,236,198,85,2735,Krummholz,Cryorthents,Rawah
13658,3235,36,11,30,0,3985,219,216,131,1848,Krummholz,Leighcan,Rawah
13659,3202,292,4,0,0,4157,207,239,170,1556,Krummholz,Cryaquolis,Rawah
13660,2675,91,10,0,0,1450,236,224,119,1414,Aspen,Catacount,Comanche Peak
13661,2583,16,4,362,22,488,216,231,152,768,Aspen,Cryaquolis,Comanche Peak
13662,3242,318,21,150,40,4186,160,215,193,1403,Krummholz,Leighcan,Rawah
13663,2684,207,8,0,0,1146,215,247,168,579,Aspen,Vanet,Comanche Peak
13664,2539,34,10,60,4,150,219,218,134,1482,Douglas-fir,Catacount,Comanche Peak
13665,3336,42,18,0,0,3644,220,199,108,2423,Krummholz,Cryorthents,Rawah
13666,3330,23,17,0,0,3653,208,202,127,2395,Krummholz,Cryorthents,Rawah
13667,3120,343,10,309,46,2030,200,225,163,2419,Lodgepole Pine,Catacount,Comanche Peak
13668,2707,114,16,30,8,1441,246,222,99,1383,Aspen,Vanet,Comanche Peak
13669,2689,12,18,67,7,1542,200,202,135,1319,Aspen,Catacount,Comanche Peak
13670,3362,108,6,541,77,1800,231,233,136,1909,Spruce_Fir,Leighcan,Rawah
13671,2732,150,23,42,15,1396,242,232,106,1425,Aspen,Vanet,Comanche Peak
13672,2591,19,21,153,43,350,199,190,121,1315,Douglas-fir,Catacount,Comanche Peak
13673,2557,37,18,95,24,216,216,197,110,1477,Douglas-fir,Catacount,Comanche Peak
13674,3366,62,18,42,7,3560,233,199,92,2486,Krummholz,Cryorthents,Rawah
13675,2605,51,6,459,-34,743,223,226,138,741,Aspen,Cryaquolis,Comanche Peak
13676,2599,20,23,180,51,342,198,185,116,1355,Douglas-fir,Catacount,Comanche Peak
13677,3420,217,26,430,110,3591,182,253,196,854,Spruce_Fir,Leighcan,Rawah
13678,3308,99,16,395,23,1579,244,217,98,2093,Spruce_Fir,Leighcan,Rawah
13679,3104,139,9,134,23,1507,234,237,134,2984,Spruce_Fir,Cryaquolis,Comanche Peak
13680,2614,61,10,395,-25,807,228,220,124,738,Aspen,Cryaquolis,Comanche Peak
13681,2632,340,13,382,73,579,192,221,167,977,Ponderosa Pine,Catacount,Comanche Peak
13682,3355,217,10,297,38,3773,209,250,176,785,Spruce_Fir,Leighcan,Rawah
13683,2734,347,19,108,28,1590,180,206,162,1237,Aspen,Catacount,Comanche Peak
13684,2633,135,7,182,-6,990,231,237,138,700,Aspen,Vanet,Comanche Peak
13685,3371,358,8,85,16,3510,208,225,155,2343,Krummholz,Cryaquolis,Rawah
13686,2632,344,3,240,-7,960,213,234,159,742,Aspen,Cryaquolis,Comanche Peak
13687,2644,0,8,362,91,607,208,225,154,1106,Ponderosa Pine,Vanet,Comanche Peak
13688,2867,56,21,120,2,170,229,190,84,859,Spruce_Fir,Legault,Rawah
13689,2763,105,8,0,0,1410,234,230,128,1682,Aspen,Cryaquolis,Comanche Peak
13690,2727,355,11,67,9,1544,202,221,156,1282,Aspen,Catacount,Comanche Peak
13691,2732,328,16,95,16,1570,181,220,178,1250,Aspen,Catacount,Comanche Peak
13692,2573,58,23,108,37,335,229,184,75,1597,Douglas-fir,Catacount,Comanche Peak
13693,2562,58,22,85,26,331,230,187,79,1624,Douglas-fir,Catacount,Comanche Peak
13694,2543,61,17,42,10,331,232,202,96,1668,Douglas-fir,Catacount,Comanche Peak
13695,2975,39,23,120,-3,443,214,183,94,1123,Spruce_Fir,Legault,Rawah
13696,2636,319,5,210,-3,1022,208,235,167,794,Aspen,Cryaquolis,Comanche Peak
13697,2648,344,6,488,89,702,208,230,161,1041,Ponderosa Pine,Vanet,Comanche Peak
13698,2646,49,13,283,110,433,225,211,118,1456,Douglas-fir,Vanet,Comanche Peak
13699,2569,57,23,108,33,361,229,184,77,1638,Douglas-fir,Catacount,Comanche Peak
13700,3110,90,4,192,41,1320,226,233,143,2947,Lodgepole Pine,Catacount,Comanche Peak
13701,2737,348,10,124,10,1599,201,223,161,1231,Aspen,Catacount,Comanche Peak
13702,2623,163,13,0,0,1231,232,243,140,815,Aspen,Vanet,Comanche Peak
13703,2576,54,23,127,43,391,227,184,78,1652,Douglas-fir,Catacount,Comanche Peak
13704,2566,52,23,108,33,390,225,184,81,1640,Douglas-fir,Catacount,Comanche Peak
13705,3382,0,5,150,13,3406,212,230,156,2279,Krummholz,Cryaquolis,Rawah
13706,3666,102,20,994,411,2613,249,210,81,1129,Spruce_Fir,Cryorthents,Rawah
13707,3304,54,10,342,45,2503,226,218,125,1434,Krummholz,Leighcan,Comanche Peak
13708,2757,39,21,283,92,1814,215,188,99,1034,Lodgepole Pine,Catacount,Comanche Peak
13709,2518,0,14,120,9,309,199,213,151,1425,Douglas-fir,Catacount,Comanche Peak
13710,2464,90,1,0,0,30,221,236,151,1266,Douglas-fir,Catacount,Comanche Peak
13711,3383,15,5,190,14,3388,216,230,152,2242,Krummholz,Cryaquolis,Rawah
13712,3452,74,22,598,167,2121,240,193,73,1543,Spruce_Fir,Cryorthents,Rawah
13713,2750,20,15,180,15,1633,208,206,132,1218,Aspen,Catacount,Comanche Peak
13714,2787,17,17,295,74,1775,204,203,132,1048,Aspen,Catacount,Comanche Peak
13715,2650,127,5,446,102,616,228,237,143,1364,Ponderosa Pine,Vanet,Comanche Peak
13716,3077,2,31,300,90,2689,160,165,129,2522,Lodgepole Pine,Catacount,Comanche Peak
13717,3021,357,33,300,16,2249,150,161,134,3007,Lodgepole Pine,Catacount,Comanche Peak
13718,2768,336,19,212,35,1682,174,210,174,1158,Aspen,Catacount,Comanche Peak
13719,2726,216,24,330,118,1793,189,254,191,1429,Lodgepole Pine,Vanet,Comanche Peak
13720,2623,165,29,120,0,1381,231,234,113,924,Ponderosa Pine,Vanet,Comanche Peak
13721,2600,184,25,0,0,1284,217,247,148,904,Aspen,Vanet,Comanche Peak
13722,2655,175,8,443,127,679,225,245,153,1338,Ponderosa Pine,Vanet,Comanche Peak
13723,2483,86,10,90,-2,175,235,223,119,1254,Ponderosa Pine,Catacount,Comanche Peak
13724,3441,48,18,30,-1,3256,224,197,101,2460,Krummholz,Cryaquolis,Rawah
13725,3423,36,24,90,-2,3273,211,181,95,2401,Krummholz,Cryorthents,Rawah
13726,2786,42,7,30,-4,1593,222,224,137,1698,Aspen,Cryaquolis,Comanche Peak
13727,2786,6,5,42,0,1591,214,230,154,1673,Aspen,Cryaquolis,Comanche Peak
13728,2779,308,14,256,44,1733,180,230,190,1099,Aspen,Catacount,Comanche Peak
13729,2590,162,30,60,-20,1350,233,232,107,942,Ponderosa Pine,Vanet,Comanche Peak
13730,3472,100,35,42,19,3194,251,169,0,2571,Krummholz,Cryorthents,Rawah
13731,3258,90,10,150,19,2667,236,224,118,1605,Krummholz,Leighcan,Comanche Peak
13732,2802,39,16,376,86,1853,219,203,115,966,Aspen,Catacount,Comanche Peak
13733,2605,127,17,190,42,1489,246,226,102,1006,Ponderosa Pine,Vanet,Comanche Peak
13734,2478,6,9,120,16,153,210,223,151,1158,Douglas-fir,Catacount,Comanche Peak
13735,3138,65,27,124,-14,912,233,175,57,1273,Spruce_Fir,Legault,Rawah
13736,3357,77,16,335,37,2563,239,209,96,1537,Krummholz,Leighcan,Comanche Peak
13737,2776,0,14,295,35,1746,198,212,151,1126,Aspen,Catacount,Comanche Peak
13738,2800,329,21,313,65,1788,164,210,182,1050,Aspen,Catacount,Comanche Peak
13739,2804,340,19,323,71,1800,177,210,169,1032,Aspen,Catacount,Comanche Peak
13740,3448,331,2,30,3,3178,213,236,160,2412,Krummholz,Cryaquolis,Rawah
13741,3508,113,22,811,223,2383,251,211,77,1261,Spruce_Fir,Cryorthents,Rawah
13742,3308,99,17,212,23,2672,246,215,92,1601,Krummholz,Leighcan,Comanche Peak
13743,2832,93,4,30,-2,1718,226,233,142,1892,Aspen,Cryaquolis,Comanche Peak
13744,2599,70,11,295,71,601,232,218,117,1506,Douglas-fir,Vanet,Comanche Peak
13745,3277,92,14,124,8,2729,241,217,103,1661,Krummholz,Leighcan,Comanche Peak
13746,2657,166,26,162,73,1836,231,238,121,1282,Ponderosa Pine,Vanet,Comanche Peak
13747,2574,157,19,210,36,1101,238,239,123,1148,Ponderosa Pine,Vanet,Comanche Peak
13748,2597,213,25,182,69,1006,189,254,189,1250,Ponderosa Pine,Vanet,Comanche Peak
13749,2607,228,21,258,77,853,185,254,200,1425,Ponderosa Pine,Vanet,Comanche Peak
13750,2827,319,20,424,84,1889,166,218,191,977,Aspen,Catacount,Comanche Peak
13751,2835,24,11,457,99,1934,214,215,136,900,Aspen,Catacount,Comanche Peak
13752,2970,103,18,192,42,480,247,214,89,785,Spruce_Fir,Legault,Rawah
13753,3370,276,5,150,10,1567,207,241,173,914,Krummholz,Leighcan,Comanche Peak
13754,3373,268,7,162,9,1597,202,243,179,895,Krummholz,Leighcan,Comanche Peak
13755,2584,179,13,175,46,1215,225,248,152,1172,Ponderosa Pine,Vanet,Comanche Peak
13756,2546,54,15,376,60,511,227,206,108,1158,Douglas-fir,Vanet,Comanche Peak
13757,3185,65,9,726,104,1237,229,222,126,2393,Spruce_Fir,Catacount,Comanche Peak
13758,2607,222,12,382,93,787,205,251,181,1573,Ponderosa Pine,Vanet,Comanche Peak
13759,2918,2,6,661,287,702,211,228,154,511,Lodgepole Pine,Catacount,Comanche Peak
13760,3366,325,4,150,12,1485,210,235,163,934,Krummholz,Leighcan,Comanche Peak
13761,3394,294,8,319,28,1782,197,238,181,741,Krummholz,Leighcan,Comanche Peak
13762,3304,57,13,30,7,2867,228,213,116,1797,Krummholz,Leighcan,Comanche Peak
13763,2585,171,25,30,10,1848,228,242,131,1328,Ponderosa Pine,Vanet,Comanche Peak
13764,2579,167,26,0,0,1800,231,239,122,1304,Ponderosa Pine,Vanet,Comanche Peak
13765,2602,223,23,234,90,900,184,254,199,1575,Ponderosa Pine,Vanet,Comanche Peak
13766,3421,324,14,525,52,2024,183,224,180,618,Krummholz,Leighcan,Comanche Peak
13767,2822,120,9,330,56,2093,236,233,128,732,Lodgepole Pine,Catacount,Comanche Peak
13768,3272,65,12,127,-2,2980,231,216,116,1917,Krummholz,Leighcan,Comanche Peak
13769,3209,89,14,268,44,3060,240,217,104,2054,Spruce_Fir,Catacount,Comanche Peak
13770,2679,96,12,30,6,2285,239,223,113,674,Aspen,Vanet,Comanche Peak
13771,2598,36,10,30,1,2173,219,218,133,1301,Spruce_Fir,Catacount,Comanche Peak
13772,2560,240,13,30,11,1381,196,250,191,1269,Ponderosa Pine,Cryaquolis,Comanche Peak
13773,3505,92,22,902,220,2506,248,201,71,1113,Spruce_Fir,Cryorthents,Rawah
13774,3395,321,6,350,35,1736,204,234,169,703,Krummholz,Leighcan,Comanche Peak
13775,3423,78,7,481,74,2685,229,228,132,1364,Krummholz,Leighcan,Comanche Peak
13776,2845,349,10,582,82,2032,202,224,160,924,Aspen,Catacount,Comanche Peak
13777,3035,119,24,42,-2,648,252,212,73,793,Spruce_Fir,Legault,Rawah
13778,2713,76,6,0,0,2370,228,229,136,524,Aspen,Catacount,Comanche Peak
13779,2707,102,8,0,0,2363,234,230,128,541,Aspen,Catacount,Comanche Peak
13780,2551,198,7,0,0,1431,218,246,163,1328,Douglas-fir,Cryaquolis,Comanche Peak
13781,3375,60,13,124,26,2873,230,212,113,1579,Krummholz,Leighcan,Comanche Peak
13782,2870,342,12,582,104,2116,195,222,166,816,Aspen,Catacount,Comanche Peak
13783,2696,45,10,60,-6,2382,223,218,129,551,Aspen,Catacount,Comanche Peak
13784,2538,0,14,42,4,1300,199,213,151,1443,Ponderosa Pine,Catacount,Comanche Peak
13785,3481,91,18,875,196,2476,245,208,85,1154,Spruce_Fir,Cryorthents,Rawah
13786,3291,80,24,300,12,1663,244,189,62,1742,Spruce_Fir,Leighcan,Rawah
13787,3398,61,12,247,49,2852,230,215,117,1468,Krummholz,Leighcan,Comanche Peak
13788,2847,25,21,362,81,2230,205,189,114,616,Lodgepole Pine,Catacount,Comanche Peak
13789,2553,124,14,319,57,895,242,229,114,1207,Ponderosa Pine,Vanet,Comanche Peak
13790,2551,172,11,319,97,708,228,245,148,997,Ponderosa Pine,Vanet,Comanche Peak
13791,3413,319,14,484,54,1819,182,226,183,573,Krummholz,Leighcan,Comanche Peak
13792,3361,56,20,90,12,2992,229,193,89,1664,Krummholz,Leighcan,Comanche Peak
13793,3306,64,12,162,-13,3085,231,215,114,1868,Krummholz,Leighcan,Comanche Peak
13794,3282,88,14,234,-22,3115,240,216,103,1973,Krummholz,Leighcan,Comanche Peak
13795,2868,12,10,696,94,2139,210,220,146,886,Aspen,Catacount,Comanche Peak
13796,2610,42,20,212,67,1663,219,191,99,1415,Lodgepole Pine,Catacount,Comanche Peak
13797,2549,23,23,120,29,1260,201,185,112,1570,Ponderosa Pine,Catacount,Comanche Peak
13798,2520,33,16,30,4,1173,215,205,121,1641,Ponderosa Pine,Catacount,Comanche Peak
13799,2538,206,23,108,34,1064,199,254,180,1584,Ponderosa Pine,Vanet,Comanche Peak
13800,3471,89,17,872,186,2468,244,210,89,1176,Spruce_Fir,Cryorthents,Rawah
13801,3397,47,11,216,48,2931,224,217,126,1476,Krummholz,Leighcan,Comanche Peak
13802,3350,45,9,124,1,3046,223,220,132,1698,Krummholz,Leighcan,Comanche Peak
13803,2887,332,12,607,121,2201,191,224,172,767,Aspen,Catacount,Comanche Peak
13804,2888,0,11,579,122,2210,203,219,153,741,Aspen,Catacount,Comanche Peak
13805,2715,13,16,120,2,2478,203,207,138,443,Aspen,Catacount,Comanche Peak
13806,2570,13,24,150,40,1321,188,182,123,1572,Ponderosa Pine,Catacount,Comanche Peak
13807,2537,163,15,277,82,757,233,243,136,957,Ponderosa Pine,Vanet,Comanche Peak
13808,3350,76,8,162,1,3086,230,226,128,1708,Krummholz,Leighcan,Comanche Peak
13809,2734,43,15,150,21,2520,221,205,115,379,Aspen,Catacount,Comanche Peak
13810,2650,79,16,108,27,2410,239,210,96,1110,Lodgepole Pine,Catacount,Comanche Peak
13811,2629,338,16,190,33,2250,183,216,170,1572,Lodgepole Pine,Catacount,Comanche Peak
13812,3446,126,4,799,161,2379,227,237,145,1291,Spruce_Fir,Cryorthents,Rawah
13813,3432,313,21,552,79,1813,159,219,198,534,Krummholz,Leighcan,Comanche Peak
13814,2882,325,11,741,116,2226,191,227,176,847,Aspen,Catacount,Comanche Peak
13815,2751,45,15,190,38,2550,223,206,114,335,Aspen,Catacount,Comanche Peak
13816,2594,14,19,210,59,1368,198,196,131,1627,Ponderosa Pine,Catacount,Comanche Peak
13817,3417,66,9,595,138,2101,229,223,127,1590,Spruce_Fir,Cryorthents,Rawah
13818,3373,311,10,376,39,1482,193,233,180,836,Krummholz,Leighcan,Comanche Peak
13819,3385,322,11,426,50,1566,192,229,177,752,Krummholz,Leighcan,Comanche Peak
13820,3328,82,14,256,-20,3180,239,214,103,1758,Krummholz,Leighcan,Comanche Peak
13821,2897,331,18,698,131,2271,176,215,178,780,Aspen,Catacount,Comanche Peak
13822,2901,335,16,671,135,2279,181,216,173,752,Aspen,Catacount,Comanche Peak
13823,2906,349,12,618,140,2296,197,219,160,698,Aspen,Catacount,Comanche Peak
13824,2507,252,6,30,3,1177,207,244,176,1538,Ponderosa Pine,Cryaquolis,Comanche Peak
13825,2519,194,18,60,22,1136,214,252,165,1398,Ponderosa Pine,Vanet,Comanche Peak
13826,2522,130,14,242,36,977,242,231,115,1101,Ponderosa Pine,Vanet,Comanche Peak
13827,2623,1,13,295,86,1458,201,215,151,1699,Ponderosa Pine,Catacount,Comanche Peak
13828,2456,116,6,30,2,808,231,234,137,700,Ponderosa Pine,Vanet,Comanche Peak
13829,3207,285,5,558,23,888,205,240,174,1920,Spruce_Fir,Catacount,Comanche Peak
13830,3419,45,18,335,70,3109,222,198,104,1399,Krummholz,Leighcan,Comanche Peak
13831,2627,26,8,297,111,1448,216,222,142,1749,Douglas-fir,Vanet,Comanche Peak
13832,2499,69,6,30,1,1224,226,228,136,1366,Douglas-fir,Cryaquolis,Comanche Peak
13833,2500,42,13,60,3,1253,222,211,122,1357,Douglas-fir,Cryaquolis,Comanche Peak
13834,2506,188,15,85,20,1146,220,250,159,1159,Ponderosa Pine,Vanet,Comanche Peak
13835,3402,326,17,516,76,1570,177,219,181,765,Krummholz,Leighcan,Comanche Peak
13836,3437,38,11,402,88,3153,220,216,129,1343,Krummholz,Cryorthents,Comanche Peak
13837,2654,57,11,0,0,2608,228,217,121,1061,Lodgepole Pine,Cryaquolis,Comanche Peak
13838,2667,112,7,42,-2,1950,232,233,133,1697,Ponderosa Pine,Catacount,Comanche Peak
13839,2625,81,10,300,106,1466,233,223,121,1828,Douglas-fir,Vanet,Comanche Peak
13840,2583,51,12,192,76,1383,226,213,119,1666,Douglas-fir,Catacount,Comanche Peak
13841,3383,315,18,458,74,1451,169,222,192,908,Krummholz,Leighcan,Comanche Peak
13842,3244,30,15,150,39,3511,214,206,124,2250,Spruce_Fir,Catacount,Comanche Peak
13843,2687,135,5,120,9,2105,229,238,143,1768,Ponderosa Pine,Catacount,Comanche Peak
13844,3209,72,26,323,40,1295,239,179,55,1290,Krummholz,Legault,Rawah
13845,3281,39,15,300,116,3510,219,207,119,2098,Krummholz,Leighcan,Comanche Peak
13846,3262,41,18,210,68,3540,219,197,106,2184,Spruce_Fir,Catacount,Comanche Peak
13847,3198,90,24,285,29,1273,248,195,62,1261,Krummholz,Legault,Rawah
13848,2708,33,5,451,30,2376,219,229,147,1621,Douglas-fir,Catacount,Comanche Peak
13849,2704,63,3,391,26,2333,222,233,146,1681,Douglas-fir,Catacount,Comanche Peak
13850,2586,47,20,216,76,1443,222,193,97,1589,Douglas-fir,Vanet,Comanche Peak
13851,2488,58,14,30,3,1296,230,209,109,1208,Douglas-fir,Vanet,Comanche Peak
13852,3249,84,16,319,80,1397,241,212,97,1383,Krummholz,Legault,Rawah
13853,2843,49,22,306,171,1226,223,188,89,769,Aspen,Catacount,Comanche Peak
13854,3263,342,13,108,31,3600,193,220,166,2460,Spruce_Fir,Catacount,Comanche Peak
13855,2621,110,13,362,76,1571,242,226,111,1820,Ponderosa Pine,Vanet,Comanche Peak
13856,2508,305,32,108,53,743,116,204,219,551,Douglas-fir,Catacount,Comanche Peak
13857,3426,110,11,768,193,2106,239,228,118,1642,Krummholz,Cryaquolis,Rawah
13858,3286,95,13,408,120,1550,240,221,110,1535,Krummholz,Leighcan,Rawah
13859,2870,352,16,408,198,1127,189,210,157,671,Aspen,Catacount,Comanche Peak
13860,2850,63,26,295,178,1237,232,179,63,780,Aspen,Catacount,Comanche Peak
13861,2784,264,32,313,135,1907,124,235,239,1383,Lodgepole Pine,Catacount,Comanche Peak
13862,3405,275,15,577,110,1539,179,243,202,870,Krummholz,Leighcan,Comanche Peak
13863,2602,59,12,268,92,1499,229,214,116,1578,Ponderosa Pine,Vanet,Comanche Peak
13864,2471,174,5,30,-3,1047,223,242,155,902,Ponderosa Pine,Vanet,Comanche Peak
13865,2467,324,6,0,0,841,204,233,168,674,Douglas-fir,Cryaquolis,Comanche Peak
13866,2856,75,28,285,184,1249,240,176,47,792,Aspen,Catacount,Comanche Peak
13867,3387,297,9,569,99,1482,195,237,182,960,Krummholz,Leighcan,Comanche Peak
13868,3417,39,18,540,68,3400,218,198,110,1461,Krummholz,Leighcan,Comanche Peak
13869,2701,22,11,242,23,2278,213,217,139,1860,Douglas-fir,Catacount,Comanche Peak
13870,2673,171,7,120,26,1907,226,244,151,1866,Douglas-fir,Vanet,Comanche Peak
13871,2651,60,17,228,12,1837,231,202,99,1889,Douglas-fir,Catacount,Comanche Peak
13872,3417,108,9,703,184,2089,237,229,123,1651,Krummholz,Cryaquolis,Rawah
13873,2813,96,30,190,141,1343,251,182,36,886,Aspen,Catacount,Comanche Peak
13874,3390,311,10,553,51,1500,193,233,180,962,Krummholz,Leighcan,Comanche Peak
13875,2695,29,10,162,16,2208,217,219,137,1930,Douglas-fir,Catacount,Comanche Peak
13876,2680,31,11,120,9,2105,217,215,132,1902,Aspen,Catacount,Comanche Peak
13877,2610,121,7,297,-11,1772,232,234,135,1950,Douglas-fir,Catacount,Comanche Peak
13878,2615,105,9,283,70,1650,236,229,123,1809,Ponderosa Pine,Vanet,Comanche Peak
13879,2596,202,12,242,51,1599,214,251,169,1690,Ponderosa Pine,Vanet,Comanche Peak
13880,2602,166,8,240,80,1566,227,243,149,1600,Ponderosa Pine,Vanet,Comanche Peak
13881,3474,117,6,907,241,2389,231,234,136,1397,Krummholz,Cryaquolis,Rawah
13882,3367,111,20,532,134,1805,250,214,84,1772,Krummholz,Leighcan,Rawah
13883,2671,278,5,108,28,1939,206,241,173,1931,Douglas-fir,Vanet,Comanche Peak
13884,2473,47,9,42,3,1008,223,220,131,883,Douglas-fir,Cryaquolis,Comanche Peak
13885,2891,319,16,420,219,1142,176,224,187,708,Aspen,Catacount,Comanche Peak
13886,2736,22,9,503,108,2567,214,220,141,1535,Aspen,Catacount,Comanche Peak
13887,2612,90,15,234,-9,1839,242,214,98,2001,Douglas-fir,Catacount,Comanche Peak
13888,2557,313,24,192,91,649,150,214,201,495,Douglas-fir,Catacount,Comanche Peak
13889,3458,149,10,824,225,2343,234,240,137,1471,Krummholz,Cryaquolis,Rawah
13890,3438,78,15,726,205,2226,238,211,100,1521,Krummholz,Leighcan,Rawah
13891,3404,135,6,595,171,2052,229,237,142,1597,Krummholz,Cryaquolis,Rawah
13892,3224,79,25,175,58,1426,243,186,58,1377,Krummholz,Legault,Rawah
13893,3089,178,9,458,63,2249,224,246,154,1579,Lodgepole Pine,Catacount,Comanche Peak
13894,3403,306,10,466,64,1556,192,235,183,972,Krummholz,Leighcan,Comanche Peak
13895,3415,292,14,454,76,1602,181,237,196,912,Krummholz,Leighcan,Comanche Peak
13896,3479,69,7,684,130,3435,228,226,131,1224,Krummholz,Cryorthents,Comanche Peak
13897,2745,357,5,430,98,2652,212,231,156,1448,Aspen,Catacount,Comanche Peak
13898,2696,24,11,210,25,2182,214,216,137,1991,Douglas-fir,Catacount,Comanche Peak
13899,2646,86,27,170,24,1897,247,183,47,2018,Douglas-fir,Vanet,Comanche Peak
13900,2886,90,28,330,214,1249,249,182,42,816,Aspen,Catacount,Comanche Peak
13901,3153,212,4,90,18,916,216,244,165,1633,Spruce_Fir,Cryaquolis,Comanche Peak
13902,3480,68,7,713,131,3463,227,226,133,1216,Krummholz,Cryorthents,Comanche Peak
13903,2744,324,4,362,87,2737,209,235,164,1362,Aspen,Catacount,Comanche Peak
13904,2748,13,9,497,110,2631,211,221,146,1511,Lodgepole Pine,Catacount,Comanche Peak
13905,2695,37,10,162,41,2162,220,219,133,2014,Douglas-fir,Catacount,Comanche Peak
13906,2536,318,7,108,31,1179,202,234,172,1082,Ponderosa Pine,Catacount,Comanche Peak
13907,3467,85,10,722,118,3520,235,222,118,1324,Krummholz,Cryorthents,Comanche Peak
13908,2703,34,10,228,49,2218,219,218,134,2048,Douglas-fir,Catacount,Comanche Peak
13909,2898,88,22,360,226,1243,246,199,71,830,Aspen,Catacount,Comanche Peak
13910,3467,148,9,755,118,3501,232,240,139,1289,Krummholz,Cryorthents,Comanche Peak
13911,2653,82,13,85,7,2148,237,217,108,2070,Douglas-fir,Catacount,Comanche Peak
13912,2554,160,11,67,9,1717,231,242,141,1680,Ponderosa Pine,Vanet,Comanche Peak
13913,2520,344,12,42,4,1371,195,221,164,1290,Douglas-fir,Cryaquolis,Comanche Peak
13914,3367,126,21,446,134,2002,250,220,87,1539,Krummholz,Leighcan,Rawah
13915,3428,157,14,552,126,2140,235,241,134,426,Krummholz,Leighcan,Comanche Peak
13916,3412,196,7,175,19,2864,219,246,162,458,Krummholz,Cryorthents,Comanche Peak
13917,2756,357,16,361,72,2843,192,209,152,1318,Aspen,Catacount,Comanche Peak
13918,2613,43,10,30,4,2117,222,219,131,2108,Douglas-fir,Catacount,Comanche Peak
13919,2627,211,20,30,5,2047,200,254,183,2121,Ponderosa Pine,Cryaquolis,Comanche Peak
13920,3335,134,31,384,102,1956,250,209,62,1548,Krummholz,Leighcan,Rawah
13921,3268,128,12,285,70,1624,239,233,122,1558,Lodgepole Pine,Legault,Rawah
13922,3371,353,13,760,100,1234,196,216,157,1677,Krummholz,Leighcan,Comanche Peak
13923,3397,175,9,240,0,2442,225,245,153,300,Krummholz,Leighcan,Comanche Peak
13924,3398,187,8,0,0,2711,221,246,159,424,Krummholz,Leighcan,Comanche Peak
13925,3334,11,15,395,95,3270,203,207,139,2379,Krummholz,Catacount,Comanche Peak
13926,2767,351,12,450,90,2800,199,220,159,1412,Aspen,Catacount,Comanche Peak
13927,2608,82,11,95,14,1976,235,220,115,2041,Douglas-fir,Vanet,Comanche Peak
13928,2538,337,22,95,14,1348,167,204,174,1291,Douglas-fir,Catacount,Comanche Peak
13929,2551,344,15,150,35,1273,188,214,164,1201,Douglas-fir,Catacount,Comanche Peak
13930,2570,119,18,283,134,300,248,222,95,190,Ponderosa Pine,Vanet,Comanche Peak
13931,2848,316,17,162,50,3187,172,223,190,446,Lodgepole Pine,Catacount,Comanche Peak
13932,2773,355,10,492,96,2801,203,222,157,1448,Aspen,Catacount,Comanche Peak
13933,2533,97,4,30,-3,1489,226,234,143,1473,Douglas-fir,Cryaquolis,Comanche Peak
13934,3372,344,16,874,101,1195,186,213,165,1905,Krummholz,Leighcan,Comanche Peak
13935,3386,351,14,787,47,1315,195,215,158,1630,Krummholz,Leighcan,Comanche Peak
13936,3351,20,13,451,112,3210,210,211,135,2345,Krummholz,Catacount,Comanche Peak
13937,2534,329,10,67,-2,1449,197,229,171,1445,Douglas-fir,Catacount,Comanche Peak
13938,2571,317,12,335,101,700,187,229,182,641,Douglas-fir,Vanet,Comanche Peak
13939,3136,90,14,216,-32,1224,241,216,101,1114,Lodgepole Pine,Legault,Rawah
13940,3043,39,13,1218,245,2899,220,210,122,1064,Lodgepole Pine,Catacount,Comanche Peak
13941,2780,358,5,424,68,2949,211,230,156,1319,Aspen,Catacount,Comanche Peak
13942,3363,125,31,402,130,2112,253,201,50,1381,Krummholz,Leighcan,Rawah
13943,3412,359,9,430,73,1560,206,223,155,1300,Krummholz,Leighcan,Comanche Peak
13944,3409,104,2,234,70,1718,222,236,150,1075,Krummholz,Leighcan,Comanche Peak
13945,3383,162,12,390,19,2347,231,243,142,457,Krummholz,Leighcan,Comanche Peak
13946,3382,184,10,362,18,2398,222,247,157,437,Krummholz,Leighcan,Comanche Peak
13947,3095,52,16,1318,226,2911,227,203,105,1328,Lodgepole Pine,Catacount,Comanche Peak
13948,2873,342,8,268,75,3273,205,229,163,553,Lodgepole Pine,Catacount,Comanche Peak
13949,2816,63,16,120,37,3270,232,205,100,757,Lodgepole Pine,Leighcan,Comanche Peak
13950,2559,125,9,42,5,1756,236,234,128,1809,Ponderosa Pine,Vanet,Comanche Peak
13951,3388,190,7,134,-4,2911,220,245,160,424,Krummholz,Leighcan,Comanche Peak
13952,3425,172,13,990,76,3354,228,246,147,1112,Krummholz,Cryorthents,Comanche Peak
13953,3378,36,15,543,139,3121,218,207,121,2251,Krummholz,Leighcan,Comanche Peak
13954,3242,139,9,170,2,2917,234,238,135,765,Spruce_Fir,Cryaquolis,Rawah
13955,3283,91,15,242,50,1999,242,215,99,1425,Krummholz,Leighcan,Rawah
13956,3216,337,5,277,35,376,208,232,163,1236,Spruce_Fir,Cryaquolis,Comanche Peak
13957,3382,166,12,366,128,2208,230,244,144,618,Krummholz,Leighcan,Comanche Peak
13958,3425,203,12,990,76,3245,214,250,170,1350,Krummholz,Leighcan,Comanche Peak
13959,2578,117,15,30,-6,1937,245,225,105,2024,Douglas-fir,Cryaquolis,Comanche Peak
13960,2559,345,5,108,12,1566,209,231,160,1638,Aspen,Vanet,Comanche Peak
13961,3315,92,21,313,82,2093,247,203,75,1345,Krummholz,Leighcan,Rawah
13962,3235,22,3,175,11,150,218,233,153,1237,Spruce_Fir,Catacount,Comanche Peak
13963,3411,334,12,815,72,1423,192,224,171,1622,Krummholz,Leighcan,Comanche Peak
13964,3425,16,9,371,86,1650,212,222,146,1273,Krummholz,Leighcan,Comanche Peak
13965,2885,28,9,351,87,3363,217,220,138,624,Lodgepole Pine,Catacount,Comanche Peak
13966,2810,26,9,283,48,3204,216,220,140,1140,Lodgepole Pine,Catacount,Comanche Peak
13967,3405,348,13,1022,66,1320,194,217,161,1786,Krummholz,Leighcan,Comanche Peak
13968,3372,180,5,30,0,2768,222,243,156,591,Krummholz,Leighcan,Comanche Peak
13969,3373,197,6,0,0,2821,219,245,162,571,Krummholz,Leighcan,Comanche Peak
13970,2590,202,5,503,120,679,218,244,163,698,Ponderosa Pine,Vanet,Comanche Peak
13971,3270,88,19,182,37,2012,245,205,82,1379,Krummholz,Leighcan,Rawah
13972,3413,349,13,990,74,1359,195,218,161,1745,Krummholz,Leighcan,Comanche Peak
13973,3429,22,10,272,90,1752,214,218,140,1167,Krummholz,Leighcan,Comanche Peak
13974,3350,115,22,42,11,1910,251,213,78,1015,Krummholz,Leighcan,Comanche Peak
13975,3364,216,4,162,0,2605,215,244,165,571,Krummholz,Leighcan,Comanche Peak
13976,3372,200,7,67,-3,2888,218,246,164,514,Krummholz,Leighcan,Comanche Peak
13977,3404,156,10,1138,55,3290,232,241,140,992,Krummholz,Leighcan,Comanche Peak
13978,3171,146,15,957,21,3121,239,237,123,2672,Lodgepole Pine,Catacount,Comanche Peak
13979,2559,315,6,85,3,1652,205,235,170,1771,Douglas-fir,Vanet,Comanche Peak
13980,3195,72,5,0,0,2608,226,230,138,920,Spruce_Fir,Cryaquolis,Rawah
13981,3368,177,4,30,-1,2850,222,242,156,577,Krummholz,Leighcan,Comanche Peak
13982,3233,139,13,658,19,2995,239,236,124,3059,Lodgepole Pine,Catacount,Comanche Peak
13983,3262,85,19,153,29,2014,244,203,81,1358,Krummholz,Leighcan,Rawah
13984,3073,270,11,60,16,1500,192,244,192,1682,Spruce_Fir,Cryaquolis,Comanche Peak
13985,3319,210,32,108,35,2143,177,249,187,836,Krummholz,Leighcan,Comanche Peak
13986,3339,207,28,162,85,2188,191,252,182,816,Krummholz,Leighcan,Comanche Peak
13987,3387,210,8,564,119,3449,214,248,169,150,Spruce_Fir,Catacount,Comanche Peak
13988,3404,214,7,1140,55,3093,214,247,169,1385,Krummholz,Leighcan,Comanche Peak
13989,2585,29,11,30,3,1900,216,216,134,2047,Douglas-fir,Vanet,Comanche Peak
13990,2564,344,7,134,2,1637,206,229,162,1783,Aspen,Vanet,Comanche Peak
13991,2530,128,14,339,75,361,243,230,113,492,Ponderosa Pine,Vanet,Comanche Peak
13992,3432,343,9,962,93,1423,202,227,163,1677,Krummholz,Leighcan,Comanche Peak
13993,3448,0,7,514,109,1693,210,228,155,1290,Krummholz,Cryorthents,Comanche Peak
13994,3448,0,7,484,109,1708,210,228,155,1266,Krummholz,Cryorthents,Comanche Peak
13995,3447,10,7,395,108,1756,213,227,151,1195,Krummholz,Cryorthents,Comanche Peak
13996,3391,156,9,1084,189,3208,231,241,142,1001,Krummholz,Leighcan,Comanche Peak
13997,3403,200,6,1170,192,3055,218,246,163,1418,Krummholz,Leighcan,Comanche Peak
13998,3343,128,17,787,104,2916,246,227,105,2554,Spruce_Fir,Catacount,Comanche Peak
13999,2587,27,13,67,5,1865,214,212,132,2024,Douglas-fir,Catacount,Comanche Peak
14000,2579,31,11,150,7,1747,217,216,133,1907,Douglas-fir,Catacount,Comanche Peak
14001,2573,104,4,361,26,1339,226,234,143,1500,Aspen,Vanet,Comanche Peak
14002,2880,250,35,295,129,2481,126,239,237,741,Lodgepole Pine,Catacount,Comanche Peak
14003,2992,261,9,0,0,2070,199,245,185,1307,Spruce_Fir,Leighcan,Comanche Peak
14004,3453,358,7,666,114,1650,209,227,156,1399,Krummholz,Cryorthents,Comanche Peak
14005,3358,229,9,60,7,2672,207,248,178,691,Krummholz,Leighcan,Comanche Peak
14006,3406,170,12,800,167,2888,229,245,147,2138,Krummholz,Leighcan,Comanche Peak
14007,2939,53,11,787,141,3255,227,215,121,793,Lodgepole Pine,Catacount,Comanche Peak
14008,3457,7,8,612,118,1704,211,225,151,1333,Krummholz,Cryorthents,Comanche Peak
14009,2577,36,4,319,23,1442,220,230,147,1632,Aspen,Vanet,Comanche Peak
14010,2843,59,25,256,121,1844,230,181,70,757,Aspen,Catacount,Comanche Peak
14011,3299,97,29,60,5,2123,252,186,41,799,Krummholz,Leighcan,Comanche Peak
14012,3267,210,30,108,26,2270,183,251,187,702,Krummholz,Leighcan,Comanche Peak
14013,3298,211,26,162,38,2357,190,253,187,671,Krummholz,Leighcan,Comanche Peak
14014,3345,228,13,30,-5,2682,200,252,187,641,Krummholz,Leighcan,Comanche Peak
14015,3378,155,12,992,176,3140,234,241,137,990,Krummholz,Leighcan,Comanche Peak
14016,2674,103,23,162,35,2297,251,204,68,2542,Ponderosa Pine,Catacount,Comanche Peak
14017,2624,302,12,30,11,2117,186,234,189,2307,Douglas-fir,Catacount,Comanche Peak
14018,2576,45,3,382,24,1377,220,233,150,1584,Aspen,Vanet,Comanche Peak
14019,3175,150,10,85,-4,2407,233,240,137,966,Spruce_Fir,Cryaquolis,Rawah
14020,2846,74,25,247,124,1855,240,184,59,732,Aspen,Catacount,Comanche Peak
14021,3260,102,27,30,-2,2186,253,193,50,741,Krummholz,Leighcan,Comanche Peak
14022,3345,157,7,150,-20,2971,228,241,146,604,Krummholz,Leighcan,Comanche Peak
14023,3233,128,13,577,117,2783,241,231,117,3303,Lodgepole Pine,Catacount,Comanche Peak
14024,2767,145,8,228,37,2611,231,239,140,2100,Aspen,Catacount,Comanche Peak
14025,3237,190,8,30,-3,2270,220,247,160,671,Krummholz,Leighcan,Comanche Peak
14026,2615,27,11,212,11,1842,215,217,137,2060,Douglas-fir,Catacount,Comanche Peak
14027,2578,58,4,424,22,1366,223,230,143,1605,Aspen,Vanet,Comanche Peak
14028,2823,99,24,180,101,1934,251,199,62,649,Aspen,Catacount,Comanche Peak
14029,3313,216,13,60,-5,2620,207,252,179,541,Krummholz,Leighcan,Comanche Peak
14030,3321,210,12,0,0,2689,211,251,174,543,Krummholz,Leighcan,Comanche Peak
14031,2861,99,19,270,139,1865,248,210,82,680,Aspen,Catacount,Comanche Peak
14032,3330,93,31,162,67,2174,250,177,0,743,Krummholz,Leighcan,Comanche Peak
14033,2977,0,16,696,179,3030,195,209,150,878,Lodgepole Pine,Catacount,Comanche Peak
14034,2850,97,23,240,128,1905,250,200,65,638,Aspen,Catacount,Comanche Peak
14035,2836,91,24,210,114,1932,248,194,61,618,Aspen,Catacount,Comanche Peak
14036,3289,240,19,0,0,2569,181,252,205,503,Krummholz,Leighcan,Comanche Peak
14037,3354,174,12,1087,115,2713,227,246,150,1900,Krummholz,Leighcan,Comanche Peak
14038,2586,41,10,492,22,1355,221,219,132,1639,Aspen,Catacount,Comanche Peak
14039,3127,186,13,182,6,2084,221,249,158,641,Spruce_Fir,Leighcan,Rawah
14040,3256,93,26,95,16,2297,250,191,53,618,Krummholz,Leighcan,Comanche Peak
14041,3368,174,7,990,166,2780,224,244,153,1529,Krummholz,Leighcan,Comanche Peak
14042,3243,120,22,558,127,2631,251,215,81,2732,Spruce_Fir,Catacount,Comanche Peak
14043,2736,145,12,67,6,2467,237,238,130,2215,Aspen,Catacount,Comanche Peak
14044,2656,348,18,42,9,2063,183,207,160,2440,Douglas-fir,Catacount,Comanche Peak
14045,2634,15,14,351,26,1742,207,210,138,2012,Douglas-fir,Catacount,Comanche Peak
14046,3211,210,23,488,-21,2089,195,254,184,1008,Lodgepole Pine,Legault,Rawah
14047,3338,180,12,789,136,2925,224,247,154,1115,Krummholz,Catacount,Comanche Peak
14048,3177,180,13,306,61,2580,224,248,153,3123,Lodgepole Pine,Catacount,Comanche Peak
14049,2741,93,10,95,11,2493,236,225,120,2173,Aspen,Catacount,Comanche Peak
14050,2837,110,19,242,118,1947,249,215,87,573,Aspen,Catacount,Comanche Peak
14051,2669,346,18,42,11,2059,183,209,163,2514,Douglas-fir,Catacount,Comanche Peak
14052,2546,87,9,466,43,1050,233,226,125,1415,Aspen,Cryaquolis,Comanche Peak
14053,2653,91,9,361,36,1789,235,226,122,2156,Douglas-fir,Vanet,Comanche Peak
14054,2644,108,6,430,29,1739,231,233,136,2072,Douglas-fir,Vanet,Comanche Peak
14055,3312,206,11,277,44,3174,213,250,171,607,Spruce_Fir,Leighcan,Comanche Peak
14056,3327,168,12,1106,145,2565,230,245,145,1937,Krummholz,Leighcan,Comanche Peak
14057,2794,119,24,124,75,2069,252,212,73,446,Lodgepole Pine,Catacount,Comanche Peak
14058,3013,270,12,95,14,1848,189,244,194,1412,Spruce_Fir,Cryaquolis,Comanche Peak
14059,3131,270,1,488,67,1187,215,239,161,1099,Spruce_Fir,Cryaquolis,Comanche Peak
14060,3319,175,13,1104,145,2530,227,247,149,1974,Krummholz,Catacount,Comanche Peak
14061,2674,80,4,297,38,1813,225,232,142,2290,Ponderosa Pine,Vanet,Comanche Peak
14062,2868,71,33,153,68,752,235,157,27,677,Lodgepole Pine,Legault,Rawah
14063,3310,181,10,1150,194,2482,223,247,156,2098,Krummholz,Catacount,Comanche Peak
14064,3310,174,10,1090,194,2475,226,245,152,2155,Krummholz,Catacount,Comanche Peak
14065,2889,47,23,335,164,1897,221,184,86,618,Aspen,Catacount,Comanche Peak
14066,3093,177,19,277,20,2431,225,247,146,3378,Lodgepole Pine,Catacount,Comanche Peak
14067,2595,47,8,360,56,1320,223,223,135,1724,Lodgepole Pine,Vanet,Comanche Peak
14068,2830,90,32,180,105,2055,249,173,28,457,Aspen,Catacount,Comanche Peak
14069,3417,86,46,342,186,2405,234,120,0,607,Krummholz,Leighcan,Comanche Peak
14070,3244,145,8,258,44,3037,231,239,140,277,Spruce_Fir,Leighcan,Comanche Peak
14071,3219,127,9,603,103,2377,236,234,128,2642,Spruce_Fir,Catacount,Comanche Peak
14072,3072,178,22,331,41,2423,224,246,143,3175,Lodgepole Pine,Catacount,Comanche Peak
14073,3044,156,22,391,63,1849,239,236,116,1482,Spruce_Fir,Legault,Rawah
14074,2934,51,28,360,209,1926,221,169,66,618,Aspen,Catacount,Comanche Peak
14075,3233,190,13,366,33,3192,219,250,161,418,Spruce_Fir,Leighcan,Comanche Peak
14076,3304,173,17,541,102,2846,228,246,144,1018,Lodgepole Pine,Cryorthents,Comanche Peak
14077,3035,128,15,420,68,2563,244,229,110,2750,Lodgepole Pine,Catacount,Comanche Peak
14078,2829,192,13,674,99,2792,218,250,163,1871,Ponderosa Pine,Catacount,Comanche Peak
14079,2941,89,28,360,216,1944,248,183,44,612,Aspen,Catacount,Comanche Peak
14080,2827,91,34,180,102,2089,248,166,17,437,Aspen,Catacount,Comanche Peak
14081,2822,162,18,631,92,2725,235,242,131,1936,Ponderosa Pine,Vanet,Comanche Peak
14082,2679,104,9,295,-18,1824,236,229,124,2553,Douglas-fir,Vanet,Comanche Peak
14083,2668,123,15,324,-21,1782,244,228,110,2498,Douglas-fir,Vanet,Comanche Peak
14084,2866,92,32,240,141,2058,249,172,25,488,Aspen,Catacount,Comanche Peak
14085,2810,296,21,300,-36,2591,157,229,210,175,Spruce_Fir,Catacount,Comanche Peak
14086,3220,195,5,451,72,792,219,244,160,499,Spruce_Fir,Catacount,Comanche Peak
14087,3441,238,10,789,241,2140,201,249,185,1027,Krummholz,Leighcan,Comanche Peak
14088,2577,180,20,256,42,1431,223,248,148,2058,Ponderosa Pine,Vanet,Comanche Peak
14089,3104,233,12,150,40,1503,200,251,186,1129,Spruce_Fir,Cryaquolis,Comanche Peak
14090,2918,216,12,1006,123,2582,207,252,179,1354,Lodgepole Pine,Cryorthents,Comanche Peak
14091,2717,132,13,300,6,1987,241,233,120,2661,Douglas-fir,Vanet,Comanche Peak
14092,3151,31,11,60,0,1736,217,216,133,277,Spruce_Fir,Cryaquolis,Rawah
14093,2835,276,29,319,-24,2646,130,231,233,182,Spruce_Fir,Catacount,Comanche Peak
14094,3262,255,7,641,28,630,203,245,180,649,Spruce_Fir,Catacount,Comanche Peak
14095,3332,307,2,750,130,778,213,237,163,1138,Krummholz,Catacount,Comanche Peak
14096,2920,194,12,642,76,2659,218,250,164,1786,Aspen,Catacount,Comanche Peak
14097,2986,156,16,931,189,2605,236,240,129,1414,Lodgepole Pine,Cryorthents,Comanche Peak
14098,2681,150,8,301,96,1829,230,240,142,2672,Douglas-fir,Vanet,Comanche Peak
14099,2578,171,17,150,39,1275,230,245,141,1915,Ponderosa Pine,Vanet,Comanche Peak
14100,3225,79,24,300,21,1981,243,189,62,800,Spruce_Fir,Leighcan,Rawah
14101,3007,98,15,458,262,1888,244,217,99,780,Aspen,Catacount,Comanche Peak
14102,3323,5,11,525,89,721,206,219,150,1653,Krummholz,Catacount,Comanche Peak
14103,3413,191,11,779,207,1989,220,249,162,1200,Krummholz,Leighcan,Comanche Peak
14104,2915,169,12,582,71,2619,229,245,145,1849,Aspen,Catacount,Comanche Peak
14105,2943,84,31,342,199,1996,246,172,32,661,Aspen,Catacount,Comanche Peak
14106,2889,105,28,277,148,2063,253,192,46,571,Aspen,Catacount,Comanche Peak
14107,2862,112,28,228,120,2109,254,198,51,511,Aspen,Catacount,Comanche Peak
14108,3286,322,6,658,96,696,205,234,168,725,Spruce_Fir,Catacount,Comanche Peak
14109,3375,269,12,840,118,1048,189,244,195,2190,Spruce_Fir,Catacount,Comanche Peak
14110,2900,220,12,1082,234,2491,206,251,181,1436,Aspen,Cryorthents,Comanche Peak
14111,2525,147,16,85,16,1057,239,237,123,1719,Ponderosa Pine,Vanet,Comanche Peak
14112,3338,172,2,603,43,924,220,239,156,1377,Krummholz,Catacount,Comanche Peak
14113,2837,106,20,638,208,2652,249,211,81,1874,Ponderosa Pine,Catacount,Comanche Peak
14114,2751,129,16,457,117,2617,245,229,107,2079,Aspen,Catacount,Comanche Peak
14115,2541,185,15,60,2,1167,222,249,156,1921,Ponderosa Pine,Vanet,Comanche Peak
14116,3335,200,6,589,40,966,218,245,163,1283,Krummholz,Catacount,Comanche Peak
14117,2884,146,22,967,107,2437,244,230,102,1470,Aspen,Catacount,Comanche Peak
14118,2653,185,27,180,68,1776,214,247,149,2750,Ponderosa Pine,Vanet,Comanche Peak
14119,2657,180,26,182,73,1729,219,246,143,2697,Ponderosa Pine,Vanet,Comanche Peak
14120,2839,111,31,170,95,2167,254,189,36,524,Aspen,Catacount,Comanche Peak
14121,3323,75,46,153,123,2754,225,114,0,400,Krummholz,Leighcan,Comanche Peak
14122,2774,127,14,469,145,2670,243,230,112,2038,Ponderosa Pine,Catacount,Comanche Peak
14123,3195,11,20,150,20,1624,194,195,133,331,Spruce_Fir,Leighcan,Rawah
14124,2898,121,39,228,153,2122,251,176,13,618,Aspen,Catacount,Comanche Peak
14125,2882,133,39,216,137,2140,248,190,31,626,Aspen,Catacount,Comanche Peak
14126,3068,13,3,85,4,1906,216,233,154,1292,Spruce_Fir,Leighcan,Comanche Peak
14127,3353,283,8,480,42,841,199,241,181,1657,Krummholz,Catacount,Comanche Peak
14128,3401,197,13,666,201,2321,216,251,166,912,Spruce_Fir,Catacount,Comanche Peak
14129,2942,151,27,376,191,1928,242,227,96,837,Aspen,Catacount,Comanche Peak
14130,2893,205,13,234,34,2371,212,252,172,2270,Lodgepole Pine,Catacount,Comanche Peak
14131,2875,145,11,361,33,2397,236,238,131,2067,Aspen,Catacount,Comanche Peak
14132,2876,127,27,819,98,2326,253,210,66,1595,Aspen,Catacount,Comanche Peak
14133,2868,129,28,212,123,2105,252,211,67,674,Aspen,Catacount,Comanche Peak
14134,2856,124,30,190,110,2135,254,202,53,646,Aspen,Catacount,Comanche Peak
14135,3348,8,8,516,19,750,211,223,150,2192,Krummholz,Catacount,Comanche Peak
14136,2921,260,22,837,255,2290,162,246,219,1674,Aspen,Catacount,Comanche Peak
14137,2840,104,23,558,207,2462,251,204,68,1981,Ponderosa Pine,Catacount,Comanche Peak
14138,2669,125,15,212,35,2352,244,228,108,2356,Aspen,Vanet,Comanche Peak
14139,2663,147,17,210,29,2324,240,236,119,2377,Aspen,Vanet,Comanche Peak
14140,2554,34,7,0,0,1273,219,225,142,2364,Douglas-fir,Cryaquolis,Comanche Peak
14141,3004,315,6,212,22,2735,204,235,170,685,Spruce_Fir,Catacount,Comanche Peak
14142,3010,75,17,108,14,1966,238,207,94,3450,Spruce_Fir,Catacount,Comanche Peak
14143,2846,237,8,859,83,2250,206,247,178,1654,Aspen,Cryaquolis,Comanche Peak
14144,2868,293,12,859,188,2250,185,237,192,1667,Aspen,Catacount,Comanche Peak
14145,2858,137,25,726,79,2240,249,222,86,1687,Aspen,Catacount,Comanche Peak
14146,2837,133,19,757,59,2233,247,227,100,1682,Aspen,Catacount,Comanche Peak
14147,2849,263,12,845,84,2220,189,246,196,1687,Aspen,Cryaquolis,Comanche Peak
14148,2799,100,21,450,166,2443,249,206,74,2082,Ponderosa Pine,Catacount,Comanche Peak
14149,2651,184,24,90,44,1945,218,248,150,2713,Ponderosa Pine,Vanet,Comanche Peak
14150,2879,144,16,247,128,2011,241,235,119,792,Aspen,Catacount,Comanche Peak
14151,2855,100,24,162,110,2101,251,199,62,711,Aspen,Catacount,Comanche Peak
14152,3033,43,16,180,17,1892,221,204,113,3532,Spruce_Fir,Catacount,Comanche Peak
14153,2924,173,29,680,258,2224,224,239,126,1812,Krummholz,Vanet,Comanche Peak
14154,2676,158,20,175,47,2430,237,239,123,2335,Ponderosa Pine,Catacount,Comanche Peak
14155,2633,164,27,60,26,1905,233,235,114,2755,Ponderosa Pine,Vanet,Comanche Peak
14156,2872,157,16,242,121,2010,236,241,130,805,Aspen,Catacount,Comanche Peak
14157,2866,143,16,212,115,2040,241,235,117,778,Aspen,Catacount,Comanche Peak
14158,3355,265,3,323,29,878,213,240,166,2010,Krummholz,Catacount,Comanche Peak
14159,3262,229,5,805,131,1860,213,244,169,2356,Spruce_Fir,Catacount,Comanche Peak
14160,2847,129,23,659,69,2185,250,219,84,1749,Aspen,Catacount,Comanche Peak
14161,2825,216,8,731,53,2165,212,248,172,1740,Aspen,Cryaquolis,Comanche Peak
14162,2831,236,7,752,66,2162,208,246,176,1741,Aspen,Cryaquolis,Comanche Peak
14163,2634,130,15,90,0,2279,243,230,112,2461,Aspen,Vanet,Comanche Peak
14164,3184,30,23,350,122,1236,207,184,104,319,Spruce_Fir,Leighcan,Rawah
14165,3346,201,8,270,35,969,217,247,165,1771,Spruce_Fir,Catacount,Comanche Peak
14166,2884,33,8,30,3,2210,219,222,139,2701,Lodgepole Pine,Catacount,Comanche Peak
14167,2648,140,19,95,19,2353,244,231,108,2420,Ponderosa Pine,Vanet,Comanche Peak
14168,2617,122,15,85,13,2045,244,227,107,2656,Ponderosa Pine,Vanet,Comanche Peak
14169,3024,314,25,552,74,2964,145,212,202,499,Spruce_Fir,Catacount,Comanche Peak
14170,3351,221,5,256,23,942,214,244,167,1982,Krummholz,Catacount,Comanche Peak
14171,3353,237,5,268,24,938,211,244,170,2012,Krummholz,Catacount,Comanche Peak
14172,2825,131,17,624,48,2121,245,229,106,1806,Aspen,Catacount,Comanche Peak
14173,2870,173,30,573,204,2148,222,238,125,1917,Krummholz,Vanet,Comanche Peak
14174,2625,79,8,30,-8,2230,231,225,126,2524,Douglas-fir,Cryaquolis,Comanche Peak
14175,2594,328,19,85,6,1650,171,214,182,2897,Douglas-fir,Catacount,Comanche Peak
14176,2616,7,16,120,33,1571,199,206,142,2888,Douglas-fir,Catacount,Comanche Peak
14177,3355,249,4,258,21,964,211,242,170,2044,Krummholz,Catacount,Comanche Peak
14178,2834,127,23,566,56,2101,251,219,83,1842,Aspen,Catacount,Comanche Peak
14179,3108,236,23,67,26,2731,173,253,210,1292,Lodgepole Pine,Catacount,Comanche Peak
14180,3128,67,9,485,102,1681,229,222,125,3482,Spruce_Fir,Leighcan,Comanche Peak
14181,2813,253,10,618,56,2046,198,247,187,1860,Aspen,Cryaquolis,Comanche Peak
14182,2905,290,22,655,204,2040,155,231,214,1875,Aspen,Catacount,Comanche Peak
14183,3180,334,11,90,13,1310,194,225,170,153,Spruce_Fir,Cryaquolis,Comanche Peak
14184,3268,185,9,210,40,1243,222,246,158,1006,Spruce_Fir,Leighcan,Comanche Peak
14185,3321,222,7,150,10,1140,211,247,172,1630,Krummholz,Leighcan,Comanche Peak
14186,3346,72,8,350,24,997,230,224,127,2616,Krummholz,Catacount,Comanche Peak
14187,3077,214,14,0,0,2784,206,253,180,1222,Lodgepole Pine,Cryaquolis,Comanche Peak
14188,2902,99,11,180,15,2112,238,225,117,2870,Lodgepole Pine,Catacount,Comanche Peak
14189,2836,184,11,0,0,2075,223,248,157,2432,Aspen,Cryaquolis,Comanche Peak
14190,2820,275,18,604,59,2014,170,242,210,1890,Aspen,Cryaquolis,Comanche Peak
14191,2616,89,11,30,0,2144,237,222,115,2631,Douglas-fir,Cryaquolis,Comanche Peak
14192,2875,288,28,618,174,1980,132,225,227,1926,Aspen,Catacount,Comanche Peak
14193,3329,255,5,90,11,1148,209,243,172,1756,Krummholz,Leighcan,Comanche Peak
14194,3344,279,5,127,5,1090,207,240,172,1994,Krummholz,Catacount,Comanche Peak
14195,2630,329,24,95,21,1897,155,203,184,2678,Douglas-fir,Catacount,Comanche Peak
14196,2656,342,23,190,53,1616,166,199,168,2744,Douglas-fir,Catacount,Comanche Peak
14197,3193,49,5,150,7,1354,222,229,143,190,Spruce_Fir,Cryaquolis,Comanche Peak
14198,2839,288,28,541,85,1922,130,223,228,1981,Aspen,Catacount,Comanche Peak
14199,2774,185,22,319,108,2021,218,249,153,2151,Lodgepole Pine,Catacount,Comanche Peak
14200,2623,344,16,90,12,2003,187,214,165,2631,Douglas-fir,Leighcan,Comanche Peak
14201,2630,335,21,95,19,1945,167,207,176,2639,Douglas-fir,Leighcan,Comanche Peak
14202,3267,28,15,616,208,1019,213,207,126,466,Spruce_Fir,Leighcan,Rawah
14203,3202,25,11,390,127,1001,215,216,137,680,Spruce_Fir,Leighcan,Rawah
14204,3311,262,7,30,0,1261,204,244,179,1618,Krummholz,Leighcan,Comanche Peak
14205,2809,162,13,30,4,2001,232,243,139,2356,Aspen,Catacount,Comanche Peak
14206,2795,175,9,430,38,1914,225,245,153,2016,Aspen,Cryaquolis,Comanche Peak
14207,2739,159,22,210,73,2120,237,237,118,2326,Ponderosa Pine,Vanet,Comanche Peak
14208,2720,144,23,190,72,2177,245,228,98,2388,Ponderosa Pine,Vanet,Comanche Peak
14209,2626,345,13,120,15,2052,193,218,164,2594,Douglas-fir,Leighcan,Comanche Peak
14210,2798,143,5,0,0,1994,227,239,145,2337,Aspen,Cryaquolis,Comanche Peak
14211,2646,335,25,150,35,1958,156,198,176,2575,Douglas-fir,Leighcan,Comanche Peak
14212,2796,214,2,0,0,1948,217,240,160,2321,Aspen,Cryaquolis,Comanche Peak
14213,2748,17,10,0,0,2024,212,219,144,1018,Lodgepole Pine,Cryaquolis,Comanche Peak
14214,2751,343,16,30,7,2233,185,213,166,882,Spruce_Fir,Cryaquolis,Comanche Peak
14215,3158,95,10,240,6,3048,237,225,118,977,Spruce_Fir,Catacount,Comanche Peak
14216,2814,28,5,60,-2,1889,218,230,148,2496,Aspen,Catacount,Comanche Peak
14217,2646,108,6,0,0,2215,231,233,136,2493,Douglas-fir,Cryaquolis,Comanche Peak
14218,2652,37,11,162,19,2177,219,215,129,2493,Douglas-fir,Catacount,Comanche Peak
14219,2653,343,21,212,42,2060,173,204,166,2502,Douglas-fir,Leighcan,Comanche Peak
14220,2710,334,30,242,99,1826,139,187,179,2536,Douglas-fir,Catacount,Comanche Peak
14221,2722,345,24,268,111,1768,164,194,163,2548,Douglas-fir,Catacount,Comanche Peak
14222,3220,82,14,247,66,3328,239,214,103,819,Spruce_Fir,Catacount,Comanche Peak
14223,2802,218,21,120,24,1860,193,254,191,2230,Lodgepole Pine,Catacount,Comanche Peak
14224,2851,233,24,390,106,1774,174,253,209,2130,Aspen,Catacount,Comanche Peak
14225,2744,123,20,277,64,1842,249,221,91,2248,Lodgepole Pine,Catacount,Comanche Peak
14226,2724,332,28,268,113,1819,144,192,180,2506,Douglas-fir,Catacount,Comanche Peak
14227,3348,292,10,134,14,1302,191,238,187,2001,Spruce_Fir,Catacount,Comanche Peak
14228,3162,111,17,295,8,3046,247,219,95,1003,Lodgepole Pine,Catacount,Comanche Peak
14229,3313,78,17,914,232,1434,240,206,91,3113,Spruce_Fir,Catacount,Comanche Peak
14230,2789,105,9,0,0,1850,236,229,123,2376,Aspen,Cryaquolis,Comanche Peak
14231,2674,330,24,85,30,2221,155,202,183,2430,Douglas-fir,Catacount,Comanche Peak
14232,2669,51,21,170,37,2190,225,189,88,2432,Douglas-fir,Catacount,Comanche Peak
14233,2714,322,24,272,103,1900,151,208,193,2461,Douglas-fir,Catacount,Comanche Peak
14234,3035,147,5,30,0,2639,227,239,147,1350,Lodgepole Pine,Cryaquolis,Comanche Peak
14235,2818,247,22,313,73,1719,169,250,214,2190,Aspen,Catacount,Comanche Peak
14236,3251,138,7,85,4,1739,232,238,138,2084,Spruce_Fir,Catacount,Comanche Peak
14237,2774,257,18,242,22,1702,174,248,211,2223,Aspen,Cryaquolis,Comanche Peak
14238,2649,283,3,0,0,2030,211,239,167,2385,Douglas-fir,Cryaquolis,Comanche Peak
14239,3217,25,20,108,7,2029,205,192,117,1772,Spruce_Fir,Leighcan,Comanche Peak
14240,2784,63,11,60,0,1756,230,218,121,2446,Aspen,Catacount,Comanche Peak
14241,2702,324,22,127,56,2132,160,211,188,2341,Douglas-fir,Catacount,Comanche Peak
14242,2778,0,3,30,1,1712,215,234,156,2420,Aspen,Cryaquolis,Comanche Peak
14243,2706,44,22,255,62,2145,219,187,92,2312,Douglas-fir,Catacount,Comanche Peak
14244,2749,302,17,361,54,1840,170,230,199,2348,Douglas-fir,Catacount,Comanche Peak
14245,3052,300,11,499,78,2905,188,235,188,1129,Spruce_Fir,Cryaquolis,Comanche Peak
14246,3178,39,23,95,24,2438,214,183,94,1490,Spruce_Fir,Leighcan,Comanche Peak
14247,2996,65,15,671,115,1679,233,207,102,2899,Lodgepole Pine,Catacount,Comanche Peak
14248,2747,235,21,108,8,1559,179,253,206,2375,Aspen,Cryaquolis,Comanche Peak
14249,2698,318,18,162,51,1944,170,221,189,2230,Douglas-fir,Catacount,Comanche Peak
14250,2755,333,20,424,115,1974,170,210,177,2233,Douglas-fir,Catacount,Comanche Peak
14251,3119,198,26,85,23,2993,202,251,169,1114,Spruce_Fir,Catacount,Comanche Peak
14252,2719,323,18,216,73,1959,173,219,185,2195,Douglas-fir,Catacount,Comanche Peak
14253,3290,327,14,323,62,1710,185,223,177,845,Spruce_Fir,Catacount,Comanche Peak
14254,2831,36,14,256,56,1595,218,207,122,2647,Lodgepole Pine,Catacount,Comanche Peak
14255,2687,317,11,60,-2,1572,191,231,179,2268,Aspen,Cryaquolis,Comanche Peak
14256,2752,357,14,335,100,2015,198,214,154,2130,Douglas-fir,Catacount,Comanche Peak
14257,2767,45,1,454,72,1945,219,236,155,2143,Douglas-fir,Catacount,Comanche Peak
14258,2991,39,15,760,155,1529,219,207,119,2768,Lodgepole Pine,Catacount,Comanche Peak
14259,3279,94,13,794,203,577,240,220,107,1182,Spruce_Fir,Leighcan,Rawah
14260,3108,246,11,309,-30,2588,197,249,190,618,Spruce_Fir,Catacount,Comanche Peak
14261,3239,165,11,30,-2,1087,230,244,144,1173,Spruce_Fir,Leighcan,Rawah
14262,3094,318,12,569,-10,2803,189,229,180,765,Spruce_Fir,Cryaquolis,Comanche Peak
14263,3233,4,12,779,43,2002,204,216,149,541,Spruce_Fir,Leighcan,Comanche Peak
14264,2840,270,37,120,69,2173,101,223,246,1410,Spruce_Fir,Catacount,Comanche Peak
14265,3079,130,22,297,81,1781,250,221,87,2205,Lodgepole Pine,Catacount,Comanche Peak
14266,2726,294,17,210,28,1463,168,233,204,2107,Aspen,Catacount,Comanche Peak
14267,2742,334,10,319,62,1590,197,227,169,2037,Ponderosa Pine,Catacount,Comanche Peak
14268,2745,329,11,342,68,1608,194,227,173,2030,Ponderosa Pine,Catacount,Comanche Peak
14269,3259,343,7,778,51,2018,205,229,162,607,Spruce_Fir,Catacount,Comanche Peak
14270,3274,26,8,731,48,2001,216,222,142,685,Spruce_Fir,Catacount,Comanche Peak
14271,2850,355,15,420,89,1290,193,211,155,2802,Lodgepole Pine,Catacount,Comanche Peak
14272,2714,334,10,277,19,1301,197,227,169,2041,Aspen,Cryaquolis,Comanche Peak
14273,2743,284,9,331,42,1374,195,241,185,1984,Aspen,Catacount,Comanche Peak
14274,3393,189,8,297,46,1899,221,246,160,2215,Spruce_Fir,Catacount,Comanche Peak
14275,3036,173,27,335,76,1811,225,241,130,2197,Lodgepole Pine,Catacount,Comanche Peak
14276,2738,23,8,0,0,1150,216,223,144,2222,Aspen,Cryaquolis,Comanche Peak
14277,2724,318,12,313,29,1288,187,229,181,2001,Aspen,Catacount,Comanche Peak
14278,2740,287,10,351,46,1333,193,240,187,1967,Aspen,Catacount,Comanche Peak
14279,2750,281,5,371,49,1381,206,240,173,1935,Aspen,Catacount,Comanche Peak
14280,2759,307,5,474,69,1468,207,237,169,1855,Ponderosa Pine,Catacount,Comanche Peak
14281,2851,259,28,162,70,2282,142,242,231,1584,Spruce_Fir,Catacount,Comanche Peak
14282,2877,53,5,0,0,1839,223,229,142,1921,Lodgepole Pine,Cryaquolis,Comanche Peak
14283,3012,119,6,30,-1,2984,231,235,137,1587,Spruce_Fir,Leighcan,Comanche Peak
14284,3063,243,14,212,46,1240,192,250,195,2725,Spruce_Fir,Catacount,Comanche Peak
14285,2750,295,5,0,0,990,206,238,172,2213,Aspen,Cryaquolis,Comanche Peak
14286,3355,315,16,872,63,2233,175,225,189,1020,Spruce_Fir,Catacount,Comanche Peak
14287,3348,262,11,30,8,2106,192,246,192,2131,Spruce_Fir,Catacount,Comanche Peak
14288,3191,15,17,376,119,3258,202,202,133,1622,Spruce_Fir,Catacount,Comanche Peak
14289,2757,39,3,30,1,904,220,232,149,2227,Aspen,Cryaquolis,Comanche Peak
14290,2905,241,35,175,124,2483,133,243,230,1736,Spruce_Fir,Catacount,Comanche Peak
14291,2759,23,2,0,0,878,218,235,154,2227,Aspen,Cryaquolis,Comanche Peak
14292,2936,222,23,0,0,1471,186,254,197,2574,Lodgepole Pine,Catacount,Comanche Peak
14293,3385,288,10,210,36,2221,193,239,186,2488,Krummholz,Leighcan,Comanche Peak
14294,3265,39,13,256,83,994,220,211,123,1682,Spruce_Fir,Leighcan,Rawah
14295,3036,309,13,511,91,2789,183,231,188,1744,Spruce_Fir,Catacount,Comanche Peak
14296,3410,326,7,362,37,2250,203,232,168,2655,Krummholz,Leighcan,Comanche Peak
14297,3149,15,5,30,2,323,215,229,150,1591,Spruce_Fir,Cryaquolis,Rawah
14298,3362,283,17,60,13,2290,171,239,207,2400,Krummholz,Leighcan,Comanche Peak
14299,3397,306,10,216,24,2280,191,234,183,2546,Krummholz,Leighcan,Comanche Peak
14300,3417,325,10,342,44,2310,196,230,173,2688,Krummholz,Leighcan,Comanche Peak
14301,3187,354,12,450,149,3561,200,218,156,1770,Spruce_Fir,Catacount,Comanche Peak
14302,3396,343,11,525,104,2560,199,224,164,1230,Spruce_Fir,Catacount,Comanche Peak
14303,3401,292,10,120,28,2432,191,238,187,2586,Krummholz,Leighcan,Comanche Peak
14304,3271,29,21,641,217,3664,208,190,111,1948,Spruce_Fir,Catacount,Comanche Peak
14305,2867,185,3,67,1,1489,220,241,157,2695,Lodgepole Pine,Cryaquolis,Comanche Peak
14306,3061,291,9,180,10,2908,194,239,184,601,Spruce_Fir,Cryaquolis,Comanche Peak
14307,3378,326,14,67,2,2502,183,223,179,2509,Krummholz,Leighcan,Comanche Peak
14308,3049,45,3,85,2,2782,220,232,149,902,Spruce_Fir,Cryaquolis,Comanche Peak
14309,3382,342,13,108,6,2534,193,221,166,2506,Krummholz,Leighcan,Comanche Peak
14310,3247,75,5,182,-7,752,227,230,137,1895,Spruce_Fir,Cryaquolis,Rawah
14311,3276,240,14,108,1,2903,193,251,194,577,Spruce_Fir,Leighcan,Comanche Peak
14312,3449,157,13,547,80,2700,234,241,136,1616,Spruce_Fir,Leighcan,Comanche Peak
14313,3292,189,6,60,10,2889,221,245,159,730,Spruce_Fir,Leighcan,Comanche Peak
14314,3376,337,10,255,11,2614,197,225,167,2431,Krummholz,Leighcan,Comanche Peak
14315,3053,40,11,446,78,2252,221,215,127,2361,Spruce_Fir,Leighcan,Comanche Peak
14316,3183,119,24,335,144,3540,252,211,73,2190,Spruce_Fir,Catacount,Comanche Peak
14317,3250,155,31,450,205,3781,238,225,93,2266,Spruce_Fir,Catacount,Comanche Peak
14318,2957,270,33,430,26,2053,119,230,240,1103,Lodgepole Pine,Cryaquolis,Comanche Peak
14319,3198,251,9,30,-1,3069,201,246,183,450,Spruce_Fir,Catacount,Comanche Peak
14320,3074,341,12,90,16,2576,194,222,166,684,Spruce_Fir,Cryaquolis,Comanche Peak
14321,3276,357,5,95,-2,1129,213,231,157,2353,Spruce_Fir,Leighcan,Rawah
14322,2861,78,29,30,-6,2040,242,175,42,1485,Lodgepole Pine,Catacount,Comanche Peak
14323,2930,18,22,120,71,1136,197,188,121,3291,Spruce_Fir,Leighcan,Comanche Peak
14324,3035,36,13,509,176,1771,219,211,125,2980,Spruce_Fir,Leighcan,Comanche Peak
14325,3082,313,26,182,61,2906,143,211,204,2619,Spruce_Fir,Catacount,Comanche Peak
14326,3191,69,8,679,184,2377,229,224,128,2791,Spruce_Fir,Catacount,Comanche Peak
14327,3091,235,20,741,54,1999,182,253,204,815,Lodgepole Pine,Catacount,Comanche Peak
14328,3021,21,25,283,162,534,196,180,110,2911,Lodgepole Pine,Leighcan,Comanche Peak
14329,3026,354,17,379,167,1040,190,209,155,3421,Lodgepole Pine,Leighcan,Comanche Peak
14330,3187,104,9,731,176,2445,236,229,124,2951,Spruce_Fir,Catacount,Comanche Peak
14331,3412,135,29,335,183,3725,250,213,68,3061,Krummholz,Leighcan,Comanche Peak
14332,3110,164,6,30,0,510,226,242,150,2105,Spruce_Fir,Cryaquolis,Rawah
14333,3377,169,25,300,148,3813,229,241,127,3042,Krummholz,Leighcan,Comanche Peak
14334,3143,139,9,573,106,1950,234,238,135,914,Lodgepole Pine,Catacount,Comanche Peak
14335,3365,171,22,270,136,3823,229,243,134,3081,Krummholz,Leighcan,Comanche Peak
14336,3110,225,1,30,1,560,217,239,159,1991,Spruce_Fir,Cryaquolis,Rawah
14337,3413,106,11,162,52,1760,239,227,117,3014,Krummholz,Cryorthents,Rawah
14338,3298,149,15,433,17,1064,239,238,124,2800,Spruce_Fir,Leighcan,Rawah
14339,3137,149,14,684,100,1822,237,239,128,765,Lodgepole Pine,Catacount,Comanche Peak
14340,3420,136,15,342,182,3743,242,233,115,3301,Krummholz,Leighcan,Comanche Peak
14341,3409,132,16,190,38,1775,245,229,108,3042,Krummholz,Cryorthents,Rawah
14342,3109,215,15,484,39,1981,205,253,181,845,Lodgepole Pine,Catacount,Comanche Peak
14343,3409,133,18,300,171,3783,245,229,105,3314,Krummholz,Catacount,Comanche Peak
14344,3381,172,16,301,69,1639,229,246,144,3007,Spruce_Fir,Leighcan,Rawah
14345,3390,234,8,474,68,3701,206,248,178,2240,Krummholz,Leighcan,Comanche Peak
14346,3411,121,16,309,173,3797,246,225,103,3354,Krummholz,Leighcan,Comanche Peak
14347,3305,147,37,127,76,3919,240,207,60,3293,Krummholz,Catacount,Comanche Peak
14348,3364,231,9,319,42,3764,205,249,180,2100,Krummholz,Leighcan,Comanche Peak
14349,3200,311,28,324,140,3190,133,207,208,3093,Spruce_Fir,Leighcan,Comanche Peak
14350,3417,95,20,335,179,3853,247,207,80,3461,Krummholz,Leighcan,Comanche Peak
14351,3148,14,8,323,50,1714,213,224,148,3409,Spruce_Fir,Catacount,Comanche Peak
14352,3368,138,15,300,46,1880,241,234,118,3192,Krummholz,Cryorthents,Rawah
14353,3318,166,20,150,21,1400,233,243,132,3019,Spruce_Fir,Leighcan,Rawah
14354,3072,80,16,192,58,1463,240,209,94,1215,Spruce_Fir,Catacount,Comanche Peak
14355,3200,155,10,42,3,4227,231,241,141,3231,Spruce_Fir,Leighcan,Comanche Peak
14356,3353,124,9,234,31,1848,235,234,130,3199,Krummholz,Leighcan,Rawah
14357,3144,301,13,242,65,3417,182,234,192,3159,Spruce_Fir,Leighcan,Comanche Peak
14358,3347,131,5,170,25,1818,229,237,142,3207,Krummholz,Leighcan,Rawah
14359,3375,276,9,371,53,3882,197,242,184,2083,Krummholz,Leighcan,Comanche Peak
14360,3203,16,11,60,-8,4168,211,217,142,3349,Krummholz,Leighcan,Comanche Peak
14361,3381,283,11,395,59,3902,191,241,190,2081,Krummholz,Leighcan,Comanche Peak
14362,3130,76,11,60,-6,4018,234,220,117,3260,Spruce_Fir,Leighcan,Comanche Peak
14363,3043,37,14,335,55,1140,219,207,121,1180,Lodgepole Pine,Catacount,Comanche Peak
14364,3264,189,10,127,5,3323,221,247,160,1572,Spruce_Fir,Cryaquolis,Comanche Peak
14365,3502,150,13,330,95,3918,236,239,131,3818,Krummholz,Cryorthents,Comanche Peak
14366,3474,127,24,258,111,3968,251,216,78,3745,Krummholz,Catacount,Comanche Peak
14367,3336,93,37,242,-26,4094,248,157,0,3601,Krummholz,Catacount,Comanche Peak
14368,3417,108,21,361,20,2173,250,211,79,3467,Krummholz,Cryorthents,Rawah
14369,3364,86,8,272,42,2029,232,227,129,3399,Krummholz,Leighcan,Rawah
14370,3337,75,9,95,15,1891,232,223,123,3340,Krummholz,Leighcan,Rawah
14371,3055,145,12,331,-44,641,237,238,130,1396,Spruce_Fir,Leighcan,Rawah
14372,3150,345,11,153,43,2184,199,223,163,638,Spruce_Fir,Cryaquolis,Comanche Peak
14373,3187,227,10,67,6,2758,206,249,179,1271,Spruce_Fir,Cryaquolis,Comanche Peak
14374,3444,130,23,192,81,4034,250,220,86,3784,Krummholz,Catacount,Comanche Peak
14375,3379,63,13,313,-17,2113,231,214,113,3476,Krummholz,Leighcan,Rawah
14376,3090,298,18,67,27,1911,165,231,204,418,Spruce_Fir,Cryaquolis,Comanche Peak
14377,3033,259,15,488,79,1320,182,247,203,421,Lodgepole Pine,Catacount,Comanche Peak
14378,3182,76,18,60,-2,4270,239,204,89,3467,Spruce_Fir,Leighcan,Comanche Peak
14379,3360,50,12,234,38,2038,225,213,120,3435,Krummholz,Leighcan,Rawah
14380,3119,103,6,247,-13,1107,231,232,134,1790,Spruce_Fir,Leighcan,Rawah
14381,3268,57,20,0,0,4432,230,194,89,3589,Spruce_Fir,Leighcan,Comanche Peak
14382,3225,119,11,134,12,4480,239,231,121,3537,Spruce_Fir,Leighcan,Comanche Peak
14383,3302,0,13,503,78,2858,200,215,152,3368,Krummholz,Catacount,Comanche Peak
14384,3489,90,26,342,92,2455,249,189,53,3703,Krummholz,Cryorthents,Rawah
14385,3390,86,12,212,-6,2216,237,221,113,3582,Krummholz,Leighcan,Rawah
14386,3034,107,5,335,-65,660,229,234,139,1307,Spruce_Fir,Cryaquolis,Rawah
14387,3426,148,18,182,26,4127,241,235,116,3918,Krummholz,Catacount,Comanche Peak
14388,3296,319,21,649,199,3305,161,215,192,3513,Lodgepole Pine,Cryorthents,Comanche Peak
14389,3163,128,14,42,1,1396,242,231,115,2442,Spruce_Fir,Leighcan,Rawah
14390,3286,339,19,616,188,3427,174,208,171,3528,Krummholz,Cryorthents,Comanche Peak
14391,3303,74,13,421,79,2780,235,215,109,3262,Krummholz,Catacount,Comanche Peak
14392,3413,96,11,162,16,2324,238,224,115,3672,Krummholz,Leighcan,Rawah
14393,3467,148,19,175,60,4089,241,235,115,4131,Krummholz,Cryorthents,Comanche Peak
14394,3321,8,7,418,97,2899,212,227,152,3287,Krummholz,Catacount,Comanche Peak
14395,3052,10,11,201,35,1233,209,219,147,2619,Spruce_Fir,Leighcan,Comanche Peak
14396,3464,80,27,242,67,2460,244,182,50,3759,Krummholz,Leighcan,Rawah
14397,3395,82,10,124,-1,2275,235,222,118,3598,Krummholz,Leighcan,Rawah
14398,3381,79,8,201,-6,2143,231,226,128,3425,Krummholz,Leighcan,Rawah
14399,3309,85,8,210,-25,1974,232,227,128,3197,Krummholz,Leighcan,Rawah
14400,3388,60,5,124,-8,2250,224,229,140,3532,Krummholz,Leighcan,Rawah
14401,3001,112,9,150,36,285,235,231,127,1034,Spruce_Fir,Leighcan,Rawah
14402,3456,198,12,716,144,4089,216,250,167,2931,Krummholz,Cryorthents,Comanche Peak
14403,3268,0,19,361,132,3849,189,201,147,3601,Krummholz,Cryorthents,Comanche Peak
14404,3270,354,18,426,145,3766,188,206,154,3600,Krummholz,Cryorthents,Comanche Peak
14405,3120,162,9,0,0,1290,229,243,145,2067,Spruce_Fir,Cryaquolis,Rawah
14406,3400,145,16,0,0,4224,240,236,120,4121,Krummholz,Cryaquolis,Comanche Peak
14407,3369,115,17,95,18,4309,247,221,96,4000,Krummholz,Cryaquolis,Comanche Peak
14408,3444,76,33,153,47,2470,239,161,26,3747,Krummholz,Leighcan,Rawah
14409,3383,121,8,95,-4,2249,235,233,130,3457,Krummholz,Leighcan,Rawah
14410,3011,184,3,228,33,488,220,241,157,1075,Spruce_Fir,Cryaquolis,Rawah
14411,3293,349,17,534,167,3707,187,210,160,3645,Krummholz,Cryorthents,Comanche Peak
14412,3559,107,13,218,57,2652,241,224,110,3931,Krummholz,Cryorthents,Rawah
14413,3417,68,21,90,20,2444,236,194,80,3682,Krummholz,Leighcan,Rawah
14414,3328,59,14,90,-6,2079,230,210,110,3190,Krummholz,Leighcan,Rawah
14415,2866,53,2,175,49,832,221,234,150,484,Lodgepole Pine,Catacount,Comanche Peak
14416,3282,229,23,247,53,3314,180,254,204,1383,Krummholz,Catacount,Comanche Peak
14417,3364,263,14,376,88,3494,183,246,201,1528,Krummholz,Leighcan,Comanche Peak
14418,3445,177,13,558,120,4154,226,247,151,3037,Krummholz,Cryorthents,Comanche Peak
14419,3321,342,15,541,38,3529,187,215,167,3492,Krummholz,Cryorthents,Comanche Peak
14420,3317,141,15,285,93,3000,240,235,121,3168,Krummholz,Leighcan,Comanche Peak
14421,3423,62,24,90,26,2464,232,184,71,3674,Krummholz,Leighcan,Rawah
14422,3387,128,8,60,-12,4319,234,235,133,4186,Krummholz,Cryaquolis,Comanche Peak
14423,3311,354,19,552,173,3759,185,204,154,3618,Krummholz,Cryorthents,Comanche Peak
14424,3327,345,16,524,44,3569,188,214,163,3486,Krummholz,Cryorthents,Comanche Peak
14425,3139,11,8,390,29,1767,211,223,148,2761,Spruce_Fir,Catacount,Comanche Peak
14426,3520,86,27,234,18,2597,247,184,48,3814,Krummholz,Cryorthents,Rawah
14427,3014,90,5,162,3,430,227,232,139,1050,Spruce_Fir,Leighcan,Rawah
14428,3431,180,11,443,95,4198,224,247,154,3131,Krummholz,Catacount,Comanche Peak
14429,3154,69,14,108,-15,1530,234,212,107,2335,Spruce_Fir,Leighcan,Rawah
14430,3401,141,20,295,51,4211,245,230,104,3293,Krummholz,Catacount,Comanche Peak
14431,3374,155,8,30,4,4403,230,241,144,4200,Krummholz,Cryaquolis,Comanche Peak
14432,3332,10,18,376,147,4113,198,201,137,3790,Krummholz,Cryorthents,Comanche Peak
14433,3333,0,18,531,181,3866,190,203,147,3632,Krummholz,Cryorthents,Comanche Peak
14434,3052,192,9,90,23,1556,220,248,162,42,Lodgepole Pine,Catacount,Comanche Peak
14435,3382,188,13,782,133,4358,220,249,160,2407,Krummholz,Leighcan,Comanche Peak
14436,3394,133,23,277,49,4273,249,222,88,3247,Krummholz,Catacount,Comanche Peak
14437,3354,6,17,390,167,4219,197,205,142,3841,Krummholz,Cryorthents,Comanche Peak
14438,3190,327,17,124,26,2490,176,218,181,2761,Spruce_Fir,Leighcan,Comanche Peak
14439,3162,20,11,446,42,1956,212,217,140,2642,Spruce_Fir,Catacount,Comanche Peak
14440,3372,183,14,666,123,4413,223,249,155,2496,Krummholz,Leighcan,Comanche Peak
14441,3392,148,23,277,56,4305,243,231,105,3210,Spruce_Fir,Catacount,Comanche Peak
14442,3371,133,9,42,5,4455,235,236,132,4334,Krummholz,Cryaquolis,Comanche Peak
14443,3366,5,20,342,169,4313,191,198,141,3887,Krummholz,Cryorthents,Comanche Peak
14444,3163,7,11,589,61,1760,206,217,148,2601,Spruce_Fir,Catacount,Comanche Peak
14445,2866,217,34,228,20,819,164,248,199,582,Lodgepole Pine,Catacount,Comanche Peak
14446,3360,185,13,566,102,4468,222,249,158,2561,Krummholz,Catacount,Comanche Peak
14447,3364,219,12,30,-7,4350,206,251,180,3485,Krummholz,Catacount,Comanche Peak
14448,3354,164,7,67,-10,4546,227,242,149,4335,Krummholz,Cryaquolis,Comanche Peak
14449,3380,232,11,85,6,4380,203,250,184,3596,Krummholz,Cryaquolis,Comanche Peak
14450,3391,353,17,467,43,3865,188,207,155,3439,Krummholz,Cryorthents,Comanche Peak
14451,3205,352,22,90,23,2706,177,197,154,2707,Spruce_Fir,Leighcan,Comanche Peak
14452,3225,75,17,270,-27,1622,238,206,93,2503,Spruce_Fir,Leighcan,Rawah
14453,3351,173,14,404,72,3961,228,246,147,1922,Spruce_Fir,Leighcan,Comanche Peak
14454,3342,184,11,108,6,4417,223,248,157,3296,Krummholz,Catacount,Comanche Peak
14455,3367,32,3,30,1,4570,219,232,150,4441,Krummholz,Cryaquolis,Comanche Peak
14456,3397,4,19,604,212,4119,192,201,143,3607,Krummholz,Cryorthents,Comanche Peak
14457,3139,2,8,648,122,1653,209,225,154,2520,Spruce_Fir,Catacount,Comanche Peak
14458,3406,1,18,577,58,4052,191,203,147,3522,Krummholz,Leighcan,Comanche Peak
14459,3240,132,7,30,1,3190,231,237,138,2897,Krummholz,Leighcan,Comanche Peak
14460,3051,48,13,618,231,391,224,211,119,960,Lodgepole Pine,Catacount,Comanche Peak
14461,3416,2,18,564,68,4066,192,202,145,3501,Krummholz,Leighcan,Comanche Peak
14462,3245,66,8,0,0,3231,229,224,128,2888,Krummholz,Leighcan,Comanche Peak
14463,3286,124,18,268,48,1691,247,225,99,2624,Krummholz,Legault,Rawah
14464,3322,167,13,350,43,3947,230,245,143,1907,Krummholz,Leighcan,Comanche Peak
14465,3321,165,14,376,42,3976,231,244,141,1935,Krummholz,Leighcan,Comanche Peak
14466,3358,234,10,170,4,4530,202,250,184,3566,Krummholz,Cryaquolis,Comanche Peak
14467,3040,8,17,108,36,150,197,203,140,774,Spruce_Fir,Leighcan,Rawah
14468,3149,94,11,510,108,690,238,223,115,1376,Lodgepole Pine,Catacount,Comanche Peak
14469,3243,338,17,30,11,2982,180,213,171,2630,Spruce_Fir,Cryaquolis,Comanche Peak
14470,3142,104,11,499,99,660,239,226,117,1359,Lodgepole Pine,Catacount,Comanche Peak
14471,3316,232,8,30,0,4595,207,248,178,3290,Krummholz,Cryaquolis,Comanche Peak
14472,3449,32,9,323,101,3941,218,221,139,3267,Krummholz,Cryorthents,Comanche Peak
14473,2858,49,29,150,35,421,217,163,62,402,Lodgepole Pine,Catacount,Comanche Peak
14474,3167,139,15,210,28,2471,242,234,117,564,Spruce_Fir,Catacount,Comanche Peak
14475,3273,169,9,418,57,4282,227,244,149,2249,Spruce_Fir,Catacount,Comanche Peak
14476,3288,29,15,85,0,3428,214,207,125,2808,Krummholz,Leighcan,Comanche Peak
14477,3216,14,12,895,199,2017,209,216,143,2289,Krummholz,Leighcan,Comanche Peak
14478,3274,24,10,127,-3,3296,215,218,140,2679,Krummholz,Leighcan,Comanche Peak
14479,3262,14,19,875,124,2297,200,199,131,2191,Krummholz,Cryorthents,Comanche Peak
14480,3285,19,19,864,134,2389,202,195,124,2167,Krummholz,Cryorthents,Comanche Peak
14481,3244,11,16,990,118,2187,201,205,139,2170,Krummholz,Leighcan,Comanche Peak
14482,3311,352,12,658,132,2636,199,220,158,2197,Krummholz,Leighcan,Comanche Peak
14483,3065,337,10,30,6,552,199,227,167,1396,Spruce_Fir,Cryaquolis,Rawah
14484,3259,154,8,342,19,3207,230,241,143,1167,Lodgepole Pine,Catacount,Comanche Peak
14485,3377,56,11,108,29,3838,227,218,123,2949,Krummholz,Leighcan,Comanche Peak
14486,3306,71,16,108,11,3439,236,208,99,2634,Krummholz,Leighcan,Comanche Peak
14487,3318,4,16,743,147,2601,198,208,146,2148,Krummholz,Cryorthents,Comanche Peak
14488,3401,292,10,382,24,4860,191,238,187,4004,Krummholz,Leighcan,Comanche Peak
14489,3321,349,14,638,131,2741,194,217,160,2164,Krummholz,Cryorthents,Comanche Peak
14490,3256,349,16,1050,239,2059,189,212,160,2173,Krummholz,Leighcan,Comanche Peak
14491,3081,45,4,228,27,1200,221,231,147,1448,Lodgepole Pine,Cryaquolis,Neota
14492,3393,43,15,175,45,3895,221,205,115,2928,Krummholz,Leighcan,Comanche Peak
14493,3332,6,15,467,98,2927,201,210,145,2218,Krummholz,Leighcan,Comanche Peak
14494,3330,10,15,534,110,2864,202,208,141,2184,Krummholz,Cryorthents,Comanche Peak
14495,3289,296,7,162,5,4935,200,238,178,3069,Krummholz,Leighcan,Comanche Peak
14496,3408,303,11,319,20,4950,189,235,186,3997,Krummholz,Leighcan,Comanche Peak
14497,3385,45,7,153,11,3803,222,225,138,2779,Krummholz,Leighcan,Comanche Peak
14498,3298,8,9,30,0,3439,210,223,150,2484,Krummholz,Cryaquolis,Comanche Peak
14499,3279,346,15,1140,262,2015,189,214,163,2078,Krummholz,Leighcan,Comanche Peak
14500,3243,306,10,60,11,4707,191,234,183,2708,Spruce_Fir,Catacount,Comanche Peak
14501,3388,271,12,192,24,4965,188,244,195,3846,Krummholz,Leighcan,Comanche Peak
14502,3454,326,10,499,35,5016,195,229,173,4265,Krummholz,Leighcan,Comanche Peak
14503,3307,352,18,60,9,3434,185,205,156,2442,Krummholz,Cryaquolis,Comanche Peak
14504,3281,0,14,1184,264,2125,199,213,151,2001,Krummholz,Leighcan,Comanche Peak
14505,2978,308,9,42,5,335,196,235,178,182,Spruce_Fir,Leighcan,Neota
14506,3309,332,12,30,6,3500,191,224,172,2455,Krummholz,Cryaquolis,Comanche Peak
14507,3103,48,7,0,0,1034,223,225,137,2070,Lodgepole Pine,Leighcan,Rawah
14508,3111,178,18,297,-7,1986,225,247,147,192,Spruce_Fir,Catacount,Comanche Peak
14509,3119,179,19,190,34,2151,224,248,149,162,Spruce_Fir,Catacount,Comanche Peak
14510,3351,105,13,42,8,3708,241,224,110,2589,Krummholz,Cryaquolis,Comanche Peak
14511,3109,84,4,0,0,1084,226,232,141,2130,Lodgepole Pine,Leighcan,Rawah
14512,3423,312,12,256,29,5069,188,231,183,3992,Krummholz,Leighcan,Comanche Peak
14513,3254,315,12,134,36,4656,187,230,183,2672,Spruce_Fir,Catacount,Comanche Peak
14514,3268,310,12,192,45,4710,186,231,185,2731,Spruce_Fir,Catacount,Comanche Peak
14515,3465,315,14,309,44,5146,183,228,185,4140,Krummholz,Leighcan,Comanche Peak
14516,3376,343,32,127,65,3531,139,173,161,2324,Krummholz,Cryorthents,Comanche Peak
14517,3472,322,8,300,46,5180,200,232,171,4170,Krummholz,Leighcan,Comanche Peak
14518,3492,322,11,404,40,5203,193,229,176,4320,Krummholz,Leighcan,Comanche Peak
14519,3460,304,12,228,39,5198,187,234,187,4080,Krummholz,Leighcan,Comanche Peak
14520,3463,304,10,201,37,5228,192,235,183,4080,Krummholz,Leighcan,Comanche Peak
14521,3021,198,3,60,0,1436,218,242,160,633,Lodgepole Pine,Catacount,Comanche Peak
14522,3228,316,18,134,34,4336,169,222,192,2371,Spruce_Fir,Catacount,Comanche Peak
14523,3456,287,14,150,35,5251,179,238,199,4020,Krummholz,Leighcan,Comanche Peak
14524,3467,282,8,150,27,5288,198,241,182,4081,Krummholz,Leighcan,Comanche Peak
14525,3160,315,7,120,17,811,201,234,173,1909,Lodgepole Pine,Leighcan,Rawah
14526,3440,262,16,67,19,5305,179,247,205,3962,Krummholz,Leighcan,Comanche Peak
14527,2933,203,35,268,95,942,180,246,176,234,Lodgepole Pine,Catacount,Comanche Peak
14528,3409,315,12,424,50,5272,188,230,182,3337,Krummholz,Leighcan,Comanche Peak
14529,3674,357,15,1154,319,5239,196,212,153,3692,Krummholz,Cryorthents,Comanche Peak
14530,3672,7,16,1172,317,5161,199,206,142,3610,Krummholz,Cryorthents,Comanche Peak
14531,3671,13,17,1179,316,5135,202,204,136,3583,Krummholz,Cryorthents,Comanche Peak
14532,3401,324,11,531,49,5150,192,228,176,3219,Krummholz,Leighcan,Comanche Peak
14533,3403,326,10,509,47,5180,195,229,173,3249,Krummholz,Leighcan,Comanche Peak
14534,3414,313,12,446,55,5269,189,231,182,3339,Krummholz,Leighcan,Comanche Peak
14535,3682,0,14,1189,327,5228,199,213,151,3652,Krummholz,Cryorthents,Comanche Peak
14536,3023,224,17,127,-13,2155,195,254,192,417,Lodgepole Pine,Catacount,Comanche Peak
14537,3166,198,6,192,-4,3137,218,245,163,1253,Lodgepole Pine,Catacount,Comanche Peak
14538,3200,349,42,108,42,2985,111,136,139,1120,Lodgepole Pine,Catacount,Comanche Peak
14539,3703,6,10,1114,294,5109,208,222,150,3321,Krummholz,Cryorthents,Comanche Peak
14540,3109,319,5,658,-76,874,206,235,168,1050,Lodgepole Pine,Cryaquolis,Neota
14541,3710,0,4,1077,264,5301,214,232,156,3504,Krummholz,Cryorthents,Comanche Peak
14542,3708,3,12,1131,262,5150,204,217,150,3337,Krummholz,Cryorthents,Comanche Peak
14543,3716,359,15,1103,270,5167,197,212,151,3326,Krummholz,Cryorthents,Comanche Peak
14544,3238,0,17,309,77,1230,194,207,149,2382,Spruce_Fir,Legault,Rawah
14545,3469,314,13,860,256,4952,184,229,185,3078,Krummholz,Cryorthents,Comanche Peak
14546,3737,1,17,1074,328,5020,194,206,148,3164,Krummholz,Cryorthents,Comanche Peak
14547,3459,285,16,882,261,4891,173,238,205,3030,Krummholz,Leighcan,Comanche Peak
14548,3468,289,16,899,267,4921,174,237,202,3059,Krummholz,Cryorthents,Comanche Peak
14549,3721,342,10,953,275,5374,198,224,165,3491,Krummholz,Cryorthents,Comanche Peak
14550,3740,347,16,1020,294,5165,189,213,162,3294,Krummholz,Cryorthents,Comanche Peak
14551,3755,0,16,1065,309,5013,194,208,149,3143,Krummholz,Cryorthents,Comanche Peak
14552,3371,264,13,847,186,4560,186,246,198,2736,Krummholz,Leighcan,Comanche Peak
14553,3183,327,14,256,45,3571,185,223,177,1812,Spruce_Fir,Catacount,Comanche Peak
14554,3370,265,14,870,188,4560,183,245,201,2744,Krummholz,Leighcan,Comanche Peak
14555,3761,297,11,847,315,5239,190,237,186,3331,Krummholz,Cryorthents,Comanche Peak
14556,3181,359,9,124,-4,1410,206,223,155,751,Lodgepole Pine,Catacount,Neota
14557,3390,298,14,953,208,4622,180,234,194,2819,Krummholz,Leighcan,Comanche Peak
14558,3802,352,13,957,356,4935,196,217,158,3026,Krummholz,Cryorthents,Comanche Peak
14559,3805,325,19,834,359,5051,169,216,185,3124,Krummholz,Cryorthents,Comanche Peak
14560,3815,349,14,892,369,4961,193,215,161,3037,Krummholz,Cryorthents,Comanche Peak
14561,3825,19,12,1062,49,4598,211,214,138,2676,Krummholz,Cryorthents,Comanche Peak
14562,3844,335,4,918,395,4805,211,234,162,2860,Krummholz,Cryorthents,Comanche Peak
14563,3849,348,17,891,73,4444,186,209,160,2506,Krummholz,Cryorthents,Comanche Peak
14564,3384,92,15,553,227,1451,242,216,99,937,Krummholz,Leighcan,Comanche Peak
14565,3354,89,17,510,197,1328,244,210,89,997,Krummholz,Leighcan,Comanche Peak
14566,3345,90,19,480,188,1296,245,206,81,999,Krummholz,Leighcan,Comanche Peak
14567,3257,246,9,558,142,3565,201,247,184,1964,Lodgepole Pine,Catacount,Comanche Peak
14568,2946,356,23,124,57,1170,175,191,148,860,Lodgepole Pine,Catacount,Comanche Peak
14569,2997,225,16,234,107,2096,196,253,190,1176,Lodgepole Pine,Catacount,Comanche Peak
14570,3186,265,22,446,-46,3335,160,244,219,1809,Lodgepole Pine,Catacount,Comanche Peak
14571,3411,169,15,459,254,1620,230,245,142,708,Krummholz,Cryorthents,Comanche Peak
14572,3372,102,16,395,215,1380,245,217,96,872,Krummholz,Leighcan,Comanche Peak
14573,2948,6,11,721,71,743,207,219,149,1167,Spruce_Fir,Leighcan,Comanche Peak
14574,3401,168,13,417,244,1530,230,245,144,743,Krummholz,Cryorthents,Comanche Peak
14575,3387,162,26,395,228,1710,234,236,115,582,Krummholz,Leighcan,Comanche Peak
14576,3383,182,23,361,224,1560,219,247,148,679,Krummholz,Leighcan,Comanche Peak
14577,3306,134,33,300,149,1260,250,205,55,916,Krummholz,Leighcan,Comanche Peak
14578,3157,137,31,350,0,1050,249,211,64,1100,Krummholz,Leighcan,Comanche Peak
14579,3182,272,18,216,34,408,170,242,210,700,Spruce_Fir,Catacount,Neota
14580,3194,232,23,594,122,3443,177,253,206,1956,Spruce_Fir,Catacount,Comanche Peak
14581,3042,151,22,212,42,518,241,234,111,1587,Lodgepole Pine,Leighcan,Comanche Peak
14582,3259,55,16,324,20,1040,229,203,103,808,Spruce_Fir,Catacount,Neota
14583,2917,27,11,162,34,1611,215,217,137,1256,Lodgepole Pine,Catacount,Comanche Peak
14584,3304,184,37,247,145,1597,202,236,136,576,Krummholz,Leighcan,Comanche Peak
14585,3113,106,20,295,-2,942,250,210,79,1167,Lodgepole Pine,Leighcan,Comanche Peak
14586,3005,108,13,190,53,1018,241,225,111,1150,Spruce_Fir,Catacount,Comanche Peak
14587,3167,326,5,313,3,313,206,234,166,1475,Lodgepole Pine,Cryaquolis,Neota
14588,3204,150,36,120,47,1307,239,213,70,808,Krummholz,Leighcan,Comanche Peak
14589,3204,298,9,270,30,661,194,237,183,875,Spruce_Fir,Leighcan,Neota
14590,3481,293,15,1199,350,4224,176,235,199,2738,Krummholz,Cryorthents,Comanche Peak
14591,3387,300,21,1087,272,3988,158,227,208,2508,Lodgepole Pine,Leighcan,Comanche Peak
14592,3224,110,8,0,0,1426,234,231,129,2582,Spruce_Fir,Cryaquolis,Rawah
14593,3124,119,20,430,69,450,250,218,87,1332,Spruce_Fir,Catacount,Comanche Peak
14594,3022,87,18,30,-7,993,243,208,88,1290,Spruce_Fir,Catacount,Comanche Peak
14595,3096,162,24,42,7,1138,235,238,119,972,Spruce_Fir,Leighcan,Comanche Peak
14596,3203,304,7,150,24,474,200,236,176,992,Spruce_Fir,Leighcan,Neota
14597,3240,350,5,42,3,636,210,231,159,1082,Spruce_Fir,Cryaquolis,Neota
14598,3233,122,14,150,33,1871,243,228,110,242,Krummholz,Cryaquolis,Comanche Peak
14599,2952,304,28,323,183,760,130,212,216,1250,Spruce_Fir,Catacount,Comanche Peak
14600,2725,34,9,0,0,902,219,221,137,830,Spruce_Fir,Cryaquolis,Comanche Peak
14601,3234,85,10,124,27,1878,235,222,118,228,Krummholz,Cryaquolis,Comanche Peak
14602,2807,342,10,0,0,794,200,226,164,1130,Spruce_Fir,Cryaquolis,Comanche Peak
14603,2895,45,18,201,43,532,222,197,103,1631,Spruce_Fir,Catacount,Comanche Peak
14604,3085,334,15,323,88,451,184,219,173,1832,Spruce_Fir,Leighcan,Comanche Peak
14605,2921,41,18,256,69,626,219,197,106,1611,Spruce_Fir,Catacount,Comanche Peak
14606,3156,74,21,124,7,1348,239,195,77,781,Krummholz,Leighcan,Comanche Peak
14607,2751,196,7,0,0,1216,219,246,162,908,Spruce_Fir,Cryaquolis,Comanche Peak
14608,3198,19,9,330,3,966,214,222,144,1256,Lodgepole Pine,Catacount,Neota
14609,3022,18,7,85,0,787,215,226,148,1440,Spruce_Fir,Cryaquolis,Comanche Peak
14610,3159,358,20,492,80,1095,185,199,148,1588,Spruce_Fir,Leighcan,Comanche Peak
14611,2962,46,13,234,-8,845,224,210,118,1577,Spruce_Fir,Catacount,Comanche Peak
14612,3262,108,31,124,34,2110,254,188,36,30,Krummholz,Leighcan,Comanche Peak
14613,3208,42,6,277,13,983,221,227,142,1276,Lodgepole Pine,Catacount,Neota
14614,3196,76,19,175,5,1517,239,202,86,671,Krummholz,Leighcan,Comanche Peak
14615,3234,335,11,67,9,1945,195,225,169,258,Krummholz,Cryaquolis,Comanche Peak
14616,3239,348,14,108,13,1861,192,216,161,335,Krummholz,Cryaquolis,Comanche Peak
14617,3243,332,14,134,18,1805,187,222,174,390,Krummholz,Leighcan,Comanche Peak
14618,3236,46,16,212,33,1694,223,204,110,503,Krummholz,Leighcan,Comanche Peak
14619,3196,83,15,150,5,1530,240,213,99,677,Krummholz,Leighcan,Comanche Peak
14620,3415,159,4,134,0,2991,224,240,151,888,Krummholz,Cryaquolis,Comanche Peak
14621,3235,325,11,67,9,1984,191,227,176,255,Krummholz,Cryaquolis,Comanche Peak
14622,3246,349,14,150,20,1844,193,216,160,376,Krummholz,Leighcan,Comanche Peak
14623,3197,57,15,127,6,1543,229,208,109,684,Krummholz,Leighcan,Comanche Peak
14624,3183,77,17,85,5,1463,239,206,92,771,Krummholz,Leighcan,Comanche Peak
14625,3074,101,15,67,13,1283,244,218,99,1660,Spruce_Fir,Catacount,Comanche Peak
14626,3293,101,23,42,11,2248,251,203,68,228,Krummholz,Leighcan,Comanche Peak
14627,3241,29,20,201,36,1664,209,191,111,579,Krummholz,Leighcan,Comanche Peak
14628,3185,67,16,60,-5,1477,235,206,98,779,Krummholz,Leighcan,Comanche Peak
14629,3168,37,21,30,5,1425,214,189,102,837,Krummholz,Leighcan,Comanche Peak
14630,3178,17,19,0,0,1441,200,196,128,845,Krummholz,Leighcan,Comanche Peak
14631,3054,29,12,95,3,1395,216,213,132,1710,Spruce_Fir,Catacount,Comanche Peak
14632,3408,189,5,108,2,3042,220,243,159,940,Krummholz,Cryaquolis,Comanche Peak
14633,3173,298,13,875,-29,1342,185,235,191,1328,Spruce_Fir,Catacount,Comanche Peak
14634,3229,315,8,516,45,560,198,233,175,967,Spruce_Fir,Cryaquolis,Neota
14635,3414,96,24,0,0,3194,250,198,63,1092,Krummholz,Cryaquolis,Comanche Peak
14636,3402,137,13,170,36,2876,239,235,123,780,Krummholz,Cryaquolis,Comanche Peak
14637,3178,325,10,582,170,793,196,230,173,1973,Spruce_Fir,Leighcan,Comanche Peak
14638,3071,28,10,85,5,1426,216,218,137,1771,Spruce_Fir,Catacount,Comanche Peak
14639,3296,45,3,0,0,2374,220,232,149,376,Krummholz,Cryaquolis,Comanche Peak
14640,3246,15,12,365,48,841,209,215,142,1442,Lodgepole Pine,Leighcan,Neota
14641,3209,8,13,60,4,1531,204,213,145,859,Krummholz,Leighcan,Comanche Peak
14642,3360,122,9,42,5,2789,236,233,127,716,Krummholz,Cryaquolis,Comanche Peak
14643,3084,260,30,481,163,2930,135,240,235,2497,Lodgepole Pine,Catacount,Comanche Peak
14644,3341,162,17,0,0,2669,234,242,132,636,Krummholz,Cryaquolis,Comanche Peak
14645,2876,109,28,127,33,1273,254,196,50,1507,Spruce_Fir,Catacount,Comanche Peak
14646,3256,22,11,488,57,582,213,217,139,1116,Spruce_Fir,Cryaquolis,Neota
14647,3139,52,28,566,230,2262,221,168,62,2220,Spruce_Fir,Catacount,Comanche Peak
14648,3346,12,22,108,38,2470,191,188,127,552,Krummholz,Leighcan,Comanche Peak
14649,3223,69,26,270,57,525,237,179,57,2067,Spruce_Fir,Catacount,Neota
14650,2933,351,19,283,89,2368,183,205,157,1860,Spruce_Fir,Catacount,Comanche Peak
14651,3361,293,6,127,25,2523,203,239,175,618,Krummholz,Leighcan,Comanche Peak
14652,3187,25,11,395,120,2052,215,216,137,2173,Lodgepole Pine,Catacount,Comanche Peak
14653,2916,32,19,212,52,2308,212,195,112,2081,Spruce_Fir,Catacount,Comanche Peak
14654,3245,353,29,594,82,1365,159,177,146,1436,Krummholz,Leighcan,Comanche Peak
14655,2974,4,14,285,-38,900,201,213,148,2029,Spruce_Fir,Catacount,Comanche Peak
14656,2812,82,13,124,49,1692,238,216,107,1618,Aspen,Catacount,Comanche Peak
14657,3282,340,21,755,166,1328,170,204,170,1624,Krummholz,Leighcan,Comanche Peak
14658,3294,356,22,779,189,1282,180,196,150,1733,Krummholz,Leighcan,Comanche Peak
14659,3286,60,18,134,-20,1826,231,200,95,997,Krummholz,Leighcan,Comanche Peak
14660,3262,59,11,242,-17,1739,228,216,119,1084,Krummholz,Leighcan,Comanche Peak
14661,2991,353,17,268,-40,960,188,207,155,2076,Spruce_Fir,Catacount,Comanche Peak
14662,2962,5,22,150,31,2215,186,191,137,1584,Spruce_Fir,Catacount,Comanche Peak
14663,3011,7,20,362,-20,1027,191,195,137,2055,Spruce_Fir,Catacount,Comanche Peak
14664,2800,79,15,90,30,1813,239,211,98,1747,Aspen,Catacount,Comanche Peak
14665,2784,59,15,30,10,1860,230,207,106,1761,Aspen,Catacount,Comanche Peak
14666,3044,266,26,228,125,2524,146,241,228,2735,Lodgepole Pine,Catacount,Comanche Peak
14667,3301,60,19,175,0,1888,231,197,91,1064,Krummholz,Leighcan,Comanche Peak
14668,2795,65,13,60,21,1855,232,212,110,1783,Aspen,Catacount,Comanche Peak
14669,3146,281,14,201,5,120,180,240,200,2589,Lodgepole Pine,Catacount,Comanche Peak
14670,2978,64,25,134,54,2244,233,181,66,2649,Spruce_Fir,Catacount,Comanche Peak
14671,3326,23,5,60,8,2038,217,228,148,1024,Krummholz,Leighcan,Comanche Peak
14672,3243,169,17,331,98,547,231,245,140,2613,Spruce_Fir,Catacount,Neota
14673,3398,108,32,270,79,2334,254,184,0,918,Krummholz,Cryorthents,Comanche Peak
14674,3314,86,14,150,0,1994,239,216,105,1099,Krummholz,Leighcan,Comanche Peak
14675,3295,75,16,228,-6,1931,238,209,98,1153,Krummholz,Leighcan,Comanche Peak
14676,3294,12,12,900,91,1885,207,215,143,708,Spruce_Fir,Leighcan,Comanche Peak
14677,3084,36,23,67,19,1215,212,183,97,2557,Spruce_Fir,Leighcan,Comanche Peak
14678,3019,44,19,752,124,1282,221,196,103,1945,Spruce_Fir,Catacount,Comanche Peak
14679,2924,56,14,547,159,1575,228,211,113,1832,Lodgepole Pine,Catacount,Comanche Peak
14680,2833,78,15,242,61,1824,238,211,99,1875,Aspen,Catacount,Comanche Peak
14681,3429,118,16,700,66,864,246,224,103,421,Krummholz,Cryorthents,Neota
14682,3024,59,30,190,97,2132,226,163,49,2760,Spruce_Fir,Catacount,Comanche Peak
14683,3326,307,10,0,0,2165,192,234,182,1060,Krummholz,Leighcan,Comanche Peak
14684,2795,117,5,90,7,1976,229,235,139,1936,Aspen,Catacount,Comanche Peak
14685,3480,154,35,285,35,2556,237,218,80,990,Krummholz,Cryorthents,Comanche Peak
14686,3471,144,36,295,30,2532,243,208,61,990,Krummholz,Cryorthents,Comanche Peak
14687,3316,1,15,904,113,1972,198,211,150,638,Krummholz,Leighcan,Comanche Peak
14688,3276,18,20,175,56,2084,200,193,124,1265,Krummholz,Leighcan,Comanche Peak
14689,3282,29,18,162,45,2110,211,199,119,1282,Krummholz,Leighcan,Comanche Peak
14690,3173,84,17,60,15,968,242,209,92,2210,Spruce_Fir,Cryaquolis,Neota
14691,3197,177,16,277,23,577,226,247,148,2627,Spruce_Fir,Catacount,Neota
14692,3194,289,14,60,10,1513,181,238,197,2518,Spruce_Fir,Cryaquolis,Comanche Peak
14693,3411,133,15,242,-8,2539,243,231,113,1082,Krummholz,Leighcan,Comanche Peak
14694,3407,124,13,242,46,2516,241,231,117,1084,Krummholz,Leighcan,Comanche Peak
14695,2962,51,13,658,200,1681,226,211,116,2016,Lodgepole Pine,Catacount,Comanche Peak
14696,2814,48,17,120,29,2036,224,201,105,2047,Aspen,Catacount,Comanche Peak
14697,2807,54,16,90,20,2058,228,204,105,2053,Aspen,Catacount,Comanche Peak
14698,3405,115,10,216,35,2535,237,231,124,1114,Krummholz,Leighcan,Comanche Peak
14699,2803,65,16,60,14,2100,233,205,98,2089,Aspen,Cryaquolis,Comanche Peak
14700,2796,64,12,30,6,2122,231,215,114,2096,Aspen,Cryaquolis,Comanche Peak
14701,3156,348,19,277,42,499,180,204,160,1871,Spruce_Fir,Leighcan,Neota
14702,2832,54,15,150,45,2058,227,206,108,2101,Aspen,Catacount,Comanche Peak
14703,3251,282,18,190,44,1471,167,238,210,2656,Spruce_Fir,Catacount,Comanche Peak
14704,2837,58,16,150,49,2079,230,204,102,2131,Aspen,Catacount,Comanche Peak
14705,3145,98,22,437,219,1832,249,202,70,2966,Spruce_Fir,Catacount,Comanche Peak
14706,2825,63,18,90,34,2143,233,202,94,2171,Aspen,Catacount,Comanche Peak
14707,2829,59,18,90,35,2164,231,198,93,2200,Aspen,Catacount,Comanche Peak
14708,3220,321,10,60,13,1324,194,230,176,2730,Spruce_Fir,Cryaquolis,Comanche Peak
14709,3401,117,13,42,-2,2721,241,228,114,1290,Krummholz,Leighcan,Comanche Peak
14710,2918,291,14,212,60,2742,178,237,198,2254,Lodgepole Pine,Catacount,Comanche Peak
14711,3112,16,12,124,36,2856,210,215,141,1419,Spruce_Fir,Catacount,Comanche Peak
14712,3134,325,15,120,34,1620,182,223,180,2297,Lodgepole Pine,Leighcan,Comanche Peak
14713,3100,35,22,730,75,1855,212,186,101,2070,Spruce_Fir,Catacount,Comanche Peak
14714,3277,215,10,962,63,598,210,250,174,2848,Lodgepole Pine,Catacount,Comanche Peak
14715,3303,314,16,258,59,964,174,225,190,1503,Spruce_Fir,Leighcan,Neota
14716,3157,57,24,351,96,2967,228,183,75,918,Spruce_Fir,Leighcan,Comanche Peak
14717,3121,309,12,201,35,134,187,232,185,1106,Spruce_Fir,Leighcan,Neota
14718,3390,65,14,780,180,730,232,211,109,162,Krummholz,Leighcan,Neota
14719,2893,240,19,42,10,2916,182,252,204,2195,Spruce_Fir,Catacount,Comanche Peak
14720,3187,69,18,690,251,1364,236,201,89,2539,Lodgepole Pine,Catacount,Comanche Peak
14721,2880,57,22,150,63,2447,229,188,81,2108,Spruce_Fir,Catacount,Comanche Peak
14722,3128,180,1,124,-1,636,219,239,157,2409,Spruce_Fir,Cryaquolis,Neota
14723,3227,23,23,67,20,1872,201,185,112,2214,Spruce_Fir,Catacount,Comanche Peak
14724,3332,65,26,150,39,2233,234,177,58,2081,Krummholz,Leighcan,Comanche Peak
14725,3212,303,29,443,120,390,129,212,217,1099,Spruce_Fir,Leighcan,Neota
14726,3172,217,16,741,79,309,201,254,185,2635,Lodgepole Pine,Cryaquolis,Comanche Peak
14727,3521,115,4,540,28,1320,227,236,144,782,Krummholz,Cryorthents,Neota
14728,3427,101,7,633,-65,930,233,230,130,499,Krummholz,Leighcan,Neota
14729,3204,116,6,743,-2,1062,231,234,137,2242,Lodgepole Pine,Catacount,Comanche Peak
14730,3371,127,9,750,190,1405,236,234,129,942,Spruce_Fir,Cryaquolis,Neota
14731,3210,123,7,743,0,1019,231,235,137,2206,Lodgepole Pine,Catacount,Comanche Peak
14732,3182,215,8,331,-24,663,213,247,170,2160,Lodgepole Pine,Cryaquolis,Comanche Peak
14733,3441,92,25,324,65,2538,249,191,55,1878,Krummholz,Leighcan,Comanche Peak
14734,3205,178,21,240,18,2183,224,247,145,1637,Spruce_Fir,Leighcan,Comanche Peak
14735,3317,322,16,600,178,2503,178,222,184,212,Spruce_Fir,Catacount,Comanche Peak
14736,3200,165,12,732,-10,914,230,244,143,2131,Lodgepole Pine,Catacount,Comanche Peak
14737,2984,299,13,42,1,3441,183,235,192,1879,Spruce_Fir,Leighcan,Comanche Peak
14738,3218,137,20,242,53,1541,246,228,101,1599,Spruce_Fir,Cryaquolis,Neota
14739,3383,307,20,270,75,2372,161,224,201,2278,Spruce_Fir,Catacount,Comanche Peak
14740,3333,322,35,426,137,537,113,182,197,677,Spruce_Fir,Catacount,Neota
14741,3014,87,15,497,75,1463,241,215,100,2270,Lodgepole Pine,Cryaquolis,Comanche Peak
14742,3205,156,11,120,18,2285,233,241,139,1610,Spruce_Fir,Leighcan,Comanche Peak
14743,3428,113,18,175,22,2691,248,218,91,1926,Krummholz,Leighcan,Comanche Peak
14744,3291,90,15,323,62,492,242,215,99,769,Lodgepole Pine,Leighcan,Neota
14745,3321,80,23,418,92,607,243,192,66,765,Krummholz,Leighcan,Neota
14746,3049,324,11,95,4,3707,192,228,176,1747,Spruce_Fir,Leighcan,Comanche Peak
14747,3418,27,4,342,-3,953,218,230,149,837,Krummholz,Leighcan,Neota
14748,3417,51,3,765,213,1120,221,232,147,912,Spruce_Fir,Catacount,Neota
14749,3373,291,31,524,169,638,119,218,230,853,Spruce_Fir,Catacount,Neota
14750,3413,27,8,636,214,732,217,223,142,841,Spruce_Fir,Cryorthents,Neota
14751,3259,68,13,0,0,2465,233,214,111,1699,Spruce_Fir,Leighcan,Comanche Peak
14752,3131,169,6,618,90,649,225,243,152,1795,Lodgepole Pine,Catacount,Comanche Peak
14753,3417,65,4,350,69,865,223,231,143,902,Krummholz,Cryorthents,Neota
14754,3438,335,10,787,212,1047,198,227,168,949,Spruce_Fir,Cryorthents,Neota
14755,3098,313,15,247,-3,3789,177,227,190,1588,Spruce_Fir,Leighcan,Comanche Peak
14756,3367,277,21,510,19,600,158,238,218,1022,Spruce_Fir,Leighcan,Neota
14757,3418,59,1,256,8,1008,220,235,152,953,Krummholz,Cryorthents,Neota
14758,3081,332,13,90,5,3872,190,224,173,1749,Spruce_Fir,Leighcan,Comanche Peak
14759,3419,34,7,190,71,1032,219,224,141,1036,Krummholz,Cryorthents,Neota
14760,3112,162,7,589,50,366,227,242,148,1621,Lodgepole Pine,Cryaquolis,Comanche Peak
14761,3573,241,6,285,80,1738,209,245,174,1423,Krummholz,Cryorthents,Neota
14762,3337,104,15,212,56,757,245,219,99,1077,Krummholz,Leighcan,Neota
14763,3141,34,15,270,23,2782,216,206,121,1054,Spruce_Fir,Leighcan,Comanche Peak
14764,3067,344,21,618,91,3444,172,202,165,1734,Lodgepole Pine,Leighcan,Comanche Peak
14765,3248,321,13,755,30,3505,185,227,181,1172,Spruce_Fir,Leighcan,Comanche Peak
14766,3348,129,21,180,53,858,249,222,91,1120,Krummholz,Leighcan,Neota
14767,3354,167,19,175,35,937,232,243,135,1142,Krummholz,Leighcan,Neota
14768,3172,39,15,360,54,2852,219,207,119,972,Spruce_Fir,Leighcan,Comanche Peak
14769,3571,31,4,283,78,1691,219,230,148,1465,Krummholz,Cryorthents,Neota
14770,3439,288,16,671,232,949,174,237,203,1203,Spruce_Fir,Catacount,Neota
14771,3058,139,22,240,17,912,247,227,96,1638,Spruce_Fir,Leighcan,Comanche Peak
14772,3122,340,21,618,108,3600,171,205,170,1698,Lodgepole Pine,Leighcan,Comanche Peak
14773,3573,43,13,277,126,1626,222,212,122,1441,Krummholz,Cryorthents,Neota
14774,3316,131,10,30,-2,1126,237,235,128,1263,Krummholz,Leighcan,Neota
14775,3319,79,8,0,0,1149,231,226,128,1293,Krummholz,Leighcan,Neota
14776,3406,346,16,484,177,949,188,213,163,1361,Krummholz,Cryorthents,Neota
14777,3412,357,18,443,180,960,190,206,151,1405,Krummholz,Cryorthents,Neota
14778,3007,157,17,67,14,999,237,240,127,1645,Lodgepole Pine,Leighcan,Comanche Peak
14779,3350,49,19,95,26,1298,224,196,99,1421,Krummholz,Leighcan,Neota
14780,3397,332,38,277,144,990,107,164,180,1544,Krummholz,Leighcan,Neota
14781,3311,56,20,618,22,3031,229,195,91,1041,Spruce_Fir,Leighcan,Comanche Peak
14782,3337,79,17,108,20,1284,240,207,92,1445,Krummholz,Leighcan,Neota
14783,3439,21,14,446,193,1036,209,208,133,1509,Krummholz,Cryorthents,Neota
14784,3465,302,14,537,152,1140,181,233,192,1445,Krummholz,Cryorthents,Neota
14785,3318,120,19,234,48,3267,249,220,91,1159,Spruce_Fir,Leighcan,Comanche Peak
14786,3329,96,14,67,12,1290,242,218,103,1473,Krummholz,Leighcan,Neota
14787,2991,148,3,85,4,1048,224,239,151,1634,Lodgepole Pine,Cryaquolis,Comanche Peak
14788,3333,105,14,67,8,1332,243,222,106,1505,Krummholz,Leighcan,Neota
14789,3452,8,9,509,203,1100,210,223,150,1558,Krummholz,Cryorthents,Neota
14790,3233,10,9,759,69,1387,210,221,148,2623,Lodgepole Pine,Cryaquolis,Neota
14791,3465,6,12,509,208,1150,205,217,148,1632,Krummholz,Cryorthents,Neota
14792,3465,17,13,531,215,1154,209,213,139,1624,Krummholz,Cryorthents,Neota
14793,3466,339,34,342,183,1184,130,172,169,1661,Krummholz,Leighcan,Neota
14794,3477,10,18,376,200,1173,197,201,137,1689,Krummholz,Cryorthents,Neota
14795,3479,0,9,426,215,1170,206,222,154,1710,Krummholz,Cryorthents,Neota
14796,3494,13,17,390,211,1206,202,204,136,1708,Krummholz,Cryorthents,Neota
14797,3423,275,25,255,112,1300,146,237,226,1667,Krummholz,Cryorthents,Neota
14798,3486,18,10,531,226,1233,212,218,142,1736,Krummholz,Cryorthents,Neota
14799,3481,357,15,509,136,1266,194,211,153,1683,Krummholz,Cryorthents,Neota
14800,3452,116,18,95,21,1699,248,220,93,1747,Krummholz,Leighcan,Neota
14801,3340,343,6,0,0,1482,207,230,162,1684,Krummholz,Leighcan,Neota
14802,3494,45,9,457,211,1263,223,220,131,1774,Krummholz,Cryorthents,Neota
14803,3496,63,4,424,154,1319,224,231,143,1697,Krummholz,Cryorthents,Neota
14804,3448,300,24,283,19,1348,145,222,214,1731,Krummholz,Cryorthents,Neota
14805,3504,52,13,474,214,1296,226,211,116,1793,Krummholz,Cryorthents,Neota
14806,3496,272,22,366,49,1347,158,241,219,1783,Krummholz,Leighcan,Neota
14807,3420,299,19,150,19,1443,164,229,204,1776,Krummholz,Leighcan,Neota
14808,3510,359,9,513,63,1353,206,223,155,1860,Krummholz,Cryorthents,Neota
14809,3444,45,22,30,5,1794,220,187,91,1885,Krummholz,Leighcan,Neota
14810,3424,77,23,60,-6,1758,242,192,68,1871,Krummholz,Leighcan,Neota
14811,3522,4,12,553,75,1410,204,218,150,1935,Krummholz,Cryorthents,Neota
14812,3049,51,14,153,36,514,226,210,115,1064,Lodgepole Pine,Cryaquolis,Comanche Peak
14813,3337,302,14,499,119,4198,181,233,192,1890,Spruce_Fir,Leighcan,Comanche Peak
14814,3376,347,18,30,7,1682,183,208,162,1872,Krummholz,Leighcan,Neota
14815,3393,347,20,30,10,1597,178,203,161,1860,Krummholz,Leighcan,Neota
14816,3512,310,11,400,65,1451,189,232,183,1921,Krummholz,Cryorthents,Neota
14817,3007,114,11,0,0,750,240,229,118,1195,Lodgepole Pine,Cryaquolis,Comanche Peak
14818,3493,296,12,301,46,1524,186,236,190,1959,Krummholz,Cryorthents,Neota
14819,3515,279,9,391,68,1511,196,241,184,1979,Krummholz,Cryorthents,Neota
14820,3175,128,26,277,51,3601,252,214,73,277,Spruce_Fir,Catacount,Comanche Peak
14821,3421,325,17,134,26,1731,175,219,183,1982,Krummholz,Leighcan,Neota
14822,3516,320,14,323,22,1608,182,225,183,2053,Krummholz,Cryorthents,Neota
14823,3352,40,19,240,39,2071,218,194,104,2144,Spruce_Fir,Cryorthents,Neota
14824,3289,96,9,446,19,3692,234,228,125,1249,Krummholz,Cryorthents,Comanche Peak
14825,3509,327,15,190,15,1689,183,223,178,2092,Krummholz,Cryorthents,Neota
14826,3218,315,13,0,0,4298,184,229,184,1380,Spruce_Fir,Leighcan,Comanche Peak
14827,3178,2,20,391,107,4039,188,198,144,631,Spruce_Fir,Leighcan,Comanche Peak
14828,3575,340,16,300,81,1816,185,216,168,2259,Krummholz,Cryorthents,Neota
14829,3234,20,13,443,-2,4224,210,211,136,646,Spruce_Fir,Leighcan,Comanche Peak
14830,3604,353,12,309,110,1969,200,219,157,2402,Krummholz,Cryorthents,Neota
14831,3191,335,14,0,0,4235,187,220,172,418,Spruce_Fir,Catacount,Comanche Peak
14832,3173,0,5,0,0,4235,212,230,156,582,Spruce_Fir,Cryaquolis,Comanche Peak
14833,3221,305,6,175,30,4354,204,237,172,541,Spruce_Fir,Catacount,Comanche Peak
14834,3228,321,18,277,49,4592,172,220,186,902,Spruce_Fir,Catacount,Comanche Peak
14835,3276,4,10,192,19,4673,207,220,151,853,Spruce_Fir,Catacount,Comanche Peak
14836,3327,35,8,42,1,1383,219,223,139,3517,Lodgepole Pine,Cryaquolis,Neota
14837,3087,238,31,666,-3,3974,151,248,222,1142,Lodgepole Pine,Catacount,Comanche Peak
14838,3183,169,16,285,92,3336,230,245,141,573,Lodgepole Pine,Cryorthents,Comanche Peak
14839,3151,149,13,277,73,212,236,239,130,2213,Spruce_Fir,Catacount,Neota
14840,3325,97,11,430,-7,957,239,224,114,3566,Spruce_Fir,Catacount,Neota
14841,3374,180,15,0,0,2185,224,248,152,3453,Spruce_Fir,Catacount,Neota
14842,3087,189,15,295,-6,2947,219,250,160,912,Lodgepole Pine,Cryorthents,Comanche Peak
14843,3139,149,13,150,40,108,236,239,130,2430,Spruce_Fir,Catacount,Neota
14844,3292,201,30,190,32,2291,193,249,173,3698,Spruce_Fir,Catacount,Neota
14845,3235,185,16,30,-12,2470,221,249,156,3755,Spruce_Fir,Cryaquolis,Neota
14846,3343,227,18,499,-9,1570,192,254,194,3993,Spruce_Fir,Leighcan,Neota
14847,3358,126,10,212,29,849,238,233,125,4080,Lodgepole Pine,Catacount,Neota
14848,3337,60,17,90,-5,2419,231,202,99,4153,Spruce_Fir,Cryaquolis,Neota
14849,2682,163,18,242,47,3197,234,242,131,1838,Aspen,Catacount,Comanche Peak
14850,3336,199,18,658,191,1167,211,253,170,4307,Lodgepole Pine,Catacount,Neota
14851,2699,178,21,300,-89,2907,225,247,144,1784,Lodgepole Pine,Catacount,Comanche Peak
14852,3226,221,21,277,79,1337,190,254,194,4400,Spruce_Fir,Leighcan,Neota
14853,3163,220,14,108,16,1350,203,253,184,4510,Spruce_Fir,Leighcan,Neota
14854,3194,152,16,417,92,297,238,239,126,4427,Lodgepole Pine,Leighcan,Neota
14855,2770,180,9,153,34,1015,224,246,155,424,Lodgepole Pine,Cryorthents,Comanche Peak
14856,3153,52,12,150,11,1233,226,215,121,4833,Spruce_Fir,Leighcan,Neota
14857,2613,161,16,30,-10,3284,234,242,134,2563,Spruce_Fir,Cryaquolis,Comanche Peak
14858,2578,198,23,190,71,1894,206,252,170,1653,Ponderosa Pine,Vanet,Comanche Peak
14859,3308,23,13,309,17,1694,212,213,135,4943,Spruce_Fir,Leighcan,Neota
14860,2541,200,8,90,8,2156,217,247,165,2037,Ponderosa Pine,Vanet,Comanche Peak
14861,2520,188,5,0,0,2343,220,244,159,2249,Douglas-fir,Cryaquolis,Comanche Peak
14862,2576,209,29,234,71,1340,185,251,186,1194,Lodgepole Pine,Haploborolis,Comanche Peak
14863,2521,104,4,60,-2,2391,226,234,143,2314,Douglas-fir,Cryaquolis,Comanche Peak
14864,2507,225,11,0,0,1678,206,250,181,1605,Douglas-fir,Cryaquolis,Comanche Peak
14865,3319,50,17,551,28,1461,226,200,102,5109,Spruce_Fir,Leighcan,Neota
14866,2521,165,11,0,0,2059,230,244,144,2012,Douglas-fir,Cryaquolis,Comanche Peak
14867,2622,187,29,323,139,1022,209,246,150,960,Lodgepole Pine,Haploborolis,Comanche Peak
14868,2698,203,19,60,-13,782,207,253,174,716,Lodgepole Pine,Haploborolis,Comanche Peak
14869,3131,125,11,190,33,108,239,232,121,4718,Lodgepole Pine,Leighcan,Neota
14870,2515,33,14,30,3,1897,216,209,125,1889,Douglas-fir,Cryaquolis,Comanche Peak
14871,2543,56,14,108,-15,2278,228,211,113,2315,Lodgepole Pine,Catacount,Comanche Peak
14872,2491,9,6,30,3,1254,214,228,152,1398,Douglas-fir,Catacount,Comanche Peak
14873,2510,355,8,0,0,1426,207,226,157,1622,Douglas-fir,Catacount,Comanche Peak
14874,3162,90,13,201,30,457,239,219,109,5466,Spruce_Fir,Cryaquolis,Neota
14875,2641,17,19,201,35,2614,200,196,128,2507,Lodgepole Pine,Catacount,Comanche Peak
14876,2444,211,4,0,0,242,216,244,164,973,Douglas-fir,Cryaquolis,Comanche Peak
14877,2575,132,11,67,16,1020,238,234,124,1626,Lodgepole Pine,Vanet,Comanche Peak
14878,2580,142,6,85,2,892,229,239,143,1445,Ponderosa Pine,Catacount,Comanche Peak
14879,2580,180,1,134,6,592,219,239,157,1116,Lodgepole Pine,Catacount,Comanche Peak
14880,2580,193,3,127,14,582,219,242,159,1084,Lodgepole Pine,Catacount,Comanche Peak
14881,2724,63,12,0,0,1806,230,215,116,1831,Lodgepole Pine,Catacount,Comanche Peak
14882,2828,268,15,331,37,2295,179,245,204,1822,Lodgepole Pine,Catacount,Comanche Peak
14883,2547,111,6,0,0,721,230,234,137,1114,Douglas-fir,Catacount,Comanche Peak
14884,2956,211,1,331,84,3433,218,240,159,2355,Lodgepole Pine,Vanet,Comanche Peak
14885,2688,0,0,182,-5,1477,218,238,156,1630,Lodgepole Pine,Catacount,Comanche Peak
14886,2796,6,9,30,-6,1992,210,223,151,1570,Lodgepole Pine,Catacount,Comanche Peak
14887,2842,23,13,420,39,2402,212,213,135,1643,Lodgepole Pine,Catacount,Comanche Peak
14888,2515,83,26,42,10,721,245,184,51,930,Lodgepole Pine,Catacount,Comanche Peak
14889,2413,115,32,0,0,518,254,190,36,553,Douglas-fir,Vanet,Comanche Peak
14890,2396,116,27,0,0,514,254,202,56,531,Douglas-fir,Vanet,Comanche Peak
14891,2445,260,35,120,55,433,117,234,242,417,Ponderosa Pine,Vanet,Comanche Peak
14892,2404,109,31,30,-25,547,254,188,37,573,Douglas-fir,Vanet,Comanche Peak
14893,2400,171,7,124,3,0,226,244,151,162,Douglas-fir,Vanet,Comanche Peak
14894,2383,69,19,60,2,603,236,200,88,595,Douglas-fir,Catacount,Comanche Peak
14895,2884,204,20,95,16,3334,205,254,176,1978,Lodgepole Pine,Catacount,Comanche Peak
14896,2405,53,28,67,23,661,222,168,62,642,Douglas-fir,Catacount,Comanche Peak
14897,2364,205,18,42,12,30,207,253,176,124,Douglas-fir,Vanet,Comanche Peak
14898,2429,58,31,108,47,696,224,160,46,684,Douglas-fir,Catacount,Comanche Peak
14899,2645,105,3,201,59,1252,224,236,147,1493,Lodgepole Pine,Catacount,Comanche Peak
14900,2363,79,15,0,0,67,239,211,98,242,Douglas-fir,Pachic Argiborolis,Comanche Peak
14901,2739,117,14,218,43,1864,243,227,110,1180,Lodgepole Pine,Catacount,Comanche Peak
14902,2380,27,8,0,0,162,217,222,141,335,Douglas-fir,Pachic Argiborolis,Comanche Peak
14903,2604,104,30,30,9,1464,253,186,37,1333,Ponderosa Pine,Haploborolis,Comanche Peak
14904,2425,45,26,127,52,730,217,175,79,738,Douglas-fir,Catacount,Comanche Peak
14905,2412,277,19,180,59,182,167,240,212,150,Douglas-fir,Vanet,Comanche Peak
14906,2401,274,25,150,48,192,146,237,226,162,Douglas-fir,Vanet,Comanche Peak
14907,2578,8,19,134,26,1008,195,199,138,1106,Lodgepole Pine,Catacount,Comanche Peak
14908,2470,28,31,255,89,859,192,158,84,849,Douglas-fir,Catacount,Comanche Peak
14909,2335,252,11,30,-1,180,196,248,190,201,Douglas-fir,Haploborolis,Comanche Peak
14910,2828,155,27,85,23,2536,239,230,102,1154,Lodgepole Pine,Catacount,Comanche Peak
14911,2851,96,26,153,46,2630,251,192,53,1173,Lodgepole Pine,Catacount,Comanche Peak
14912,2633,93,19,124,47,1612,246,207,81,1173,Ponderosa Pine,Haploborolis,Comanche Peak
14913,2467,14,30,190,24,702,177,164,110,825,Douglas-fir,Catacount,Comanche Peak
14914,2685,119,14,127,32,1894,244,227,108,997,Lodgepole Pine,Catacount,Comanche Peak
14915,2832,101,26,124,27,2631,252,194,53,1107,Lodgepole Pine,Catacount,Comanche Peak
14916,2549,235,26,30,6,1570,166,252,214,1188,Lodgepole Pine,Haploborolis,Comanche Peak
14917,2342,164,10,0,0,182,229,243,146,212,Douglas-fir,Catacount,Comanche Peak
14918,2547,230,40,95,47,1575,131,240,220,1200,Ponderosa Pine,Haploborolis,Comanche Peak
14919,2572,54,16,404,8,1061,228,203,104,1170,Lodgepole Pine,Catacount,Comanche Peak
14920,2425,172,5,0,0,630,223,242,154,660,Ponderosa Pine,Haploborolis,Comanche Peak
14921,2706,53,14,60,5,2188,227,209,112,564,Lodgepole Pine,Catacount,Comanche Peak
14922,2467,206,15,0,0,1482,210,253,175,1087,Douglas-fir,Cryaquolis,Comanche Peak
14923,2743,218,27,0,0,2876,179,253,198,1209,Lodgepole Pine,Vanet,Comanche Peak
14924,2581,202,23,170,65,1230,203,253,174,1266,Ponderosa Pine,Haploborolis,Comanche Peak
14925,2531,226,27,162,88,1295,172,253,206,1262,Ponderosa Pine,Haploborolis,Comanche Peak
14926,2549,199,27,108,33,1206,200,251,170,1310,Ponderosa Pine,Haploborolis,Comanche Peak
14927,2542,163,9,0,0,1473,229,243,146,711,Douglas-fir,Haploborolis,Comanche Peak
14928,2547,189,17,42,10,1441,219,250,160,765,Ponderosa Pine,Haploborolis,Comanche Peak
14929,2652,149,14,42,3,1761,237,239,128,335,Ponderosa Pine,Vanet,Comanche Peak
14930,2353,61,18,42,7,430,232,199,93,537,Lodgepole Pine,Catacount,Comanche Peak
14931,2767,243,37,351,122,3164,125,240,233,1574,Ponderosa Pine,Vanet,Comanche Peak
14932,2689,114,16,30,-7,1890,245,223,102,212,Ponderosa Pine,Catacount,Comanche Peak
14933,2517,13,27,60,5,1240,183,173,117,794,Douglas-fir,Catacount,Comanche Peak
14934,2507,31,23,42,17,1209,206,182,102,853,Douglas-fir,Catacount,Comanche Peak
14935,2420,162,7,0,0,1082,227,242,148,1150,Douglas-fir,Cryaquolis,Comanche Peak
14936,2556,174,18,430,182,819,228,246,142,918,Ponderosa Pine,Haploborolis,Comanche Peak
14937,2711,232,33,301,77,3160,148,247,219,1595,Ponderosa Pine,Vanet,Comanche Peak
14938,2798,155,18,390,170,3020,238,238,122,1445,Ponderosa Pine,Vanet,Comanche Peak
14939,2617,124,13,95,9,1485,241,231,117,379,Ponderosa Pine,Catacount,Comanche Peak
14940,2509,195,30,360,135,888,199,248,164,1082,Ponderosa Pine,Haploborolis,Comanche Peak
14941,2471,186,16,175,67,972,221,250,157,1332,Ponderosa Pine,Haploborolis,Comanche Peak
14942,2531,187,24,390,157,769,215,249,154,934,Ponderosa Pine,Haploborolis,Comanche Peak
14943,2443,234,22,85,39,960,178,253,206,1261,Ponderosa Pine,Haploborolis,Comanche Peak
14944,2737,104,7,277,91,2648,232,231,131,1112,Ponderosa Pine,Vanet,Comanche Peak
14945,2641,108,13,108,36,1476,242,224,109,218,Ponderosa Pine,Vanet,Comanche Peak
14946,2583,91,35,42,13,1406,248,164,0,306,Ponderosa Pine,Vanet,Comanche Peak
14947,2559,183,16,0,0,1316,223,249,154,424,Ponderosa Pine,Vanet,Comanche Peak
14948,2549,102,23,277,59,1026,251,202,66,815,Ponderosa Pine,Vanet,Comanche Peak
14949,2401,114,15,42,7,845,244,224,105,1116,Ponderosa Pine,Vanet,Comanche Peak
14950,2614,134,14,124,25,1398,242,232,117,283,Ponderosa Pine,Vanet,Comanche Peak
14951,2351,103,22,277,77,272,250,207,74,902,Ponderosa Pine,Haploborolis,Comanche Peak
14952,2530,228,26,30,1,1191,174,253,206,513,Ponderosa Pine,Vanet,Comanche Peak
14953,2396,337,8,0,0,752,203,229,165,1165,Douglas-fir,Catacount,Comanche Peak
14954,2407,266,3,85,0,684,211,241,167,990,Ponderosa Pine,Vanet,Comanche Peak
14955,2517,127,12,0,0,1195,240,232,120,497,Ponderosa Pine,Vanet,Comanche Peak
14956,2402,3,12,30,10,725,204,217,150,1140,Douglas-fir,Catacount,Comanche Peak
14957,2468,65,25,190,74,816,234,182,65,990,Douglas-fir,Catacount,Comanche Peak
14958,2532,224,30,90,12,1064,167,251,207,631,Ponderosa Pine,Vanet,Comanche Peak
14959,2363,176,14,0,0,612,226,247,150,994,Douglas-fir,Cryaquolis,Comanche Peak
14960,2709,175,11,256,103,2568,226,246,151,1144,Ponderosa Pine,Vanet,Comanche Peak
14961,2517,218,18,0,0,1794,198,254,188,446,Ponderosa Pine,Vanet,Comanche Peak
14962,2525,233,23,85,32,1003,176,253,207,685,Ponderosa Pine,Vanet,Comanche Peak
14963,2551,136,25,234,67,870,249,220,83,847,Ponderosa Pine,Vanet,Comanche Peak
14964,2362,89,24,30,7,560,248,194,61,957,Douglas-fir,Vanet,Comanche Peak
14965,2591,80,21,67,4,3030,242,198,76,1177,Douglas-fir,Catacount,Comanche Peak
14966,2661,244,32,85,55,2737,141,245,229,1114,Ponderosa Pine,Vanet,Comanche Peak
14967,2657,91,16,309,100,2184,243,214,97,805,Ponderosa Pine,Vanet,Comanche Peak
14968,2583,96,28,170,26,2012,251,187,44,649,Douglas-fir,Catacount,Comanche Peak
14969,2380,90,27,60,25,541,249,187,49,949,Douglas-fir,Vanet,Comanche Peak
14970,2596,66,22,85,13,3024,235,190,75,1148,Douglas-fir,Catacount,Comanche Peak
14971,2596,99,30,212,39,2032,252,183,35,691,Douglas-fir,Vanet,Comanche Peak
14972,2571,146,11,150,39,1945,235,239,134,618,Douglas-fir,Catacount,Comanche Peak
14973,2529,95,26,90,11,1860,250,192,54,552,Douglas-fir,Catacount,Comanche Peak
14974,2493,101,14,30,0,1065,243,220,103,618,Ponderosa Pine,Vanet,Comanche Peak
14975,2426,81,15,201,29,577,239,212,99,1019,Douglas-fir,Vanet,Comanche Peak
14976,2350,100,12,0,0,495,239,224,113,890,Douglas-fir,Cryaquolis,Comanche Peak
14977,2500,193,22,0,0,1289,212,251,163,470,Ponderosa Pine,Vanet,Comanche Peak
14978,2446,66,21,242,49,582,235,192,78,1040,Douglas-fir,Catacount,Comanche Peak
14979,2587,72,15,85,5,2954,236,210,102,1072,Douglas-fir,Catacount,Comanche Peak
14980,2650,159,25,272,126,2190,237,235,113,875,Ponderosa Pine,Vanet,Comanche Peak
14981,2506,211,15,30,4,1641,207,253,178,485,Ponderosa Pine,Vanet,Comanche Peak
14982,2351,95,18,90,6,309,246,210,86,693,Ponderosa Pine,Vanet,Comanche Peak
14983,2334,116,11,30,0,285,240,229,118,713,Ponderosa Pine,Vanet,Comanche Peak
14984,2528,54,25,108,34,1768,225,179,74,607,Douglas-fir,Vanet,Comanche Peak
14985,2491,161,14,134,3,1060,233,242,136,661,Ponderosa Pine,Vanet,Comanche Peak
14986,2598,181,35,150,74,2377,208,236,131,960,Ponderosa Pine,Vanet,Comanche Peak
14987,2470,179,13,0,0,1558,225,247,152,553,Douglas-fir,Vanet,Comanche Peak
14988,2486,142,23,60,5,1300,246,228,98,560,Ponderosa Pine,Vanet,Comanche Peak
14989,2501,219,12,120,33,757,206,251,180,924,Ponderosa Pine,Vanet,Comanche Peak
14990,2476,180,21,67,7,1348,223,248,147,577,Ponderosa Pine,Vanet,Comanche Peak
14991,2496,225,13,95,38,741,201,252,185,942,Ponderosa Pine,Vanet,Comanche Peak
14992,2470,186,2,30,0,1513,219,240,157,607,Douglas-fir,Catacount,Comanche Peak
14993,2468,96,17,30,3,859,245,214,92,849,Ponderosa Pine,Vanet,Comanche Peak
14994,2545,187,26,42,19,2423,212,248,153,859,Ponderosa Pine,Vanet,Comanche Peak
14995,2453,165,22,30,-3,1332,233,241,128,636,Ponderosa Pine,Vanet,Comanche Peak
14996,2464,219,21,42,27,1101,192,254,192,711,Ponderosa Pine,Vanet,Comanche Peak
14997,2472,93,10,42,5,1530,237,224,118,671,Ponderosa Pine,Vanet,Comanche Peak
14998,2522,37,16,60,-13,2564,218,204,118,781,Douglas-fir,Catacount,Comanche Peak
14999,2460,52,8,0,0,1406,225,222,131,690,Douglas-fir,Vanet,Comanche Peak
15000,2542,29,22,95,6,2621,207,187,108,751,Douglas-fir,Catacount,Comanche Peak
15001,2516,160,18,95,14,1756,236,241,128,805,Ponderosa Pine,Vanet,Comanche Peak
15002,2539,9,19,85,12,2499,195,198,136,726,Douglas-fir,Catacount,Comanche Peak
15003,2466,162,1,0,0,1485,219,238,156,755,Douglas-fir,Vanet,Comanche Peak
15004,2436,72,18,42,-1,983,238,202,88,860,Douglas-fir,Vanet,Comanche Peak
15005,2428,272,14,0,0,878,182,244,200,983,Douglas-fir,Catacount,Comanche Peak
15006,2358,119,15,170,35,170,245,225,105,671,Ponderosa Pine,Vanet,Comanche Peak
15007,2437,225,6,30,0,815,212,245,170,1040,Douglas-fir,Catacount,Comanche Peak
15008,2370,107,17,175,48,201,247,217,92,713,Ponderosa Pine,Vanet,Comanche Peak
15009,2493,22,18,90,4,1921,206,198,125,872,Douglas-fir,Catacount,Comanche Peak
15010,2522,28,22,85,22,1831,205,185,107,942,Douglas-fir,Catacount,Comanche Peak
15011,2514,27,21,67,14,1801,205,189,112,966,Douglas-fir,Catacount,Comanche Peak
15012,2408,83,23,30,5,693,245,194,67,1134,Ponderosa Pine,Vanet,Comanche Peak
15013,2533,15,24,150,58,2070,190,181,119,743,Douglas-fir,Catacount,Comanche Peak
15014,2514,5,19,90,24,1560,192,199,141,947,Douglas-fir,Catacount,Comanche Peak
15015,2596,273,12,362,74,2466,188,243,195,532,Ponderosa Pine,Vanet,Comanche Peak
15016,2605,28,12,335,78,2452,215,213,133,514,Lodgepole Pine,Vanet,Comanche Peak
15017,2534,7,26,120,34,1710,180,180,128,1008,Douglas-fir,Catacount,Comanche Peak
15018,2521,17,17,134,31,1500,204,203,132,967,Douglas-fir,Catacount,Comanche Peak
15019,2570,225,11,376,71,2461,206,250,181,582,Ponderosa Pine,Vanet,Comanche Peak
15020,2610,104,7,362,92,2385,232,231,131,450,Ponderosa Pine,Vanet,Comanche Peak
15021,2483,358,18,180,55,842,191,205,150,1154,Ponderosa Pine,Vanet,Comanche Peak
15022,2539,346,15,339,64,1263,191,216,163,1057,Ponderosa Pine,Catacount,Comanche Peak
15023,2584,15,18,277,95,1984,201,200,132,716,Douglas-fir,Catacount,Comanche Peak
15024,2615,274,9,391,140,2270,195,243,187,417,Ponderosa Pine,Vanet,Comanche Peak
15025,2601,35,15,272,101,1806,217,206,121,859,Douglas-fir,Catacount,Comanche Peak
15026,2577,26,19,270,87,1567,208,195,117,1082,Douglas-fir,Catacount,Comanche Peak
15027,2428,138,12,90,34,503,239,236,125,960,Ponderosa Pine,Vanet,Comanche Peak
15028,2360,127,26,60,19,335,252,213,72,781,Ponderosa Pine,Vanet,Comanche Peak
15029,2346,124,21,30,5,309,250,220,87,751,Ponderosa Pine,Vanet,Comanche Peak
15030,2580,234,22,371,113,2293,178,253,206,376,Ponderosa Pine,Vanet,Comanche Peak
15031,2430,93,29,95,43,713,250,183,40,1170,Ponderosa Pine,Vanet,Comanche Peak
15032,2609,14,12,300,7,1723,209,216,143,920,Douglas-fir,Catacount,Comanche Peak
15033,2344,63,16,30,8,342,232,207,102,751,Ponderosa Pine,Vanet,Comanche Peak
15034,2608,306,18,379,108,1905,169,227,197,741,Ponderosa Pine,Vanet,Comanche Peak
15035,2615,18,10,277,13,1727,212,219,143,911,Douglas-fir,Catacount,Comanche Peak
15036,2601,35,15,212,0,1578,217,206,121,1055,Douglas-fir,Catacount,Comanche Peak
15037,2549,189,23,323,91,2190,214,250,158,256,Ponderosa Pine,Vanet,Comanche Peak
15038,2574,7,10,228,-23,1347,208,220,149,1231,Ponderosa Pine,Vanet,Comanche Peak
15039,2526,173,26,342,68,2147,226,242,131,210,Ponderosa Pine,Vanet,Comanche Peak
15040,2580,232,28,360,154,2126,163,251,214,277,Ponderosa Pine,Vanet,Comanche Peak
15041,2622,34,7,212,20,1707,219,224,141,924,Ponderosa Pine,Vanet,Comanche Peak
15042,2389,133,15,67,19,511,243,231,112,883,Ponderosa Pine,Vanet,Comanche Peak
15043,2492,222,31,285,66,2051,166,250,204,134,Ponderosa Pine,Vanet,Comanche Peak
15044,2356,90,8,0,0,458,232,228,129,750,Douglas-fir,Pachic Argiborolis,Comanche Peak
15045,2494,146,20,212,48,2037,243,233,110,108,Ponderosa Pine,Vanet,Comanche Peak
15046,2622,260,12,335,18,1855,191,246,194,696,Ponderosa Pine,Vanet,Comanche Peak
15047,2633,117,3,277,29,1833,225,236,146,755,Ponderosa Pine,Vanet,Comanche Peak
15048,2489,207,29,212,63,1986,188,251,182,134,Ponderosa Pine,Vanet,Comanche Peak
15049,2613,90,10,60,9,1690,235,224,120,960,Ponderosa Pine,Vanet,Comanche Peak
15050,2579,101,11,30,-4,1461,239,225,115,1200,Ponderosa Pine,Vanet,Comanche Peak
15051,2537,142,11,120,-11,1209,236,238,131,1465,Ponderosa Pine,Vanet,Comanche Peak
15052,2473,127,28,90,13,967,253,209,64,1354,Ponderosa Pine,Vanet,Comanche Peak
15053,2488,132,30,67,28,1034,251,209,62,1419,Ponderosa Pine,Vanet,Comanche Peak
15054,2395,349,32,95,27,607,145,169,150,875,Douglas-fir,Catacount,Comanche Peak
15055,2565,114,11,0,0,1426,240,229,118,1260,Ponderosa Pine,Vanet,Comanche Peak
15056,2460,22,11,42,1,1936,213,217,139,365,Ponderosa Pine,Catacount,Comanche Peak
15057,2607,187,8,376,194,1744,221,246,159,633,Ponderosa Pine,Vanet,Comanche Peak
15058,2397,51,21,30,-3,828,225,190,89,1148,Douglas-fir,Catacount,Comanche Peak
15059,2432,137,10,30,-9,1884,236,236,130,256,Douglas-fir,Cryaquolis,Comanche Peak
15060,2426,189,9,0,0,1774,221,247,160,212,Douglas-fir,Vanet,Comanche Peak
15061,2561,209,28,255,148,1690,186,252,186,560,Ponderosa Pine,Vanet,Comanche Peak
15062,2481,3,18,242,115,644,194,204,145,841,Ponderosa Pine,Catacount,Comanche Peak
15063,2422,230,7,0,0,1746,209,247,175,216,Douglas-fir,Cryaquolis,Comanche Peak
15064,2423,164,7,0,0,1744,227,242,149,234,Douglas-fir,Cryaquolis,Comanche Peak
15065,2419,209,24,0,0,1731,194,254,184,300,Douglas-fir,Cryaquolis,Comanche Peak
15066,2603,192,18,297,0,1560,216,251,162,830,Ponderosa Pine,Vanet,Comanche Peak
15067,2437,14,15,150,5,914,204,207,137,1194,Douglas-fir,Vanet,Comanche Peak
15068,2451,318,14,201,50,845,184,227,183,1075,Douglas-fir,Vanet,Comanche Peak
15069,2446,41,27,67,14,1719,212,170,78,268,Ponderosa Pine,Catacount,Comanche Peak
15070,2555,217,31,242,135,1570,170,250,198,702,Ponderosa Pine,Vanet,Comanche Peak
15071,2523,210,30,190,119,1513,182,251,187,725,Ponderosa Pine,Vanet,Comanche Peak
15072,2462,34,19,120,39,1597,214,196,112,351,Ponderosa Pine,Catacount,Comanche Peak
15073,2487,197,24,240,-62,1273,207,252,168,1361,Ponderosa Pine,Vanet,Comanche Peak
15074,2434,225,35,30,23,1518,151,247,212,576,Ponderosa Pine,Vanet,Comanche Peak
15075,2453,213,34,42,33,1509,170,248,193,600,Ponderosa Pine,Vanet,Comanche Peak
15076,2430,143,22,256,60,1200,245,229,101,1583,Ponderosa Pine,Vanet,Comanche Peak
15077,2415,255,14,342,48,1110,187,248,199,1441,Ponderosa Pine,Vanet,Comanche Peak
15078,2524,34,22,30,4,1550,211,186,102,558,Ponderosa Pine,Catacount,Comanche Peak
15079,2497,180,31,240,92,1224,215,240,135,1142,Ponderosa Pine,Vanet,Comanche Peak
15080,2420,167,23,190,50,1142,232,241,128,1509,Ponderosa Pine,Vanet,Comanche Peak
15081,2487,44,27,255,79,1415,215,171,75,532,Ponderosa Pine,Catacount,Comanche Peak
15082,2391,213,10,30,-6,1338,211,250,174,765,Douglas-fir,Cryaquolis,Comanche Peak
15083,2436,53,24,175,29,1366,225,182,78,618,Ponderosa Pine,Catacount,Comanche Peak
15084,2588,350,24,30,14,1434,169,192,156,659,Ponderosa Pine,Catacount,Comanche Peak
15085,2414,27,13,134,10,1323,214,211,130,708,Ponderosa Pine,Catacount,Comanche Peak
15086,2404,353,16,108,6,1310,190,210,157,745,Ponderosa Pine,Catacount,Comanche Peak
15087,2419,203,20,60,12,1207,206,253,175,990,Ponderosa Pine,Vanet,Comanche Peak
15088,2433,178,24,90,28,1155,222,246,142,1091,Ponderosa Pine,Vanet,Comanche Peak
15089,2603,355,19,134,63,1377,186,204,153,636,Ponderosa Pine,Catacount,Comanche Peak
15090,2499,43,34,277,92,1321,204,145,50,636,Ponderosa Pine,Catacount,Comanche Peak
15091,2417,194,21,42,12,1154,211,252,165,1057,Ponderosa Pine,Vanet,Comanche Peak
15092,2614,4,18,150,58,1347,193,201,143,664,Ponderosa Pine,Catacount,Comanche Peak
15093,2529,43,33,319,122,1293,205,148,54,655,Ponderosa Pine,Catacount,Comanche Peak
15094,2404,194,4,0,0,1154,219,243,160,1026,Douglas-fir,Cryaquolis,Comanche Peak
15095,2426,14,30,67,20,1071,178,166,111,1084,Douglas-fir,Catacount,Comanche Peak
15096,2410,19,22,30,10,1006,197,186,119,1200,Douglas-fir,Catacount,Comanche Peak
15097,2478,38,32,192,77,1110,203,154,66,942,Douglas-fir,Vanet,Comanche Peak
15098,2653,343,10,192,41,1216,200,225,163,825,Ponderosa Pine,Catacount,Comanche Peak
15099,2661,8,7,234,45,1158,212,226,152,882,Ponderosa Pine,Catacount,Comanche Peak
15100,2514,34,33,256,110,1015,195,150,69,1032,Douglas-fir,Catacount,Comanche Peak
15101,2519,341,22,467,118,1006,168,201,169,959,Ponderosa Pine,Catacount,Comanche Peak
15102,2496,32,23,150,-22,883,208,182,99,1252,Douglas-fir,Catacount,Comanche Peak
15103,2576,43,21,283,-23,953,219,189,96,1075,Ponderosa Pine,Catacount,Comanche Peak
15104,2563,23,31,85,-10,816,186,158,91,1260,Douglas-fir,Catacount,Comanche Peak
15105,2566,259,10,421,-33,853,196,246,189,1110,Ponderosa Pine,Vanet,Comanche Peak
15106,2480,10,21,150,38,607,193,194,133,1436,Douglas-fir,Catacount,Comanche Peak
15107,2656,66,11,524,35,883,231,217,117,1084,Ponderosa Pine,Catacount,Comanche Peak
15108,2600,293,14,330,0,812,179,236,197,1170,Ponderosa Pine,Vanet,Comanche Peak
15109,2593,38,21,120,-6,769,215,190,101,1266,Ponderosa Pine,Catacount,Comanche Peak
15110,2600,57,19,0,0,731,229,197,93,1332,Douglas-fir,Catacount,Comanche Peak
15111,2508,33,26,67,1,644,204,173,91,1385,Douglas-fir,Catacount,Comanche Peak
15112,2610,59,17,60,10,674,231,202,98,1328,Douglas-fir,Catacount,Comanche Peak
15113,2600,38,25,124,0,589,212,178,89,1261,Douglas-fir,Catacount,Comanche Peak
15114,2688,104,15,443,10,805,245,219,99,1266,Ponderosa Pine,Catacount,Comanche Peak
15115,2670,108,12,624,24,730,241,225,112,1231,Ponderosa Pine,Catacount,Comanche Peak
15116,2607,243,23,258,7,660,170,251,214,1282,Ponderosa Pine,Vanet,Comanche Peak
15117,2603,121,19,633,195,618,249,221,91,1325,Ponderosa Pine,Vanet,Comanche Peak
15118,2492,134,25,365,117,335,250,220,83,1187,Ponderosa Pine,Vanet,Comanche Peak
15119,2487,167,28,218,101,242,229,237,119,932,Ponderosa Pine,Vanet,Comanche Peak
15120,2475,197,34,319,78,270,189,244,164,914,Ponderosa Pine,Vanet,Comanche Peak
